0.000000	0.000000	0.000000
0.748554	0.731695	0.680277
1.532875	0.768593	1.680347
2.318147	0.038224	2.468379
1.535376	0.115739	4.467758
1.258727	0.728152	6.373196
1.423688	1.013950	8.351729
2.207223	-0.182003	9.956697
2.995636	-2.168591	10.248076
3.029912	-4.165910	10.462188
3.274041	-6.155784	10.177830
3.819058	-7.716806	8.921244
3.033880	-9.705027	9.139273
2.250998	-10.962853	10.685382
1.595397	-11.020150	12.677174
2.381120	-12.466733	14.057494
2.210805	-13.668779	15.652554
2.869729	-15.599063	16.184495
3.520486	-17.460593	15.440929
4.304782	-17.857258	14.519929
3.516327	-18.784312	14.158752
3.947446	-20.170725	12.707920
3.858298	-21.681286	11.395771
3.924788	-23.102661	9.974618
3.372791	-25.040328	9.490737
3.301643	-27.018298	9.159004
3.311187	-28.984294	8.825053
2.745898	-30.834790	9.577049
2.762726	-32.695642	10.298830
1.980433	-33.486430	12.115854
1.891586	-34.123498	14.017031
2.676044	-35.908763	14.919351
2.300925	-37.250625	16.393333
2.292575	-38.573749	17.897154
2.283718	-39.880274	19.418803
3.051076	-41.868060	19.601261
3.053254	-43.859460	19.785701
3.055790	-45.855765	19.954033
3.751600	-47.493483	18.808314
4.392851	-48.122490	16.899034
4.515248	-48.513142	14.941205
3.731590	-50.176971	13.834688
4.031716	-51.446430	12.285798
4.050383	-52.681634	10.700814
3.865358	-54.184304	9.389158
3.322066	-56.138543	9.012598
3.273476	-58.128888	8.767545
3.267122	-60.120480	8.526621
2.683164	-61.907070	9.378013
2.682093	-63.705005	10.275224
1.896904	-64.345989	12.169902
1.884400	-64.960619	14.069797
2.669820	-66.746583	14.974396
2.283740	-68.052399	16.491511
2.288112	-69.369232	17.997259
2.285416	-70.684118	19.505643
3.038110	-72.673044	19.714813
3.037772	-74.659797	19.927163
3.037402	-76.650260	20.138046
3.627176	-78.422983	19.202404
3.621427	-80.195002	18.278986
4.406832	-80.795625	16.367761
4.427487	-81.360612	14.446106
3.645743	-83.115472	13.485671
4.006163	-84.407875	11.958864
4.011714	-85.701638	10.434541
4.012845	-86.995034	8.907196
3.250395	-88.983883	8.694210
3.248254	-90.971847	8.480864
3.247093	-92.960810	8.267662
2.654608	-94.726294	9.204874
1.892228	-95.352685	11.102654
1.891879	-95.982540	13.002447
2.675047	-97.770445	13.897020
3.462018	-99.669415	13.268978
4.020856	-100.942467	11.729092
4.023726	-102.216087	10.187068
3.282726	-104.195897	9.905800
3.277308	-106.174717	9.624737
3.283420	-108.155062	9.344815
2.695198	-109.957882	10.211145
1.916186	-110.634643	12.092415
1.931696	-111.338512	13.962940
2.717193	-113.161398	14.785888
2.305571	-114.505992	16.267974
2.305792	-115.848343	17.752191
2.308611	-117.196585	19.229639
2.308173	-118.540719	20.709551
2.309739	-119.883948	22.190319
2.303667	-121.226645	23.674421
2.302453	-122.563006	25.160063
2.308249	-123.904456	26.642370
2.300087	-125.241082	28.131123
2.303639	-126.577996	29.619084
2.295838	-127.900394	31.121813
2.316068	-129.250445	32.597870
2.308769	-130.591335	34.079861
2.833909	-132.497013	34.684692
2.838384	-134.405487	35.284872
2.835575	-136.310908	35.889556
2.832607	-138.216084	36.496690
2.050134	-138.671442	37.390026
1.268722	-138.077382	39.286591
0.485031	-136.312113	40.215681
-0.294274	-134.402581	39.635528
-0.297991	-132.488986	39.046881
-0.299257	-130.582800	38.457805
-0.298757	-128.671129	37.877626
-0.299140	-126.756937	37.291716
-0.293582	-124.845918	36.711580
-0.298274	-122.931867	36.121301
-0.296683	-121.016922	35.550044
-0.293246	-119.105921	34.952037
-0.301310	-117.192641	34.366661
-0.294942	-115.287022	33.758389
-0.295413	-113.371189	33.178807
-0.295755	-111.462386	32.573756
-0.295071	-109.552405	31.978496
-0.294503	-107.636940	31.400253
-0.294702	-105.721460	30.820174
-0.293895	-103.805139	30.242422
-0.294705	-101.890597	29.664333
-0.296114	-99.975341	29.088149
-0.293041	-98.060487	28.510673
-0.293179	-96.146356	27.932446
-0.295355	-94.232390	27.355221
-0.292911	-92.317009	26.777004
-0.292948	-90.400909	26.199848
-0.293536	-88.488117	25.619683
-0.293768	-86.574792	25.040726
-0.293409	-84.660871	24.462409
-0.293310	-82.745199	23.882904
-0.291886	-80.829842	23.306385
-0.282595	-78.881338	22.823500
-0.298729	-76.984355	21.848285
-0.285308	-75.106557	21.328871
-0.299994	-73.263860	20.475989
-0.281559	-71.295429	20.086771
-0.290571	-69.382523	19.609975
-0.297235	-67.513287	19.008292
-0.293318	-65.619244	18.411511
-0.298278	-63.721727	17.722519
-0.291674	-61.795816	17.202868
-0.279882	-59.883051	16.658559
-0.287451	-57.916479	16.148192
0.499029	-57.020533	16.692244
1.284089	-56.702255	17.647282
2.072389	-57.634026	19.403779
2.859580	-59.555915	19.936139
2.908732	-61.498957	20.391610
2.911245	-63.452729	20.864206
2.909414	-65.387678	21.313703
2.905547	-67.339042	21.767179
2.903647	-69.294009	22.223100
2.905008	-71.211725	22.698081
2.906987	-73.162223	23.161802
2.907726	-75.108290	23.638604
2.902111	-77.053813	24.101009
2.901074	-79.000864	24.573097
2.904873	-80.944206	25.045530
2.904634	-82.887470	25.518454
2.901429	-84.831540	25.990229
2.903266	-86.776198	26.461900
2.899751	-88.720244	26.931913
2.904742	-90.664365	27.404966
2.902068	-92.608059	27.878876
2.902665	-94.551622	28.349647
2.901495	-96.494359	28.822107
2.902961	-98.437318	29.291752
2.903435	-100.380128	29.762838
2.120899	-100.900586	30.617071
1.334178	-100.435754	32.562996
0.547362	-98.730481	33.605613
-0.237226	-96.786304	33.133407
-0.246856	-94.847471	32.649831
-0.244718	-92.906572	32.166828
-0.240951	-90.966305	31.684192
-0.243296	-89.025485	31.200744
-0.243515	-87.085403	30.717717
-0.247706	-85.144630	30.233533
-0.244469	-83.203763	29.750716
-0.243180	-81.262760	29.266329
-0.248236	-79.324348	28.782303
-0.242050	-77.383735	28.296483
-0.264939	-75.468773	27.753607
-0.259671	-73.514291	27.299329
-0.267142	-71.575028	26.821574
-0.274979	-69.664797	26.184807
-0.272696	-67.757833	25.596625
-0.274951	-65.803071	25.186049
-0.283077	-63.880023	24.592490
-0.291503	-62.000007	23.910394
-0.283412	-60.050616	23.502056
-0.285638	-58.142714	23.017223
-0.287996	-56.180578	22.589685
-0.288760	-54.240384	21.936783
-0.274830	-52.325622	21.404734
-0.263805	-50.389510	20.871496
-0.251528	-48.455462	20.408839
-0.246166	-46.525770	19.900077
-0.240846	-44.568527	19.437346
-0.227585	-42.666569	19.030045
-0.239196	-40.691813	18.541123
0.547631	-39.011232	19.606141
1.329843	-38.557462	21.514343
1.653409	-38.704471	23.522267
1.655663	-38.873893	25.481719
1.655911	-39.022360	27.440718
1.660787	-39.204853	29.434672
1.150238	-38.379610	31.292037
1.149299	-37.549711	33.111179
1.938937	-38.330416	34.961862
2.255145	-39.629993	36.517311
2.253913	-40.906839	38.055373
2.251252	-42.162570	39.610782
2.255327	-43.427500	41.172525
2.257037	-44.694925	42.719180
2.257290	-45.951872	44.273316
2.252943	-47.209731	45.825578
2.254664	-48.471551	47.374889
2.254884	-49.734903	48.923583
2.252735	-50.998736	50.475168
2.254871	-52.259191	52.027348
3.038388	-54.248988	52.232083
3.077040	-56.245291	52.358223
3.076886	-58.241083	52.486950
3.079621	-60.238525	52.614996
3.076352	-62.236141	52.740785
3.078100	-64.231059	52.869928
3.079495	-66.227339	52.998446
3.075970	-68.223469	53.125113
3.074460	-70.219101	53.252284
3.080498	-72.215898	53.381021
3.080277	-74.212842	53.509333
3.865247	-74.961905	52.846509
4.653375	-75.086264	50.851462
5.435882	-73.758133	49.355867
5.707257	-72.083067	48.261024
5.707720	-70.408459	47.166639
5.704733	-68.732924	46.071641
5.703589	-67.059595	44.978503
5.705116	-65.386422	43.885202
5.703177	-63.709896	42.791806
5.701683	-62.035431	41.701393
5.651525	-60.463497	40.554409
5.659992	-58.834922	39.456233
5.628361	-57.183325	38.316313
5.643844	-55.476040	37.161545
5.647109	-53.883817	35.937220
5.655699	-52.265804	34.760249
5.661180	-50.622820	33.626347
5.664059	-48.996456	32.487344
5.672542	-47.287628	31.402009
5.678389	-45.631270	30.275111
5.747315	-43.976245	29.230930
5.695001	-42.360255	28.053068
5.707874	-40.705826	26.930026
5.709140	-39.069900	25.798134
5.721636	-37.341178	24.797849
5.665584	-35.782910	23.610056
6.451432	-33.818275	23.966184
7.230947	-32.613515	25.575809
7.243091	-31.492792	27.180596
7.258244	-30.372983	28.858141
7.248234	-29.238410	30.462785
7.249764	-28.115582	32.122780
7.251628	-27.014353	33.752714
7.262140	-25.888441	35.431300
7.248283	-24.706730	37.050056
7.224852	-23.573640	38.657984
7.270168	-22.475211	40.320068
7.275893	-21.364635	41.964907
7.276719	-20.250517	43.639854
7.271964	-19.159414	45.308119
7.281340	-18.073740	46.994093
7.284399	-16.997563	48.683180
7.284348	-15.939743	50.383793
7.287757	-14.855722	52.070822
6.509013	-12.912893	52.512320
5.722408	-11.251820	51.466544
5.572003	-9.754936	50.177052
5.552883	-8.252284	48.814802
5.508897	-6.781753	47.380276
5.480225	-5.363114	45.881742
5.563676	-3.862115	44.548609
5.559697	-2.275819	43.164674
5.593149	-0.690704	41.868583
5.581866	0.871790	40.522062
5.582569	2.411593	39.184074
5.561546	3.911734	37.932223
5.548667	5.412245	36.549635
6.328131	7.423652	36.575054
5.857866	9.262857	35.727988
5.852232	11.101205	34.861425
5.853560	12.938711	34.052568
6.635511	14.774310	34.753377
7.098804	16.125053	36.238429
7.127499	17.459430	37.713364
6.380916	19.420118	37.917850
6.384974	21.415418	38.100490
6.382984	23.404624	38.276281
6.399056	25.386803	38.507098
6.391747	27.374385	38.741470
6.388294	29.369290	38.945036
6.362505	31.366049	39.081358
6.359556	33.352582	39.227079
6.374075	35.342493	39.405107
6.375246	37.340880	39.562570
6.382952	39.331323	39.790147
6.375885	41.332720	39.919492
6.383460	43.325237	40.095888
6.655393	45.186896	40.824919
6.662618	47.046270	41.561727
6.661372	48.904067	42.304769
6.663915	50.751367	43.073359
6.696121	52.583097	43.876086
6.666803	54.434516	44.636302
6.665144	56.294012	45.369034
6.650691	58.161432	46.088752
7.436784	58.976546	47.912756
7.955632	58.781839	49.893905
7.962118	58.576703	51.874103
7.957986	58.354578	53.866438
7.973011	58.124550	55.848950
7.954148	57.932091	57.841132
7.957671	57.734069	59.828232
7.961936	57.523414	61.813025
8.263822	56.744386	63.649132
8.253151	55.989311	65.492355
8.255202	55.189565	67.333958
8.260565	54.405716	69.168702
8.254990	53.630354	71.016170
8.255368	52.860272	72.853054
8.265288	52.074199	74.694834
8.242958	51.302714	76.546064
7.455227	52.091371	78.392026
6.761243	53.873987	79.310465
6.756182	55.664893	80.222351
6.761317	57.424570	81.141148
6.755109	59.224253	82.043633
6.752544	61.013806	82.947343
6.767971	62.788711	83.875795
6.753128	64.563623	84.789595
6.750959	66.348190	85.696155
6.749177	68.123542	86.611025
5.964914	69.069431	86.298560
5.178479	69.965921	84.526643
4.394120	69.340338	82.619686
3.884848	67.870342	81.255900
3.878397	66.387713	79.901991
3.890167	64.917221	78.544866
3.879427	63.439783	77.184114
3.891661	61.980374	75.814534
3.877966	60.492313	74.478945
3.833027	58.903056	73.233348
3.804453	57.339991	71.987877
3.957877	55.979598	70.530217
3.896780	54.527968	69.153194
3.905881	53.094892	67.769199
3.842781	51.613814	66.473203
3.851784	50.035405	65.201574
3.847788	48.554159	63.898715
3.836093	46.968132	62.614452
3.850469	45.453177	61.271111
3.846761	43.906924	60.021848
3.857807	42.398264	58.698202
3.859053	40.943454	57.411949
3.864077	39.469714	56.075060
3.853076	37.982429	54.761849
3.853899	36.461938	53.445448
3.843477	34.870116	52.178346
3.837786	33.330004	50.927018
3.836938	31.790019	49.600927
3.852640	30.315338	48.248917
3.878994	28.839605	46.926602
3.891863	27.411327	45.522922
3.889334	25.926387	44.176148
3.108153	23.910729	44.211627
2.325159	22.555563	45.637327
2.103764	21.528429	47.317313
2.091074	20.520791	49.079527
2.082759	19.505227	50.830609
1.539345	19.576935	52.838469
1.522373	19.660395	54.824195
1.511739	19.790042	56.826664
1.539307	19.849394	58.849634
1.530729	19.906335	60.827205
1.518843	19.997776	62.832809
1.532528	20.050189	64.841900
1.548221	20.092808	66.851261
1.620359	19.984964	68.844369
1.423474	20.272998	70.770004
1.523731	20.353140	72.771074
1.524901	20.440997	74.768068
1.525265	20.530150	76.767957
1.530060	20.582146	78.768240
1.528771	20.699353	80.767588
1.539284	20.762721	82.765177
1.532201	20.782673	84.764456
1.317153	21.230788	86.704935
1.308313	21.750735	88.634840
1.312778	22.248435	90.569269
1.313043	22.728877	92.506704
1.310121	23.246223	94.441123
1.309862	23.718128	96.379703
1.305000	24.266463	98.307295
1.305599	24.789448	100.236255
1.044320	25.783386	101.903837
1.062216	26.813226	103.642110
1.103247	27.820063	105.404458
1.115884	28.672333	107.210162
1.131038	29.505486	109.028296
1.128591	30.399816	110.828356
1.132978	31.215756	112.648186
1.130320	32.084279	114.447571
1.147101	32.941970	116.259923
1.140080	33.760083	118.079101
1.376533	34.136970	119.935941
2.034706	33.210950	121.735166
2.040649	32.304059	123.520614
2.043516	31.399240	125.298393
2.044073	30.466658	127.083739
2.034370	29.572162	128.873782
2.028564	28.686252	130.666713
2.038262	27.783051	132.451340
2.034355	26.885477	134.238575
2.067461	25.924495	135.992357
2.082074	24.936428	137.731372
2.120311	23.888318	139.431120
2.908651	22.912403	139.662413
3.688981	21.221981	138.625351
4.472918	20.753537	136.686561
4.524213	20.383210	134.721994
4.529547	20.031220	132.751743
4.516186	19.631732	130.788280
4.523015	19.280255	128.830275
4.530520	18.918094	126.843380
4.536268	18.568396	124.872484
4.549940	18.249780	122.898686
4.554959	17.957642	120.906186
4.570103	17.719408	118.894655
4.565476	17.412538	116.926528
4.640658	17.295311	115.007448
4.554349	16.889378	113.076720
4.572248	16.652627	111.069698
4.574133	16.400140	109.087469
4.575087	16.139649	107.108672
4.554651	15.762467	105.158617
4.370127	15.101518	103.267780
4.529126	14.741157	101.287670
4.545050	14.434460	99.294270
4.550195	14.082193	97.340297
4.579460	13.790165	95.363061
4.614436	13.540179	93.381086
4.636996	13.333445	91.394214
4.619970	13.154731	89.395079
4.537998	12.765919	87.436205
4.533613	12.395736	85.484162
4.542336	12.111114	83.479036
4.535214	11.796707	81.504209
4.531995	11.511070	79.527157
4.527057	11.185102	77.561367
4.529636	10.881276	75.582147
4.519692	10.570041	73.592678
4.490790	10.120222	71.587896
4.474656	9.620356	69.639515
4.471883	9.231170	67.704121
4.473701	8.750840	65.731568
4.460925	8.253491	63.823076
4.467846	7.778430	61.868847
4.468832	7.296279	59.962707
4.445973	6.767473	58.061084
4.458303	6.279480	56.112005
4.427745	5.707388	54.160919
3.642251	3.948786	53.220552
2.857076	2.034628	53.762557
2.190840	0.869809	55.406314
2.177334	-0.262898	57.073903
2.180857	-1.409954	58.690073
2.160593	-2.533463	60.310129
2.165105	-3.647835	61.960322
2.162519	-4.772786	63.611399
2.171206	-5.918412	65.247258
2.169703	-7.025757	66.909822
2.169595	-8.152309	68.559537
2.170714	-9.313827	70.182715
2.079391	-10.275158	71.859904
2.183815	-11.441479	73.482408
2.181247	-12.596421	75.116096
2.176689	-13.741477	76.756226
2.183409	-14.886978	78.394341
2.181386	-16.032835	80.033173
2.180847	-17.176205	81.671582
2.182982	-18.322103	83.309839
2.183051	-19.469775	84.948016
2.184347	-20.615078	86.587603
1.399485	-20.274091	88.558176
1.129819	-19.429013	90.373060
0.347185	-18.485311	90.710133
-0.437704	-16.675350	89.861830
-1.219553	-15.993470	87.981381
-1.390703	-15.635640	86.013523
-1.390894	-15.278092	84.045943
-1.390136	-14.922331	82.078681
-1.388832	-14.564457	80.110439
-1.360236	-14.143977	78.157367
-1.352733	-13.712192	76.203990
-1.365760	-13.314543	74.248147
-1.358340	-12.917439	72.287181
-1.346309	-12.491142	70.327369
-1.333511	-11.975128	68.387970
-1.336493	-11.540462	66.431594
-1.327953	-11.042596	64.480628
-1.324524	-10.576384	62.547295
-1.352468	-10.080279	60.625717
-1.349891	-9.642261	58.641729
-1.344929	-9.191378	56.703600
-1.342360	-8.788568	54.777596
-1.330359	-8.450256	52.779392
-1.319290	-7.976077	50.865831
-1.292794	-7.428843	49.001749
-1.411913	-7.147598	47.045987
-0.811546	-5.781703	45.608573
-1.440127	-5.548004	43.588658
-0.782824	-4.225598	42.167616
-0.765996	-2.790730	40.776328
-0.760719	-1.352534	39.394212
-0.743420	0.137524	38.029653
-0.893728	1.353717	36.545084
-0.723690	2.848636	35.221706
-0.722524	4.401346	33.928310
-0.760411	5.872843	32.560419
-0.809064	7.236435	31.091348
-0.718586	8.742725	29.778553
-0.707725	10.300160	28.500933
-0.711052	11.829976	27.112422
-0.693019	13.366845	25.842469
-0.668405	14.964085	24.617582
-0.381758	16.806959	23.864207
-0.414089	18.628302	23.039318
-0.397709	20.476949	22.298599
-0.524880	22.148180	21.305669
-0.720547	23.653147	19.990558
-0.483132	25.407877	19.063949
-0.457733	27.200122	18.241244
-1.240625	27.856204	16.396676
-1.250058	28.472282	14.496460
-0.821607	29.854018	13.094652
-0.824074	31.216176	11.657486
-0.815982	32.601203	10.230936
-0.827765	33.948641	8.744611
-0.077297	35.947490	8.589135
-0.049276	37.946460	8.486571
-0.067268	39.952765	8.364330
-0.088594	41.940671	8.169590
-0.087978	43.927585	7.986460
-0.087561	45.922033	7.807735
-0.085933	47.926462	7.675397
-0.089541	49.926690	7.517179
-0.098210	51.924360	7.333844
-0.107742	53.923301	7.144860
-0.119126	55.903012	6.894879
-0.123019	57.898428	6.682329
-0.128650	59.882399	6.411527
0.652165	61.462004	7.603592
1.415349	61.762750	9.557423
1.419210	62.056046	11.516657
1.415638	62.360310	13.431362
1.421754	62.676874	15.361608
1.425059	62.942722	17.355715
1.426621	63.223517	19.312981
1.412434	63.527708	21.290049
1.415954	63.875220	23.307245
1.428730	64.116349	25.356506
1.430529	64.415678	27.319809
1.435548	64.679013	29.330441
1.441286	64.974984	31.298185
1.450655	65.261087	33.223725
0.665035	66.814049	34.451996
0.250924	68.670083	35.013049
0.228271	70.643901	35.434043
0.219618	72.637438	35.812787
0.211753	74.624271	36.211727
0.207061	76.619443	36.557504
0.205940	78.572008	36.971647
0.203326	80.513885	37.413064
0.190329	82.461728	37.813098
0.187449	84.424406	38.191951
0.185572	86.400155	38.548993
0.186436	88.369325	38.913342
0.186808	90.336248	39.282795
0.974886	91.454446	40.944238
1.760684	91.070685	42.922178
1.939525	90.377716	44.753809
1.941991	89.662823	46.594655
1.943940	88.936279	48.469643
1.907529	88.311424	50.302319
1.921446	87.698398	52.136329
1.943336	86.989525	53.984131
1.948609	86.272577	55.826314
1.962727	85.431515	57.684498
1.962772	84.684758	59.525860
1.978213	83.801796	61.401879
1.965869	83.025353	63.229773
1.967191	82.258164	65.083700
1.970077	81.428814	66.955448
1.968119	80.664608	68.828102
1.183833	81.388272	70.679726
1.027647	82.337082	72.378339
1.622397	82.220619	74.379144
1.550879	82.238948	76.417020
1.563912	82.248293	78.428298
1.569381	82.198344	80.461228
1.564586	82.237141	82.478851
1.578420	82.200754	84.476640
1.582206	82.222050	86.332071
1.586180	82.207675	88.332783
1.559093	82.204142	90.319713
1.546421	82.213713	92.327263
1.550281	82.309533	94.320919
1.540561	82.402802	96.329734
1.494161	82.521673	98.326767
1.476251	82.692765	100.322309
1.472939	82.863067	102.314884
1.464679	83.064653	104.303917
2.253835	81.793279	105.855157
2.511409	80.212313	107.028450
2.513054	78.645240	108.207105
2.525378	76.975860	109.361162
2.531857	75.326208	110.509319
2.546744	73.689430	111.633831
2.560953	72.049080	112.746301
2.579380	70.427301	113.843304
2.541733	68.871511	115.012597
2.518598	67.266769	116.193019
2.539145	65.670779	117.330882
2.521370	64.004415	118.478066
2.512292	62.414801	119.668854
2.510082	60.797306	120.845799
2.506092	59.382302	122.122662
2.524176	57.720503	123.233458
2.522198	56.143617	124.437933
2.524210	54.523509	125.607578
2.535382	52.796962	126.705429
2.538440	51.144015	127.827692
2.541387	49.426670	128.952747
2.532955	47.826543	130.102451
1.745358	47.497644	132.092378
1.473260	47.650514	134.026183
1.462889	47.854136	135.988993
1.457130	48.023739	137.940640
1.443213	48.346504	139.963362
1.442566	48.607617	141.959053
1.434943	48.936635	143.965527
1.432420	49.218557	145.943397
1.433430	49.484144	147.913910
1.425524	49.746236	149.881413
1.413539	49.988569	151.840379
1.407447	50.328847	153.820298
1.394963	50.679804	155.788453
1.393500	51.034988	157.757004
2.117754	49.996560	159.465857
2.120467	48.956970	161.173255
2.119965	47.913649	162.879026
2.119527	46.872132	164.585236
2.115384	45.830866	166.292412
2.117181	44.792014	168.000453
2.120064	43.749600	169.707817
2.118092	42.705889	171.411398
2.903267	40.757024	171.878263
3.521841	38.900571	171.134802
4.310377	38.136306	169.299844
4.604265	37.701177	167.202385
4.576047	37.444552	165.208763
4.565671	37.200010	163.265556
4.580937	36.999772	161.267922
4.583830	36.726179	159.275506
4.594507	36.528552	157.309736
4.604792	36.275958	155.269577
4.608520	36.104861	153.273471
4.600910	35.833833	151.291076
4.598389	35.656677	149.358754
4.605151	35.354101	147.328659
4.594744	35.111398	145.349864
4.582622	34.845947	143.402845
4.567368	34.584837	141.449972
4.551568	34.257279	139.491323
4.591558	34.063097	137.462180
4.679370	33.968886	135.401211
4.742608	34.107410	133.432540
4.774510	34.179675	131.416213
4.830031	34.314994	129.401282
4.988574	34.877099	127.421735
5.179365	35.786659	125.617293
5.969843	36.769379	125.309756
6.754687	37.655022	125.750326
7.538881	38.275945	127.650352
8.326876	37.378383	129.430201
8.606209	35.997920	130.881747
8.611225	34.611811	132.326714
8.646611	33.185490	133.723049
8.739727	31.628869	134.994007
9.012948	29.790770	135.795090
9.297566	27.823141	136.055644
8.536116	26.549917	137.614278
8.569618	25.224440	139.108799
8.691659	23.756937	140.459890
8.786945	22.188234	141.673345
9.214846	20.233191	142.093426
9.215225	18.292542	142.519226
8.742745	16.744830	143.783411
8.729866	15.202412	145.060178
8.722649	13.673493	146.327118
8.707484	12.179900	147.662323
8.699423	10.694596	149.006435
8.697380	9.185267	150.330054
8.730746	7.639678	151.601623
8.749957	6.088303	152.866929
8.749632	4.514811	154.107914
8.749980	2.943739	155.332892
8.739386	1.394385	156.600716
8.746677	-0.197807	157.798803
8.735605	-1.760322	159.042809
8.735106	-3.304409	160.317193
7.949407	-3.523773	162.273968
7.162172	-2.246666	163.821843
6.631504	-0.372922	164.497114
6.626753	1.507731	165.169748
6.630512	3.382126	165.850173
6.617017	5.288433	166.517893
6.626007	7.156434	167.186146
6.623697	9.059716	167.861145
5.840685	10.814592	167.002344
5.049658	11.500673	165.090160
4.885736	11.860741	163.163444
5.273734	12.918707	161.485909
5.347630	14.043039	159.976473
5.398848	14.981766	158.823444
4.793228	15.135773	156.838802
4.803876	15.319271	154.827596
4.813094	15.515176	152.844552
4.843324	15.782983	150.870187
4.883106	16.115782	148.907757
4.958517	16.634445	146.999437
5.063053	17.381529	145.168936
5.262370	18.459951	143.484298
5.804814	20.273966	142.616888
5.015595	20.827324	140.716537
4.903474	21.215675	138.754291
4.806411	21.405957	136.767908
4.730650	21.436747	134.747754
4.707449	21.442005	132.746195
4.704211	21.433430	130.724302
4.704074	21.443158	128.730937
4.701719	21.440579	126.697228
4.694994	21.361449	124.686301
4.698139	21.322828	122.676379
4.705695	21.279672	120.675168
3.920662	19.902312	119.283724
3.133164	17.887517	119.289755
2.940794	15.930240	119.698102
2.925991	13.966032	120.123243
2.915010	12.028788	120.560964
2.897267	10.085720	121.031722
2.895072	8.162032	121.505258
2.883560	6.243845	122.026474
2.877410	4.355104	122.547809
2.872960	2.445656	123.063247
2.871673	0.524427	123.550614
2.872988	-1.387715	124.101201
2.881022	-3.317598	124.642080
2.894317	-5.261138	125.135833
2.887571	-7.204841	125.624020
2.886955	-9.134118	126.135363
2.892306	-11.070952	126.627851
2.888656	-13.014673	127.104552
2.887187	-14.947598	127.612320
2.888613	-16.884622	128.113672
2.105446	-17.898607	129.847297
1.321241	-17.391461	131.801830
0.700299	-15.873405	133.075983
0.693457	-14.339668	134.350382
0.689736	-12.799013	135.606103
0.675417	-11.232538	136.861945
0.714436	-9.734655	138.144570
0.716240	-8.187322	139.532405
0.729272	-6.743449	140.853680
0.703724	-5.158147	142.168256
0.666103	-3.574068	143.391973
0.662809	-2.015554	144.642400
0.668705	-0.450027	145.861872
0.671126	1.160493	147.129576
0.679535	2.766803	148.372182
0.689956	4.329149	149.663690
0.700642	5.894756	150.902795
0.725452	7.341282	152.248496
0.772990	8.751598	153.669607
0.868225	10.023135	155.208992
1.056703	11.037845	156.905914
1.117691	11.885382	158.705407
1.711976	11.561371	160.639736
1.722046	11.256717	162.606969
1.690773	11.026494	164.536263
1.707103	10.713330	166.522484
1.702882	10.425591	168.512238
1.705521	10.159114	170.505834
1.703989	9.849921	172.485989
1.704252	9.611378	174.469089
1.706666	9.349331	176.444820
1.708322	9.079835	178.424413
1.712946	8.746058	180.400625
1.714733	8.447459	182.371833
1.697064	8.214633	184.288886
1.731949	7.889669	186.267767
1.733555	7.561496	188.240966
1.734879	7.233478	190.212252
1.734001	6.904439	192.184996
1.734219	6.577980	194.157297
0.947320	7.743874	195.782475
0.162295	9.716150	196.104089
-0.619961	11.340934	194.936929
-1.403392	11.634651	192.962932
-1.498144	11.824128	190.964586
-1.494242	11.984859	188.958545
-1.491443	12.179629	186.963210
-1.494169	12.296214	184.956215
-1.490768	12.423802	182.959088
-1.494651	12.564012	180.954056
-1.501999	12.715724	178.962665
-1.505665	12.908956	176.974665
-1.521545	12.993197	174.981954
-1.543515	13.037419	172.984334
-1.563049	13.001469	170.965929
-1.556540	13.055168	168.989985
-1.587965	12.976260	167.001780
-1.618020	12.886350	164.988913
-1.664618	12.638851	163.021168
-1.705784	12.369935	161.053143
-1.774252	11.945583	159.095899
-1.907796	11.299042	157.215110
-1.518346	11.384632	155.199115
-1.504378	11.536530	153.201335
-1.498248	11.653401	151.217073
-1.492757	11.811845	149.206644
-1.480129	11.990042	147.208992
-1.476370	12.192710	145.213994
-1.473026	12.415519	143.225119
-1.489263	12.559332	141.237991
-1.508431	12.689458	139.259182
-1.513181	12.819849	137.255847
-1.515453	12.914897	135.265524
-1.515325	13.005036	133.272451
-1.531595	12.984559	131.244255
-1.519097	13.074709	129.230668
-1.519188	13.178785	127.231124
-1.520377	13.263282	125.224158
-1.524048	13.406948	123.220731
-2.312173	12.051276	121.740871
-3.097703	10.020331	121.660346
-3.229326	8.073147	121.829429
-3.248972	6.064328	122.056984
-3.260130	4.082779	122.289334
-3.270484	2.053586	122.558888
-3.268751	0.066377	122.813010
-3.263127	-1.917900	123.053044
-3.266373	-3.912727	123.314080
-3.264492	-5.932151	123.615939
-3.280710	-7.921091	123.877084
-3.278981	-9.895492	124.149300
-3.274459	-11.894926	124.401147
-3.276520	-13.871412	124.670559
-3.278011	-15.862849	124.916637
-3.276679	-17.840801	125.187608
-3.277531	-19.824970	125.446917
-3.277227	-21.807602	125.720740
-3.276573	-23.776776	126.037567
-3.278602	-25.761375	126.302279
-3.276550	-27.747418	126.562168
-3.272675	-29.730519	126.823764
-3.268536	-31.714839	127.082953
-3.273768	-33.698853	127.343146
-3.270353	-35.682967	127.603783
-2.485742	-37.265791	126.383544
-1.701188	-37.522957	124.399324
-1.322516	-37.031935	122.461312
-1.324224	-36.540654	120.522161
-1.322941	-36.048841	118.583284
-1.320288	-35.556677	116.644417
-1.328238	-35.066872	114.707813
-1.322420	-34.575737	112.767819
-1.319887	-34.083444	110.831077
-1.322440	-33.593501	108.892649
-1.322838	-33.101799	106.955300
-1.323181	-32.609834	105.016163
-1.322720	-32.117469	103.076315
-1.321526	-31.626994	101.139655
-1.324612	-31.134981	99.203338
-1.322918	-30.642507	97.265480
-1.324448	-30.151142	95.326008
-1.320846	-29.660501	93.388954
-1.327405	-29.169543	91.450010
-1.321201	-28.677077	89.511959
-1.322118	-28.184464	87.572088
-1.322964	-27.694296	85.633684
-1.320565	-27.203757	83.694872
-1.324505	-26.711889	81.757229
-1.323551	-26.220330	79.818236
-1.320816	-25.728399	77.880397
-1.322357	-25.235448	75.942004
-1.321844	-24.744522	74.002644
-1.325555	-24.249771	72.063794
-1.324042	-23.758793	70.124847
-1.326247	-23.110107	68.211005
-1.298948	-22.770905	66.291974
-1.277704	-22.399792	64.384263
-1.267586	-21.789434	62.444737
-1.281353	-21.497503	60.599333
-1.275682	-20.767285	58.706617
-1.281283	-20.212018	56.866976
-1.289423	-19.875155	55.030127
-1.293748	-19.329349	53.130119
-1.303691	-18.897587	51.316840
-1.304797	-18.530513	49.388874
-1.297685	-17.941716	47.558772
-2.067417	-18.403239	46.570247
-2.853418	-20.385136	46.057559
-3.639728	-22.183479	46.983336
-3.876996	-23.694706	48.316404
-3.879344	-25.135508	49.733525
-3.878751	-26.618160	51.114311
-3.875072	-28.094601	52.386708
-3.876861	-29.595543	53.749496
-3.888743	-31.037536	55.093821
-3.890970	-32.480005	56.455276
-3.890550	-33.946339	57.817470
-3.889624	-35.411033	59.178418
-3.889633	-36.876716	60.539000
-3.888970	-38.342493	61.899409
-3.890802	-39.808190	63.260827
-3.887924	-41.273942	64.622746
-3.891338	-42.740587	65.982933
-3.891853	-44.205415	67.344481
-3.893451	-45.671729	68.706568
-3.888992	-47.136959	70.068600
-3.888288	-48.602287	71.429603
-3.890724	-50.067494	72.792882
-3.103615	-51.066300	72.756830
-2.323042	-52.425975	71.291338
-1.536191	-52.360255	69.293169
-0.917940	-51.143730	67.706655
-0.918933	-49.925783	66.119317
-0.917802	-48.708677	64.532370
-0.918024	-47.492057	62.945519
-0.916322	-46.274159	61.357322
-0.915192	-45.054388	59.771119
-0.918710	-43.836238	58.183812
-0.915704	-42.617614	56.597502
-0.917887	-41.399786	55.012136
-0.917348	-40.182756	53.426100
-0.917867	-38.965692	51.836708
-0.926175	-37.767436	50.294729
-0.982846	-36.744219	48.727134
-0.952550	-35.486260	47.189328
-0.917484	-34.285131	45.473635
-0.911478	-33.076842	43.875275
-0.907981	-31.804319	42.335839
-0.913592	-30.398846	40.859375
-0.949025	-29.338434	39.187980
-0.953427	-28.201950	37.589552
-0.951785	-27.051106	36.000749
-0.939800	-25.873986	34.361948
-0.938169	-24.623280	32.645985
-1.565732	-24.570807	30.616403
-1.577371	-24.594322	28.698746
-1.618721	-24.704602	26.726828
-1.752474	-25.061895	24.761384
-1.566339	-25.017949	22.820907
-1.556989	-24.976358	20.799308
-1.561782	-25.025772	18.786451
-1.570657	-24.995435	16.805987
-1.581513	-25.000310	14.785765
-1.603015	-25.058988	12.796260
-1.608011	-25.085409	10.775907
-1.599099	-25.137270	8.783961
-1.581565	-25.164986	6.795206
-1.578649	-25.220559	4.809897
-1.588320	-25.259049	2.836237
-1.578602	-25.222123	0.811254
-1.589190	-25.271027	-1.187323
-1.172887	-24.573623	-3.007718
-1.207786	-23.864698	-4.887288
-1.544451	-23.821233	-6.877776
-0.753568	-22.340556	-8.279946
-0.683573	-20.826405	-9.550109
-0.671571	-19.291892	-10.778673
-0.660563	-17.735095	-12.025076
-1.365595	-17.362136	-14.011667
-1.368114	-16.970369	-15.988920
-1.377196	-16.587329	-17.964034
-1.374910	-16.207599	-19.940605
-1.395927	-15.856721	-21.907768
-0.915550	-14.672056	-23.503490
-0.919346	-13.454967	-25.101518
-0.866635	-12.168348	-26.608366
-0.118667	-10.183795	-26.853616
-0.103238	-8.196960	-27.058618
-0.625011	-6.594480	-28.237745
-0.633177	-4.988121	-29.422220
-0.629917	-3.350734	-30.576231
-0.640189	-1.755537	-31.790649
-0.643404	-0.179264	-33.005921
-0.637774	1.412140	-34.200858
-0.638197	3.038802	-35.377663
-0.632314	4.643476	-36.573988
-0.627497	6.266596	-37.747771
-0.624542	7.903955	-38.906293
-0.622599	9.541101	-40.057745
-0.633304	11.146227	-41.247729
-0.621886	12.760523	-42.426114
-0.624397	14.374200	-43.604791
-1.411810	14.532358	-44.595943
-2.200665	13.357087	-46.223052
-2.985573	11.379333	-46.528983
-3.330687	9.429629	-46.137067
-3.331339	7.446632	-45.770193
-3.343846	5.486575	-45.375490
-3.360516	3.525897	-44.929914
-3.285920	1.533751	-44.637343
-3.384224	-0.413247	-44.159860
-3.327136	-2.349747	-43.786167
-3.325930	-4.292193	-43.426811
-3.321439	-6.257954	-43.114737
-3.318449	-8.255468	-42.771486
-3.304357	-10.223282	-42.466423
-3.286844	-12.155983	-42.198931
-3.255523	-14.158911	-41.970310
-3.261615	-16.141379	-41.711268
-3.304808	-18.087979	-41.413491
-3.289247	-20.058078	-41.179985
-3.313302	-22.026842	-40.850401
-3.341018	-23.999627	-40.425810
-3.352672	-25.963290	-39.989087
-3.346743	-27.925789	-39.580599
-3.344723	-29.877010	-39.198917
-3.792782	-31.476666	-37.950730
-3.798588	-33.059316	-36.748762
-3.794699	-34.620322	-35.599115
-3.806499	-36.205350	-34.302706
-3.810543	-37.800657	-33.049388
-3.801789	-39.373984	-31.823264
-3.783153	-40.980335	-30.584162
-3.762701	-42.647952	-29.509255
-3.136845	-44.601647	-29.514623
-2.601070	-46.324876	-30.541855
-2.585483	-48.023605	-31.651933
-2.582932	-49.703391	-32.689200
-1.830699	-50.231200	-34.576321
-1.815910	-50.740309	-36.470761
-1.802980	-51.206307	-38.413707
-2.239061	-52.438234	-39.990180
-2.240108	-53.652373	-41.580779
-2.251427	-54.906012	-43.141274
-2.264290	-56.181597	-44.681065
-2.274912	-57.463757	-46.215721
-2.306217	-58.787622	-47.711452
-2.293846	-60.109172	-49.210901
-2.296342	-61.434147	-50.708271
-2.257193	-62.699482	-52.255836
-2.245595	-63.942211	-53.820184
-2.255878	-65.195317	-55.376714
-2.240532	-66.427235	-56.952383
-2.250600	-67.689639	-58.502542
-1.882934	-68.301237	-60.409012
-1.882157	-68.915517	-62.311047
-1.894400	-69.548158	-64.209815
-1.890649	-70.176788	-66.110041
-1.886422	-70.801477	-68.008462
-1.879870	-71.416672	-69.909377
-1.887593	-72.017457	-71.818988
-1.871788	-72.628247	-73.721777
-1.860116	-73.200293	-75.637773
-1.858145	-73.768938	-77.554157
-1.846912	-74.339235	-79.470517
-2.634706	-76.100440	-80.439730
-2.801324	-77.996426	-81.103959
-2.804606	-79.894323	-81.757048
-2.782039	-81.763647	-82.462265
-2.782190	-83.627477	-83.173401
-2.784581	-85.507402	-83.863308
-3.084750	-87.501034	-83.974321
-3.865166	-89.000235	-82.636125
-4.642684	-89.105272	-80.682707
-5.410682	-87.817180	-79.153252
-5.414494	-86.515449	-77.637251
-5.417308	-85.200992	-76.116217
-5.418159	-83.888103	-74.585655
-5.418465	-82.576385	-73.058804
-5.422861	-81.277323	-71.543078
-5.415358	-79.974562	-70.025174
-5.415163	-78.645535	-68.522666
-5.416363	-77.335566	-67.005283
-5.412742	-76.064415	-65.469115
-5.414121	-74.774350	-63.950191
-5.362669	-73.552766	-62.364989
-5.363197	-72.341037	-60.776614
-5.373496	-71.092985	-59.205907
-5.368067	-69.816967	-57.651013
-5.365985	-68.605835	-56.056555
-5.400647	-67.334854	-54.516648
-5.430029	-66.047818	-52.990360
-5.460781	-64.679361	-51.537350
-5.526365	-63.236153	-50.147097
-5.621048	-61.615411	-48.959792
-5.408037	-60.342421	-47.416332
-5.417474	-59.047587	-45.888935
-5.416494	-57.761811	-44.358692
-5.413216	-56.487411	-42.813286
-5.442093	-55.148359	-41.332288
-5.451607	-53.828922	-39.833242
-5.454309	-52.490347	-38.360997
-5.097103	-51.789542	-36.635837
-5.427220	-50.494754	-35.090014
-5.418200	-49.183443	-33.535481
-5.399995	-47.950035	-31.977943
-4.618328	-48.116780	-30.008235
-3.862918	-49.618266	-28.683189
-3.136597	-51.629660	-28.655350
-3.112694	-53.628508	-28.715658
-3.090399	-55.596770	-28.800311
-3.046412	-57.581850	-28.953447
-2.968294	-59.563428	-29.294170
-3.327959	-61.461556	-28.940638
-3.032063	-63.449555	-29.197051
-3.041768	-65.428963	-29.426356
-3.040515	-67.427953	-29.578127
-3.055543	-69.414881	-29.743834
-3.069209	-71.397473	-29.893027
-3.067785	-73.389500	-30.051098
-3.063054	-75.386969	-30.196035
-3.073775	-77.334227	-30.306513
-3.066822	-79.332594	-30.427649
-3.074821	-81.329822	-30.577057
-3.081625	-83.322118	-30.726625
-3.093160	-85.323831	-30.796093
-3.098786	-87.322087	-30.894428
-3.105356	-89.322874	-30.950951
-3.114745	-91.319551	-30.991418
-3.123242	-93.320708	-31.021633
-3.129351	-95.321715	-31.009798
-3.744740	-96.968764	-29.927628
-3.772478	-98.583202	-28.740475
-3.766134	-100.207469	-27.558982
-3.753434	-101.844635	-26.428848
-3.757262	-103.469192	-25.245657
-3.770650	-105.086498	-24.083710
-3.780538	-106.688822	-22.887518
-3.786369	-108.288986	-21.687311
-3.777257	-109.901778	-20.503768
-3.793769	-111.495281	-19.293818
-3.790618	-113.091859	-18.087550
-3.789537	-114.689499	-16.885397
-3.785036	-116.283057	-15.675357
-3.788222	-117.879823	-14.470184
-4.574044	-118.017612	-13.478877
-5.360639	-116.820207	-11.887466
-6.147778	-114.843046	-11.619550
-6.165674	-112.860336	-11.396343
-6.174670	-110.880233	-11.165753
-6.169215	-108.896335	-10.937387
-6.167973	-106.915421	-10.705026
-6.167931	-104.933608	-10.473510
-6.172862	-102.949185	-10.250937
-6.172708	-100.963252	-10.027741
-6.170096	-98.971192	-9.816512
-6.168361	-96.988108	-9.579494
-6.165704	-95.003303	-9.351987
-6.169615	-93.017963	-9.130747
-6.163839	-91.032509	-8.900327
-6.166930	-89.044438	-8.671270
-6.155769	-87.090757	-8.351816
-6.159349	-85.141027	-7.978211
-6.166896	-83.156882	-7.738855
-6.173932	-81.184359	-7.549644
-6.163471	-79.212743	-7.456520
-6.151036	-77.232107	-7.344269
-6.176856	-75.240651	-7.202493
-6.180300	-73.268402	-7.143667
-6.162989	-71.287675	-6.897174
-6.165575	-69.336577	-6.670265
-6.153148	-67.451939	-6.451556
-6.168424	-65.491547	-6.200853
-6.171826	-63.543980	-5.981980
-6.181256	-61.519301	-5.702357
-6.966130	-59.986739	-6.899407
-7.527275	-59.308121	-8.796250
-7.546886	-58.717793	-10.697030
-7.562574	-58.137636	-12.589641
-7.561697	-57.550146	-14.440199
-7.565289	-56.993066	-16.391697
-7.538697	-56.364282	-18.291163
-7.541387	-55.726088	-20.204816
-7.615913	-55.245448	-22.129948
-7.612644	-54.732395	-24.060308
-7.615874	-54.246381	-25.997823
-7.640554	-53.883226	-27.970909
-7.674878	-53.470561	-29.925291
-7.672904	-53.103717	-31.898418
-7.615725	-52.608464	-33.849740
-7.594577	-52.085048	-35.772773
-7.531466	-51.409304	-37.668818
-7.359527	-50.470673	-39.429774
-6.894291	-48.816402	-40.577608
-7.632792	-48.383187	-42.524846
-7.676087	-48.003930	-44.492952
-7.673906	-47.633923	-46.465248
-7.675904	-47.255429	-48.419982
-7.679612	-46.906896	-50.386599
-7.694414	-46.597070	-52.361981
-7.725681	-46.373483	-54.356869
-7.746603	-46.177940	-56.354720
-7.243959	-45.042763	-58.001105
-7.224169	-43.867200	-59.618181
-7.222845	-42.691090	-61.236356
-6.884534	-41.049157	-62.376239
-6.881961	-39.418270	-63.513488
-6.875237	-37.760893	-64.627691
-6.879149	-36.100613	-65.753215
-6.879146	-34.397009	-66.842901
-7.667984	-34.086634	-68.851293
-8.092351	-34.531822	-70.779217
-8.100224	-35.060652	-72.741435
-8.099462	-35.516030	-74.669091
-8.113773	-36.012907	-76.593491
-8.127118	-36.540135	-78.518016
-8.126819	-37.066982	-80.437423
-8.127181	-37.605482	-82.361404
-8.127874	-38.168601	-84.284625
-8.118053	-38.726965	-86.214553
-8.094177	-39.212601	-88.159238
-8.077562	-39.658069	-90.113772
-8.068017	-40.095212	-92.068540
-8.060780	-40.491440	-94.027328
-8.844924	-42.159862	-95.117894
-9.540354	-44.114880	-94.891205
-9.545497	-46.093485	-94.644996
-9.515574	-48.090702	-94.456009
-9.534891	-50.110364	-94.235014
-9.543612	-52.167581	-93.952108
-9.531410	-54.159801	-93.750269
-9.544065	-56.142191	-93.536905
-9.563862	-58.124485	-93.205376
-9.583771	-60.167477	-92.817458
-9.589837	-62.077160	-92.626224
-9.590963	-64.067942	-92.295096
-9.611392	-66.095027	-91.861474
-9.646771	-68.014165	-91.411575
-9.683268	-69.952328	-90.852459
-9.752833	-71.842374	-90.120594
-9.460974	-73.841924	-90.026287
-10.247592	-75.208257	-88.629306
-10.392633	-76.406237	-86.800984
-9.609887	-78.366680	-86.458512
-8.853716	-79.953213	-87.486517
-8.219551	-80.644332	-89.388206
-8.192473	-81.293396	-91.244565
-8.177068	-81.926350	-93.132212
-8.170479	-82.543570	-95.027147
-8.162812	-83.154391	-96.946862
-8.159738	-83.760598	-98.841365
-8.153104	-84.365512	-100.729948
-8.138830	-84.904380	-102.661682
-8.134295	-85.450703	-104.585908
-8.129770	-85.999949	-106.507616
-8.123688	-86.548220	-108.426846
-8.119775	-87.096949	-110.342400
-8.901936	-88.812298	-111.349469
-9.686683	-90.756004	-110.825705
-10.163700	-92.245102	-109.468653
-10.167598	-93.717020	-108.117259
-10.138456	-95.212720	-106.824430
-10.147831	-96.714089	-105.512655
-10.118242	-98.275861	-104.197412
-10.036723	-99.914695	-103.062774
-10.082371	-101.499145	-101.844798
-10.139272	-103.031074	-100.489094
-10.168124	-104.497992	-99.187507
-10.191881	-105.947012	-97.809494
-10.198668	-107.393861	-96.417959
-10.203431	-108.805940	-95.017312
-10.211763	-110.214873	-93.600778
-9.791678	-112.092940	-92.888492
-9.757895	-113.952652	-92.228657
-9.681359	-115.894590	-91.752237
-9.720919	-117.843725	-91.239500
-9.692571	-119.784182	-90.727253
-9.665137	-121.715632	-90.245673
-9.637012	-123.670823	-89.829798
-9.478784	-125.666443	-89.705900
-9.474936	-127.658247	-89.589659
-9.477486	-129.657852	-89.495624
-9.476518	-131.658722	-89.404164
-9.479678	-133.657466	-89.289727
-9.473542	-135.653271	-89.191699
-10.261859	-136.324506	-88.442074
-11.046148	-136.223520	-86.441420
-11.831610	-134.739108	-85.107521
-12.095316	-132.951346	-84.195517
-12.091523	-131.164351	-83.279758
-12.099210	-129.339865	-82.307209
-12.091686	-127.569980	-81.401807
-12.102357	-125.757922	-80.521028
-12.101531	-123.960837	-79.631451
-12.107487	-122.184390	-78.770010
-12.100218	-120.376309	-77.869283
-12.074821	-118.669785	-76.944548
-12.108739	-116.936553	-76.141954
-12.092853	-115.099305	-75.248015
-12.029560	-113.390256	-74.231397
-12.034295	-111.655905	-73.229861
-12.050095	-109.961516	-72.238692
-12.056934	-108.220865	-71.212589
-12.090627	-106.380071	-70.277161
-12.106230	-104.583125	-69.482099
-12.108805	-102.859258	-68.609602
-12.130225	-101.049681	-67.718187
-12.142018	-99.182190	-66.913194
-12.146468	-97.360721	-66.114160
-11.992286	-95.690930	-65.028826
-12.071669	-93.968373	-64.032569
-12.045776	-92.196768	-63.056022
-12.033905	-90.504358	-62.034714
-11.247616	-89.987017	-60.110640
-10.521109	-90.756191	-58.583711
-9.804522	-92.586291	-57.881406
-9.770810	-94.438712	-57.195384
-9.621139	-96.421148	-56.768546
-9.623858	-98.366386	-56.363026
-9.620402	-100.344563	-55.978513
-9.613713	-102.311847	-55.620002
-9.606536	-104.287981	-55.276483
-9.613135	-106.251460	-54.914300
-9.617758	-108.215149	-54.570530
-9.622288	-110.187256	-54.250650
-9.632145	-112.139371	-53.779121
-9.614645	-114.112594	-53.434890
-9.538212	-116.085716	-53.189090
-9.528043	-118.064548	-52.932198
-9.492800	-120.065006	-52.800220
-9.443745	-122.069844	-52.775479
-9.332858	-124.063792	-52.948685
-9.349425	-126.049067	-53.079445
-9.251714	-127.990291	-53.449885
-9.987014	-129.678183	-52.378423
-10.180034	-131.119525	-50.967498
-10.193517	-132.561955	-49.562225
-10.203960	-133.990566	-48.166052
-10.207986	-135.394821	-46.691978
-10.192782	-136.829604	-45.304586
-10.188444	-138.258615	-43.877098
-10.170342	-139.728941	-42.515703
-10.155042	-141.078071	-41.311665
-10.146575	-142.570658	-39.973051
-10.165278	-144.033950	-38.607134
-10.175563	-145.491429	-37.232247
-9.675210	-147.436071	-36.748541
-9.677808	-149.374834	-36.251455
-9.676103	-151.314536	-35.757715
-9.676710	-153.260205	-35.273785
-9.678348	-155.194316	-34.773565
-9.682438	-157.131911	-34.270832
-9.678641	-159.070406	-33.770481
-10.464534	-159.573949	-32.904331
-11.253538	-159.079686	-30.988448
-12.038202	-157.352293	-29.983200
-12.559159	-155.341832	-29.950906
-12.561443	-153.341041	-29.935051
-12.543849	-151.344771	-29.893990
-12.542994	-149.324121	-29.826828
-12.545254	-147.275389	-29.651675
-12.551471	-145.304197	-29.664492
-12.562900	-143.305774	-29.695530
-12.552299	-141.361178	-29.597941
-12.558810	-139.407482	-29.611830
-12.562520	-137.450421	-29.641150
-12.564237	-135.445933	-29.635674
-12.567148	-133.442545	-29.565619
-12.567163	-131.426686	-29.554487
-12.573750	-129.390669	-29.574518
-12.615905	-127.392531	-29.696288
-12.632572	-125.363863	-29.855650
-12.642508	-123.377191	-29.969605
-12.684221	-121.374915	-30.197145
-12.702466	-119.394419	-30.470992
-12.694227	-117.405244	-30.736712
-12.560488	-115.409102	-30.704650
-12.150637	-113.616108	-29.866543
-12.628314	-111.632571	-29.979048
-12.625781	-109.643352	-30.112657
-12.612131	-107.639471	-30.173122
-12.606458	-105.639436	-30.230254
-12.619175	-103.654034	-30.337833
-12.628892	-101.661215	-30.502031
-12.639474	-99.668115	-30.705836
-12.639291	-97.703419	-30.791370
-12.646545	-95.728493	-30.957269
-12.635699	-93.739853	-31.090834
-12.633820	-91.717030	-31.359989
-12.610905	-89.757649	-31.401752
-12.607607	-87.768279	-31.409673
-12.599127	-85.785390	-31.515480
-12.587075	-83.784431	-31.523296
-11.800342	-83.079562	-30.790998
-11.030435	-82.996352	-28.854397
-10.247997	-84.367847	-27.419457
-9.836246	-86.195544	-26.619723
-9.829217	-88.016892	-25.856786
-9.828010	-89.836970	-25.054657
-9.824557	-91.678670	-24.263003
-9.819789	-93.525782	-23.489756
-9.819364	-95.358035	-22.723345
-9.805123	-97.223097	-21.972909
-9.790834	-99.089861	-21.262199
-9.788974	-100.948071	-20.534910
-9.763673	-102.841207	-19.880923
-9.184153	-104.727061	-20.323170
-9.902644	-106.499799	-19.394631
-9.908337	-108.252641	-18.424704
-9.908271	-110.014152	-17.480535
-9.905272	-111.831148	-16.632228
-9.904517	-113.638140	-15.777108
-9.869580	-115.458597	-14.962751
-9.873076	-117.283882	-14.137681
-9.884432	-119.037412	-13.173045
-9.879233	-120.835244	-12.309591
-9.872874	-122.612841	-11.377850
-9.864029	-124.452104	-10.590773
-9.872193	-126.234199	-9.670658
-9.870225	-128.040776	-8.807761
-9.860998	-129.889514	-8.030381
-9.867504	-131.689390	-7.147709
-9.838054	-133.508358	-6.454219
-9.896163	-135.242897	-5.449641
-9.786824	-137.069858	-4.620658
-9.922311	-138.832021	-3.666432
-9.992423	-140.572980	-2.721482
-10.015798	-142.315870	-1.770120
-10.017084	-144.009677	-0.727622
-10.033351	-145.635681	0.481641
-10.537307	-146.497348	2.317963
-10.557321	-147.331418	4.174492
-10.581160	-148.111945	6.044829
-10.590326	-148.903038	7.894305
-10.603467	-149.657872	9.751806
-10.561251	-150.521711	11.548589
-10.617096	-151.267639	13.359560
-10.631292	-151.998163	15.215137
-10.625840	-152.676481	17.121268
-10.622450	-153.352862	19.010369
-10.616432	-154.040771	20.905345
-10.607488	-154.817364	22.753030
-10.598419	-155.596047	24.591701
-10.586110	-156.353262	26.456555
-10.602813	-157.113332	28.303176
-10.589243	-157.948185	30.113862
-10.589598	-158.740986	31.947660
-10.584753	-159.430857	33.841519
-10.529053	-160.354646	35.616164
-10.472832	-161.373852	37.329594
-10.425639	-162.438317	39.025157
-10.405241	-163.522286	40.689251
-10.395130	-164.652490	42.338942
-10.408050	-165.784982	43.996899
-10.449694	-166.764268	45.745555
-10.389157	-167.906505	47.387749
-10.378888	-169.032526	49.036737
-10.380054	-170.192414	50.664711
-10.375321	-171.338778	52.300999
-10.382825	-172.485051	53.940901
-10.374430	-173.692396	55.540167
-10.642686	-174.382961	57.418996
-11.428023	-173.956100	58.330870
-12.211190	-172.079767	59.022050
-13.001628	-170.286967	58.169710
-13.660761	-169.363749	56.395606
-13.652534	-168.422896	54.637088
-13.657152	-167.561693	52.842500
-13.470187	-166.354866	51.258475
-13.684954	-165.574389	49.407257
-13.660014	-164.698831	47.601261
-13.658659	-163.768908	45.846629
-13.667172	-162.880081	44.055975
-13.647650	-161.906257	42.295982
-13.636850	-160.964402	40.557851
-13.646676	-159.942341	38.843265
-13.656936	-158.997058	37.081938
-13.657432	-158.110600	35.294330
-13.657334	-157.179885	33.529312
-13.657590	-156.264550	31.757920
-13.660410	-155.349954	29.981061
-13.671133	-154.499188	28.159007
-13.666200	-153.571444	26.384506
-13.412535	-152.412914	25.036578
-13.675314	-151.516590	23.253340
-13.622638	-150.597088	21.472841
-13.637700	-149.640882	19.714959
-13.658058	-148.729410	17.944105
-13.680660	-147.876474	16.139797
-13.681449	-146.956522	14.362116
-13.908577	-146.576930	12.428398
-14.023468	-146.325819	10.533799
-13.650576	-145.420376	8.755273
-13.650132	-144.522291	6.971848
-13.643931	-143.588168	5.208367
-13.635952	-142.633275	3.454857
-14.421391	-142.927643	2.488298
-15.208937	-143.819516	2.006356
-15.994155	-145.765255	2.570926
-16.762529	-146.725809	4.327187
-16.758564	-147.678753	6.082044
-16.765794	-148.682339	7.817660
-16.760259	-149.672325	9.561582
-16.755063	-150.679401	11.293724
-16.751621	-151.660637	13.038330
-16.750706	-152.638076	14.786312
-16.694599	-153.725655	16.464301
-16.627809	-154.939091	18.064539
-16.638357	-156.149803	19.657242
-16.815323	-157.051551	21.444620
-16.843540	-157.892552	23.256796
-16.835928	-158.715991	25.088421
-16.836483	-159.574034	26.895492
-16.851159	-160.368092	28.733266
-16.862520	-161.216541	30.537548
-16.888725	-161.955214	32.403012
-16.927900	-162.638529	34.277247
-16.924961	-163.422606	36.104801
-16.931385	-164.120934	37.980912
-16.938866	-164.768752	39.872116
-16.977425	-165.364084	41.781056
-17.036710	-165.804979	43.740305
-17.023242	-166.198395	45.106100
-16.802545	-167.130166	46.875696
-16.805815	-168.037870	48.657572
-16.975305	-168.630293	50.518728
-16.778135	-169.596170	52.269121
-16.774475	-170.557290	54.022259
-16.750850	-171.599348	55.732114
-16.717473	-172.654727	57.429641
-16.543913	-174.002579	58.913563
-16.030351	-175.906503	59.542927
-16.094122	-177.734456	60.318575
-16.880228	-178.508686	62.167148
-16.907744	-179.224396	64.037835
-16.903095	-179.960103	65.894507
-16.908247	-180.687608	67.757915
-16.904684	-181.416785	69.618816
-16.909500	-182.138257	71.480338
-16.905580	-182.867723	73.340118
-16.961273	-183.471495	75.248550
-16.948202	-184.116069	77.144701
-17.734869	-183.242863	78.943181
-18.519416	-181.341783	79.596987
-19.307825	-179.541709	78.710069
-19.944608	-178.624258	76.925768
-19.950914	-177.716576	75.138915
-19.949771	-176.802300	73.366911
-19.954701	-175.893467	71.575871
-19.949276	-174.996818	69.791181
-19.938622	-174.075330	68.018552
-19.897890	-173.097770	66.276066
-19.934067	-172.152613	64.518181
-19.947195	-171.221728	62.768508
-19.953653	-170.316829	60.981686
-19.960742	-169.428294	59.181235
-19.971542	-168.613221	57.337311
-19.964761	-167.753031	55.527177
-19.967689	-166.883916	53.747225
-19.984840	-166.006527	51.939914
-20.014620	-165.217606	50.092461
-20.692617	-165.717270	48.190607
-20.685470	-166.219674	46.267743
-20.342739	-166.108041	45.157944
-19.858579	-165.061218	43.461383
-19.816065	-163.966250	41.866945
-19.836049	-162.852541	40.208338
-19.840718	-161.763145	38.531000
-19.866204	-160.687230	36.838760
-19.871335	-159.611343	35.156595
-19.881788	-158.591488	33.446915
-19.911989	-157.603106	31.712840
-19.930769	-156.668912	29.942635
-19.935479	-155.711053	28.191943
-19.941198	-154.803549	26.402652
-19.937502	-153.911774	24.610717
-19.887668	-152.864988	22.906962
-19.866161	-151.861210	21.182124
-19.851841	-150.797435	19.517660
-19.883092	-149.784342	17.795394
-19.900190	-148.742242	16.091796
-19.919310	-147.785529	14.341274
-19.945608	-146.858759	12.572172
-19.943162	-145.948759	10.789440
-19.949287	-145.100940	8.965953
-19.939930	-144.152146	7.197813
-19.948941	-143.226604	5.431192
-19.949217	-142.357628	3.623614
-19.166087	-141.394499	3.317254
-18.383359	-139.633229	4.202646
-17.599249	-138.977750	6.120393
-16.971051	-139.565378	8.042203
-16.993433	-140.146739	9.949295
-17.019598	-140.661828	11.888459
-17.050687	-141.123153	13.832078
-17.089558	-141.507571	15.789602
-17.155428	-141.791122	17.757441
-17.268040	-141.854379	19.739830
-17.437658	-141.532678	21.712970
-17.875407	-140.423977	23.360108
-17.086722	-140.839435	25.307693
-17.061483	-141.277015	27.263655
-17.406509	-140.964056	29.261879
-17.171631	-141.186949	31.258755
-17.602890	-140.762158	32.527098
-17.387129	-140.562863	34.511989
-17.319326	-140.493262	36.497843
-17.318863	-140.414650	38.484825
-17.335801	-140.305741	40.475106
-17.350452	-140.167437	42.465944
-17.378896	-139.940467	44.436431
-17.403849	-139.691302	46.421639
-17.540714	-139.201234	48.345674
-17.458504	-138.861068	50.316090
-17.427215	-138.614270	52.295511
-17.699174	-137.798459	54.122510
-17.399715	-137.548178	56.111273
-17.586513	-136.955204	58.013159
-17.233449	-137.064135	60.010756
-17.229232	-137.169608	62.010637
-17.230381	-137.253546	64.009997
-17.233482	-137.295886	66.012460
-17.315639	-137.201081	68.011258
-16.560919	-138.547412	69.512416
-16.431287	-140.056224	70.837890
-16.560803	-141.386918	72.346227
-16.569795	-142.638085	73.877754
-16.563531	-143.953099	75.382647
-16.568733	-145.219993	76.907088
-16.567998	-146.503746	78.433529
-16.567947	-147.753700	79.968671
-16.565007	-149.014375	81.503988
-16.560983	-150.316572	83.013353
-16.556775	-151.667618	84.499781
-16.559668	-152.986935	86.005655
-16.562355	-154.299858	87.512406
-16.563259	-155.655017	88.992650
-16.575828	-156.901081	90.544669
-16.577827	-158.121589	92.113906
-17.365775	-157.929725	94.118186
-18.112124	-156.433858	95.468806
-18.114143	-154.960667	96.802903
-18.120202	-153.435574	98.142605
-18.125951	-151.956124	99.469021
-18.133449	-150.443672	100.785927
-18.107668	-148.941189	102.130603
-18.894647	-146.935685	102.038690
-19.679945	-145.595541	100.553651
-20.320932	-145.421637	98.547255
-20.323511	-145.220251	96.559058
-20.324639	-145.010300	94.568367
-20.326428	-144.816913	92.582968
-20.329001	-144.626232	90.593034
-20.329550	-144.426149	88.609910
-20.332034	-144.274313	86.600195
-20.327210	-144.090391	84.611737
-20.334567	-143.978412	82.589969
-20.335854	-143.834007	80.584953
-20.331750	-143.636757	78.608912
-20.334317	-143.489876	76.614748
-20.329809	-143.308761	74.615040
-20.317700	-143.079503	72.645588
-20.315644	-142.887068	70.646613
-20.304689	-142.690803	68.635567
-20.292917	-142.425597	66.661331
-20.290789	-142.181461	64.683092
-20.283993	-141.826485	62.740749
-20.281231	-141.566080	60.749626
-20.094007	-141.005402	58.875082
-20.210997	-140.564307	56.905418
-20.087777	-140.015332	54.989303
-20.119614	-139.494432	53.061467
-19.847878	-138.519036	51.555464
-20.461833	-138.594897	49.560897
-20.459443	-138.672453	47.562639
-20.471145	-138.788680	45.561958
-20.470016	-138.873147	43.557776
-20.473606	-138.972100	41.564652
-20.504925	-139.129043	39.567105
-20.573015	-139.441863	37.592304
-20.678183	-139.949741	35.656750
-20.753518	-140.547795	33.765669
-20.682779	-140.838689	32.479405
-21.398855	-142.490976	31.331919
-21.439031	-144.186958	30.299202
-21.462760	-145.904673	29.286458
-21.478946	-147.654039	28.308229
-21.479934	-149.395942	27.320592
-21.469782	-151.119552	26.309942
-21.451405	-152.840524	25.277825
-21.422250	-154.548860	24.239873
-21.371948	-156.162785	23.061641
-21.296768	-157.711663	21.803262
-21.184742	-159.079498	20.342358
-21.163394	-160.435556	18.864446
-21.229084	-161.864702	17.461807
-21.103947	-163.119744	15.895986
-21.089836	-164.361382	14.330476
-21.110954	-165.648438	12.796360
-21.143988	-166.963240	11.284872
-21.191699	-168.355353	9.850937
-21.272339	-169.842603	8.518009
-21.110622	-171.110787	7.035093
-20.999762	-172.194126	5.355440
-20.993601	-173.253220	3.658885
-20.996203	-174.344862	1.990186
-20.995823	-175.422441	0.311914
-21.000592	-176.592117	-1.309299
-21.001016	-177.655489	-2.991228
-21.009419	-178.775775	-4.646838
-21.799658	-179.819620	-4.790973
-22.582319	-181.473988	-3.667960
-23.367882	-181.865366	-1.706819
-23.511701	-181.967613	0.281037
-23.515815	-182.079938	2.297873
-23.517664	-182.157404	4.297112
-23.518869	-182.242464	6.299416
-23.518648	-182.330638	8.303094
-23.521857	-182.398965	10.323601
-23.526162	-182.460973	12.324378
-23.522946	-182.541208	14.307891
-23.527822	-182.634864	16.299435
-23.535466	-182.719152	18.296253
-23.543256	-182.654089	20.316449
-23.534107	-182.725307	22.310189
-23.533444	-182.766261	24.322194
-23.521456	-182.883141	26.351089
-23.514956	-182.996244	28.334187
-23.512188	-183.111683	30.329449
-23.517430	-183.148431	32.299570
-23.516505	-183.200540	34.300409
-23.512079	-183.330499	36.292848
-23.518931	-183.362562	38.308376
-23.513774	-183.409896	40.319836
-23.509054	-183.543268	42.319823
-23.512127	-183.669027	44.326463
-23.509475	-183.792983	46.346536
-23.512850	-183.871263	48.341240
-23.519621	-183.947383	50.314786
-23.521887	-184.065474	52.317338
-23.838513	-183.445804	54.255318
-23.981776	-182.608092	56.076664
-24.265812	-181.226547	57.580613
-24.501327	-179.615752	58.787899
-24.384959	-178.156772	60.163680
-23.605663	-178.042765	62.161236
-23.325938	-178.515601	64.119472
-23.272499	-179.093593	66.034996
-23.230737	-179.720444	67.938417
-23.208887	-180.387515	69.804098
-23.182807	-181.128805	71.663459
-23.119357	-182.012468	73.469081
-23.904887	-181.362102	75.345562
-24.122589	-180.346472	77.028057
-24.137975	-179.301410	78.719722
-24.153793	-178.152326	80.388722
-24.158287	-177.010976	82.038040
-24.163442	-175.901556	83.689984
-24.170135	-174.763742	85.343389
-24.158735	-173.636452	87.003125
-24.151018	-172.531612	88.669271
-24.149871	-171.404631	90.326876
-24.225404	-170.158109	91.897869
-24.230147	-168.922132	93.483412
-24.241766	-167.624525	95.030470
-24.248635	-166.379242	96.583243
-24.333851	-165.018755	98.030427
-24.438021	-163.479313	99.315628
-24.201445	-162.265301	100.910024
-24.199128	-161.036819	102.495205
-24.205090	-159.826255	104.097886
-24.169690	-158.676277	105.738907
-24.130826	-157.589842	107.410944
-24.066240	-156.634100	109.174664
-23.969807	-155.821891	111.000968
-23.746728	-155.440921	112.956123
-23.775890	-155.025176	114.913010
-24.124853	-153.945779	116.599083
-24.127745	-152.875820	118.284116
-24.127642	-151.766710	119.950578
-24.124715	-150.771361	121.687455
-24.133561	-149.695489	123.375726
-24.917977	-147.740135	123.795576
-24.885881	-145.817629	124.296719
-24.509834	-144.191240	125.458219
-24.940962	-142.240161	125.844154
-24.931561	-140.275466	126.250859
-24.944016	-138.303466	126.626878
-24.938756	-136.323239	126.999111
-24.937035	-134.369205	127.398157
-24.942471	-132.392148	127.751121
-25.729256	-130.742880	126.620114
-26.519267	-130.358358	124.626862
-26.829300	-130.611109	122.623605
-26.833680	-130.842027	120.629204
-26.841943	-131.123940	118.664633
-26.847589	-131.412152	116.681539
-26.861940	-131.713896	114.715850
-26.905065	-132.095218	112.727916
-26.827318	-132.314329	110.694298
-26.859150	-132.632772	108.770621
-26.824470	-132.844299	106.785349
-26.822019	-133.106306	104.786237
-26.823270	-133.357913	102.797254
-26.816065	-133.602100	100.794901
-26.821516	-133.846222	98.812681
-26.844849	-134.126195	96.840447
-26.816838	-134.342003	94.859630
-26.846585	-134.607849	92.886120
-26.809585	-134.819049	90.896629
-26.812626	-134.951232	88.930226
-26.809187	-135.122885	86.948113
-26.811297	-135.292682	84.973660
-26.814508	-135.367566	83.009820
-26.818649	-135.675249	81.044468
-26.819483	-135.979136	79.044053
-26.815238	-136.221366	77.014484
-26.817917	-136.582279	75.048287
-26.816550	-136.866889	73.056652
-26.807640	-137.132831	71.064067
-26.802730	-137.272286	69.107050
-26.802238	-137.393955	67.109925
-26.794408	-137.527910	65.121437
-26.795353	-137.681695	63.157379
-26.698702	-137.649717	61.187402
-26.581513	-137.379414	59.233384
-26.525145	-137.090408	57.484766
-26.873220	-137.486784	55.564003
-26.855917	-137.773087	53.571354
-27.058943	-138.394440	51.778755
-27.149446	-139.257072	49.978502
-26.643333	-139.145188	47.979432
-26.896723	-139.508069	46.003396
-26.871696	-139.829344	44.016026
-27.002526	-140.393499	42.131932
-27.789671	-142.144104	41.200616
-28.576646	-144.072252	41.800398
-29.342580	-145.036396	43.565298
-29.321964	-146.036335	45.308057
-29.535295	-146.647149	47.212586
-29.544173	-147.239243	49.130382
-29.546150	-147.826055	51.046214
-29.544951	-148.428372	52.941590
-29.544549	-149.027188	54.819269
-29.541759	-149.625921	56.718904
-29.554395	-150.137108	58.669865
-29.514048	-150.794664	60.561062
-29.562850	-151.278284	62.524852
-29.617166	-151.745803	64.459355
-29.703548	-151.989438	66.451443
-29.686343	-152.314836	68.427868
-29.613188	-152.729248	69.752503
-29.481075	-153.409517	71.645155
-29.203224	-154.283275	72.877852
-29.493579	-154.956611	74.757654
-29.482082	-155.658207	76.626207
-29.461617	-156.436790	78.463755
-29.416278	-157.246825	80.293446
-29.381371	-158.129900	82.075791
-29.293634	-159.102734	83.738848
-29.378313	-159.968817	85.543819
-29.551788	-160.543679	87.457832
-29.610023	-160.948456	89.425334
-29.584833	-161.498310	91.336313
-29.552864	-162.066390	93.253011
-29.486818	-162.776257	95.125028
-29.421404	-163.494276	96.988126
-29.449112	-164.298026	98.818608
-29.875576	-164.229850	100.748609
-29.704220	-164.501312	102.728938
-29.731632	-164.725188	104.710859
-29.613605	-165.211012	106.649453
-29.606650	-165.663274	108.598943
-29.615927	-166.093588	110.560576
-29.595719	-166.571068	112.503327
-29.595037	-167.105019	114.428491
-29.597408	-167.619397	116.360998
-30.245727	-166.831126	118.191865
-30.249316	-165.987299	120.040386
-30.261791	-165.122582	121.867387
-30.263803	-164.356057	123.690504
-30.271115	-163.517959	125.510850
-30.265168	-162.701666	127.342288
-30.269094	-161.870585	129.158810
-30.262600	-161.010368	130.986714
-30.255484	-160.266198	132.826225
-30.263337	-159.422542	134.657305
-30.243004	-158.653488	136.495371
-30.239799	-157.950233	138.353412
-30.259550	-157.128986	140.186421
-30.243246	-156.348798	142.021280
-30.794111	-154.734416	143.164144
-30.793900	-153.148826	144.359420
-30.804148	-151.495789	145.500570
-30.800948	-149.904794	146.679718
-30.806135	-148.271787	147.834789
-30.803751	-146.613884	148.967041
-30.790168	-144.994036	150.144288
-30.785540	-143.358738	151.317132
-30.788868	-141.766708	152.492846
-30.783845	-140.135966	153.674631
-31.573092	-138.073617	153.304625
-32.352112	-136.892674	151.734874
-32.971028	-136.793489	149.662743
-32.966596	-136.799308	147.722122
-32.976336	-136.800351	145.763168
-33.005861	-136.805247	143.743149
-32.992936	-136.835350	141.729352
-32.982466	-136.810127	139.752116
-32.989692	-136.779098	137.761943
-33.008725	-136.845701	135.732489
-33.015463	-136.859476	133.694492
-33.042848	-137.045262	131.728395
-32.969680	-137.014201	129.735968
-33.159391	-137.369449	127.754122
-32.993999	-137.435659	125.732536
-32.979239	-137.428353	123.750348
-32.981118	-137.411301	121.774004
-32.978380	-137.378297	119.761877
-32.970487	-137.324389	117.773341
-32.967833	-137.347923	115.775400
-32.824520	-137.029809	113.798009
-32.637238	-136.296006	111.941441
-32.298876	-135.044610	110.405032
-33.033166	-135.160573	108.425132
-33.486651	-136.138296	106.670483
-33.018033	-136.209860	104.671779
-33.021359	-136.265169	102.657965
-33.018480	-136.344548	100.661049
-33.011237	-136.376383	98.647365
-33.007905	-136.382092	96.633621
-33.009361	-136.428882	94.625326
-33.008889	-136.384675	92.626200
-33.013172	-136.422120	90.626786
-33.014446	-136.508118	88.634173
-33.045407	-136.551230	86.640998
-33.022220	-136.652634	84.641797
-33.008230	-136.764219	82.643107
-33.006207	-136.771803	80.633557
-33.013204	-136.893903	78.636572
-33.001655	-136.946393	76.638513
-33.002394	-136.942157	74.645646
-33.002229	-137.006982	72.646891
-32.994073	-137.014922	70.647860
-32.994465	-137.075902	68.656073
-32.985118	-137.067808	66.648200
-33.776111	-137.800556	65.955594
-34.560770	-139.769176	65.969223
-35.349287	-141.193570	67.385545
-35.920912	-141.645380	69.336542
-35.924339	-142.054984	71.296739
-35.926702	-142.505336	73.261920
-35.935194	-142.878134	75.216994
-35.928222	-143.262893	77.171413
-35.928527	-143.652332	79.128145
-35.931703	-144.031455	81.104530
-35.939792	-144.379321	83.073786
-35.945349	-144.726981	85.044048
-35.942449	-145.088864	87.010963
-35.944406	-145.461892	88.975715
-35.952378	-145.748387	90.952893
-35.943244	-146.134895	92.910787
-35.941852	-146.458410	94.872325
-35.940327	-146.880638	96.829607
-35.959652	-147.240341	98.809487
-35.971749	-147.579080	100.781324
-35.972370	-147.900914	102.756628
-35.961402	-148.224582	104.726210
-35.953272	-148.585700	106.682517
-35.933761	-148.955489	108.652332
-35.884859	-149.450010	110.585533
-35.805044	-150.082420	112.481679
-35.720786	-150.883470	114.311651
-36.122850	-150.907839	116.304113
-36.221243	-150.744710	118.289721
-36.279635	-150.394739	120.273704
-36.236823	-150.202303	122.252874
-36.117824	-150.193001	124.256269
-35.788895	-150.889655	126.130675
-36.119117	-150.926010	128.131713
-35.949035	-151.304992	130.091674
-35.846662	-151.834529	132.011076
