0.102001
0.160845
0.157041
0.136989
0.094553
0.079994
0.085283
0.090360
0.158831
0.068581
0.120835
0.067039
0.428379
0.108440
0.103464
0.111693
0.103717
0.103322
0.096175
0.089578
0.089896
0.091333
0.132382
0.088817
0.120949
0.208432
0.093594
0.112523
0.110378
0.081453
0.097380
0.071152
0.101921
0.087743
0.092618
0.090764
0.093182
0.102993
0.090360
0.068565
0.107430
0.086230
0.094288
0.290708
0.113898
0.084607
0.087771
0.084265
0.105841
0.084558
0.089441
0.087634
0.113673
0.085621
0.086999
0.090306
0.075127
0.088360
0.087415
0.086599
0.086855
0.089806
0.082842
0.139191
0.066326
0.078576
0.079498
0.141198
0.107529
0.109078
0.079489
0.081442
0.078062
0.101636
0.078409
0.089099
0.094232
0.099129
0.082594
0.081314
0.079709
0.093741
0.077805
0.093569
0.078495
0.092754
0.086652
0.077817
0.118231
0.093884
0.087865
0.086048
0.085881
0.152169
0.086275
0.086492
0.073854
0.084404
0.069320
0.086025
0.148564
0.078154
0.082442
0.099485
0.094000
0.071875
0.078394
0.094098
0.078467
0.086860
0.100843
0.089925
0.078556
0.079416
0.088143
0.088818
0.106275
0.099649
0.097928
0.090266
0.072626
0.066522
0.089334
0.086836
0.067618
0.137648
0.087348
0.100478
0.087245
0.085384
0.087551
0.082342
0.081548
0.118015
0.106923
0.080199
0.086747
0.088659
0.087277
0.089579
0.096771
0.087551
0.085155
0.140625
0.100863
0.093338
0.086428
0.079117
0.089648
0.080260
0.081384
0.097924
0.082497
0.091924
0.093086
0.078030
0.089387
0.079723
0.078622
0.088010
0.078914
0.089129
0.086947
0.090960
0.084586
0.079227
0.093406
0.079058
0.084946
0.079812
0.102108
0.086956
0.078047
0.132048
0.081270
0.145793
0.084880
0.113141
0.108360
0.085859
0.094829
0.080947
0.095469
0.080093
0.094703
0.081093
0.108997
0.086580
0.090853
0.087513
0.080550
0.100178
0.103068
0.078275
0.081661
0.069564
0.101869
0.093644
0.088614
0.095910
0.079021
0.086878
0.079182
0.079034
0.080337
0.082175
0.080198
0.080482
0.079284
0.079849
0.130236
0.105468
0.082672
0.081137
0.080886
0.102054
0.104521
0.094553
0.087438
0.084405
0.085136
0.085045
0.107356
0.091502
0.087739
0.106524
0.102354
0.087764
0.109975
0.083769
0.088031
0.098551
0.084904
0.099380
0.082766
0.116989
0.104488
0.086241
0.087837
0.093721
0.103646
0.094605
0.066257
0.080735
0.098791
0.073793
0.065079
0.080970
0.064434
0.077814
0.071968
0.095800
0.079195
0.080882
0.065860
0.065818
0.087202
0.092247
0.086772
0.082551
0.081583
0.082820
0.086387
0.081485
0.075849
0.076341
0.090254
0.083891
0.124732
0.096528
0.083994
0.112424
0.076399
0.082306
0.086494
0.099551
0.092541
0.096905
0.084003
0.090510
0.140916
0.087611
0.087686
0.087640
0.086848
0.094415
0.092691
0.102363
0.092944
0.091013
0.091477
0.084269
0.098865
0.076611
0.092808
0.089456
0.276755
0.083848
0.100254
0.124949
0.092413
0.093431
0.090408
0.084065
0.084159
0.091552
0.100256
0.113660
0.082362
0.123364
0.080837
0.081952
0.099247
0.089147
0.096722
0.081662
0.099093
0.091238
0.081147
0.082309
0.082270
0.106384
0.081544
0.081755
0.107604
0.104927
0.087613
0.082371
0.090355
0.105920
0.083166
0.082207
0.097436
0.081529
0.081950
0.083356
0.091955
0.097807
0.097703
0.080518
0.097543
0.115964
0.090909
0.081132
0.102089
0.104894
0.134808
0.080302
0.083771
0.082183
0.081179
0.081458
0.090179
0.107095
0.088792
0.091959
0.092640
0.080851
0.094518
0.081085
0.088674
0.106448
0.082714
0.110249
0.105061
0.080416
0.097319
0.105545
0.092119
0.136688
0.083893
0.089678
0.090334
0.144456
0.091717
0.094444
0.097957
0.085346
0.093776
0.075623
0.146180
0.096243
0.154728
0.086567
0.106459
0.097655
0.087294
0.080202
0.101338
0.096428
0.102189
0.089526
0.086500
0.089788
0.122552
0.086145
0.099705
0.078089
0.077136
0.080861
0.093859
0.084410
0.077412
0.100928
0.102732
0.098705
0.103185
0.121219
0.091572
0.087834
0.104457
0.089080
0.104016
0.092512
0.149168
0.117818
0.099509
0.144400
0.114728
0.112940
0.084804
0.105567
0.125509
0.130396
0.118303
0.110680
0.095253
0.090588
0.129238
0.106204
0.127799
0.097859
0.098855
0.110575
0.096753
0.100684
0.137184
0.105675
0.099887
0.120982
0.097454
0.098208
0.124673
0.113271
0.119741
0.130473
0.092077
0.108336
0.113700
0.104023
0.110095
0.128302
0.103635
0.109620
0.108324
0.109993
0.105875
0.117884
0.099448
0.111673
0.093604
0.132034
0.117565
0.126279
0.113152
0.134797
0.135784
0.127581
0.126308
0.133494
0.108049
0.105703
0.135558
0.119066
0.106745
0.104122
0.102145
0.117823
0.130222
0.119104
0.105760
0.106812
0.126494
0.107948
0.121766
0.130298
0.137675
0.119069
0.109575
0.116410
0.129752
0.104527
0.105153
0.129850
0.138974
0.116466
0.108068
0.148925
0.105799
0.140966
0.104442
0.143607
0.154820
0.117337
0.111825
0.103928
0.118729
0.129993
0.126955
0.140425
0.141178
0.131543
0.108758
0.121085
0.126125
0.101854
0.171259
0.128394
0.116435
0.131880
0.110724
0.121933
0.130151
0.103638
0.106031
0.128193
0.138643
0.125676
0.118189
0.104555
0.127758
0.114448
0.103891
0.116223
0.151723
0.142482
0.111802
0.128637
0.126377
0.103061
0.106281
0.126964
0.177503
0.118362
0.112699
0.118328
0.108726
0.110576
0.105871
0.113446
0.140794
0.117305
0.107902
0.129118
0.128557
0.127708
0.108607
0.117160
0.148342
0.123052
0.108337
0.118168
0.106768
0.102287
0.158499
0.130254
0.128020
0.107910
0.128116
0.115318
0.104853
0.176221
0.104720
0.126993
0.160603
0.129820
0.122889
0.140372
0.127014
0.150863
0.136902
0.115088
0.131244
0.118639
0.113550
0.128915
0.127324
0.137390
0.144237
0.126681
0.128011
0.117820
0.110134
0.121625
0.129034
0.148382
0.138545
0.116808
0.120376
0.120977
0.107244
0.155462
0.127725
0.183411
0.107290
0.105705
0.129664
0.106706
0.107608
0.106645
0.127905
0.152701
0.127671
0.116678
0.131814
0.135044
0.109212
0.100550
0.134554
0.145901
0.114814
0.111723
0.106354
0.132133
0.128738
0.120482
0.121830
0.134290
0.163286
0.166385
0.153383
0.177286
0.202540
0.276527
0.180944
0.139656
0.154150
0.184263
0.186727
0.184756
0.201252
0.186378
0.140378
0.146807
0.178137
0.187448
0.254977
0.167185
0.129433
0.191226
0.160088
0.138145
0.169647
0.168187
0.176207
0.188486
0.636164
1.321922
0.160115
0.115388
0.153332
0.204180
0.162126
0.144699
0.122192
1.116723
0.145973
0.130210
0.134308
0.157799
0.121298
0.150185
0.120545
0.148113
0.127879
0.148715
0.106395
0.165849
0.122205
0.126270
0.108292
0.103107
0.103506
0.118092
0.103501
0.092697
0.106553
0.122569
0.114661
0.102625
0.082047
0.141323
0.116688
0.096768
0.126015
0.113716
0.123048
0.127005
0.135523
0.108340
0.109437
0.108626
0.109878
0.181644
0.171507
0.118674
0.114428
0.113513
0.122721
0.121217
0.177196
0.131305
0.122067
0.108693
0.120223
0.159424
0.142284
0.126374
0.112265
0.163695
0.139123
0.144581
0.141814
0.125663
0.184236
0.142972
0.253344
0.149552
0.132242
0.156353
0.160378
0.146901
0.137825
0.136958
0.150086
0.140169
0.122990
0.133381
0.188253
0.158166
0.124455
0.126322
0.121012
0.121579
0.119837
0.144145
0.114745
0.129578
0.147914
0.153895
0.110964
0.140463
0.140319
0.123408
0.130826
0.122197
0.155710
0.122860
0.127804
0.135869
0.125999
0.130714
0.122033
0.133871
0.121547
0.757000
0.138758
0.107835
0.129141
0.129102
0.170622
0.163195
0.140758
0.145822
0.132462
0.136527
0.153842
0.119746
0.138135
0.139325
0.160349
0.131782
0.131666
0.119020
0.117523
0.106883
0.125982
0.118165
0.168756
0.155285
0.147719
0.159486
0.227574
0.171206
0.167767
0.194423
0.118518
0.166888
0.181669
0.188766
0.164880
0.140328
0.154536
0.157182
0.147043
0.137927
0.112640
0.183029
0.149332
0.112200
0.155643
0.121412
0.123463
0.131859
0.136911
0.111647
0.165177
0.123467
0.182783
0.150471
0.132982
0.108296
0.131758
0.132263
0.122927
0.114759
0.127023
0.143976
0.134890
0.112314
0.214193
0.241814
0.161248
0.184014
0.151612
0.541074
0.154507
0.196660
0.167514
0.153263
0.178798
0.150804
0.156262
0.154725
0.150470
0.158369
0.123910
0.109984
0.122088
0.140051
0.141549
0.128225
0.150294
0.105912
0.109319
0.122806
0.124364
0.124079
0.133427
0.109351
0.124395
0.151001
0.143433
0.171950
0.147702
0.151731
0.153742
0.220131
0.146901
0.145377
0.154413
0.235382
0.163785
0.155020
0.224570
0.151261
0.291812
0.162077
0.172892
0.167619
0.180776
0.175587
0.184734
0.126864
0.144323
0.147379
0.162325
0.163359
0.182258
0.208523
0.143529
0.164075
0.166791
0.146390
0.175349
0.163722
0.150931
0.162441
0.135477
0.184737
0.148729
0.186669
0.171086
0.154250
0.147672
0.327642
0.175717
0.186963
0.213121
0.219813
0.194117
0.215404
0.174720
0.195808
0.172945
0.255554
0.240355
0.171405
0.319461
0.191982
0.208325
0.193679
0.174193
0.198946
0.182355
0.240584
0.315671
0.212843
0.185898
0.303679
0.169263
0.205107
0.147584
0.218871
0.176761
0.148048
0.226999
0.284836
0.165324
0.185194
0.255581
0.302157
0.194943
0.194050
0.449196
0.251186
0.191288
0.213137
0.312090
0.330172
0.219417
0.273239
0.216723
0.204355
0.186257
0.296303
0.765533
0.189778
0.169573
0.193083
0.185805
0.148459
0.204590
0.299895
0.303096
0.188540
0.255419
0.177365
0.222275
0.197660
0.214715
0.143842
0.180775
0.182060
0.196769
0.176356
0.174993
0.157959
0.141168
0.213691
0.182197
0.204491
0.161702
0.280760
0.202477
0.345797
0.208860
0.148205
0.214573
0.230579
0.140654
0.164136
0.156027
0.168728
0.157768
0.197371
0.151214
0.179883
0.152887
0.225226
0.151152
0.204448
0.207374
0.146757
0.148069
0.150620
0.155149
0.170317
0.168325
0.165941
0.178954
0.184334
0.156161
0.164428
0.181652
0.170226
0.169743
0.177838
0.280008
0.189770
0.174521
0.175715
0.210446
0.157201
0.208380
0.157437
0.161744
0.174663
0.190266
0.173334
0.225378
0.150136
0.181446
0.172695
0.132468
0.167739
0.162118
0.172074
0.150256
0.168262
0.169390
0.133111
0.150934
0.226337
0.191368
0.180387
0.150059
0.215534
0.166605
0.170235
0.151806
0.181689
0.172202
0.157429
0.136319
0.158576
0.135666
0.213646
0.274543
0.189246
0.181792
0.185150
0.163425
0.208398
0.192238
0.209297
0.222368
0.210052
0.178779
0.191187
0.135617
0.281719
0.170365
0.192632
0.181887
0.145816
0.165214
0.162849
0.149188
0.182346
0.193122
0.166581
0.178123
0.164090
0.149255
0.162664
0.165694
0.160956
0.695507
0.169578
0.150408
0.158677
0.137955
0.168489
0.188053
0.268669
0.185869
0.194673
0.164870
0.155166
0.165673
0.141353
0.143163
0.174709
0.154893
0.183681
0.180564
0.198251
0.162896
0.174141
0.207423
0.182124
0.185101
0.145326
0.186349
0.214165
0.273181
0.150606
0.174295
0.211990
0.173703
0.218430
0.175102
0.219951
0.150063
0.147493
0.276179
0.223888
0.240119
0.338989
0.265170
0.289242
0.156025
0.239039
0.173442
0.186012
0.164716
0.192988
0.167691
0.167909
0.189451
0.204911
0.198427
0.184405
0.193917
0.208535
0.299831
0.224370
0.230979
0.196814
0.216972
0.345183
0.731138
0.200377
0.229978
0.181410
0.199224
0.238368
0.167816
0.397929
0.238143
0.240821
0.212901
0.261813
0.221177
0.181457
0.219376
0.206198
0.222523
0.191189
0.229012
0.381062
0.208465
0.201851
0.225113
0.241351
0.215333
0.222957
0.215852
0.185262
0.361237
0.235086
0.221896
0.195197
0.204019
0.292579
0.232696
0.185457
0.226378
0.200412
0.183923
0.201490
0.223746
0.241776
0.210141
0.190919
0.209287
0.243342
0.185416
0.188804
0.162621
0.281052
0.204602
0.186130
0.186492
0.209468
0.205317
0.289051
0.167993
0.185899
0.202925
0.258931
0.183389
0.200143
0.182902
0.290555
0.193332
0.184624
0.167157
0.192561
0.306835
0.257116
0.272320
0.261676
0.271892
0.271972
0.193462
0.205701
0.199656
0.223633
0.192319
0.243296
0.202388
0.246971
0.222922
0.203492
0.204509
0.190015
0.270680
0.355461
0.263022
0.237570
0.212632
0.164189
0.330147
0.184960
0.259693
0.225507
0.200769
0.223633
0.230496
0.188890
0.223263
0.220638
0.204431
0.187432
0.171668
0.236167
0.199555
0.206826
0.384212
0.223816
0.296041
0.166343
0.395802
0.181398
0.217231
0.231369
0.204680
0.207393
0.215803
0.300689
0.269853
0.217972
0.189693
0.202810
0.192924
0.231091
0.168938
0.242137
0.162889
0.292836
0.188413
0.203169
0.204688
0.202161
0.284347
0.255717
0.215297
0.320031
0.167504
0.164576
0.255313
0.252795
0.236708
0.270858
0.165628
0.275836
0.209531
0.201165
0.161788
0.254107
0.185051
0.272463
0.239335
0.294695
0.224173
0.223529
0.182930
0.260320
0.202330
0.257189
0.145799
0.276804
0.169748
0.199218
0.205246
0.165191
0.185016
0.228424
0.191721
0.218333
0.205683
0.204013
0.207158
0.265466
0.181788
0.245509
0.187535
0.165588
0.161460
0.231962
0.167461
0.224102
0.242464
0.258830
0.224901
0.219493
0.203360
0.199316
0.214251
0.267200
0.184272
0.257173
0.184908
0.185527
0.182310
0.190880
0.198267
0.241259
0.219725
0.295720
0.191741
0.201166
0.212811
0.203676
0.222861
0.183915
0.224203
0.201692
0.183396
0.226272
0.169709
0.201618
0.206362
0.199925
0.202380
0.235435
0.183026
0.297068
0.198768
0.219909
0.184111
0.221918
0.163222
0.207192
0.209559
0.209059
0.188258
0.199814
0.207091
0.206609
0.219450
0.235039
0.210752
0.375752
0.181658
0.168582
0.203276
0.241610
0.257782
0.279119
0.192972
0.279122
0.222305
0.164440
0.213832
0.240314
0.219122
0.181938
0.191237
0.297499
0.164042
0.165648
0.205232
0.272377
0.165422
0.281802
0.201750
0.228985
0.205045
0.162991
0.203486
0.205031
0.256344
0.247480
0.203073
0.205515
0.240714
0.185065
0.181618
0.186512
0.263581
0.165139
0.207497
0.231334
0.182046
0.165548
0.206742
0.253774
0.217601
0.186260
0.164250
0.206555
0.184015
0.201145
0.201728
0.265663
0.264898
0.263294
0.203934
0.480449
0.183801
0.182391
0.225801
0.243297
0.247001
0.267000
0.182006
0.291409
0.162435
0.165698
0.207508
0.208609
0.198393
0.389178
0.242118
0.201178
0.165974
0.207755
0.241801
0.245873
0.244058
0.233189
0.372087
1.838985
0.170101
0.161487
0.145409
0.180505
0.205049
0.163598
0.229959
0.235768
0.181245
0.177647
0.168527
0.200850
0.227050
0.262406
0.135415
0.242727
0.186154
0.205055
0.213410
0.171008
0.189642
0.183419
0.144884
0.215458
0.177906
0.170474
0.392627
0.176992
0.176324
0.185581
0.193165
0.211974
0.181423
0.389273
1.217428
0.236455
0.189042
0.203668
0.249958
0.206703
0.201693
0.204007
0.303818
0.230180
0.222047
0.227644
0.170438
0.203445
0.181444
0.240367
0.219039
0.199464
0.204930
0.181080
0.221864
0.202471
0.220677
0.243956
0.294032
0.233158
0.189602
0.253827
0.171797
0.165971
0.204120
0.260885
0.223175
0.185601
0.199380
0.221242
1.056660
0.169458
0.191801
0.184661
0.187037
0.183049
0.144469
0.244323
0.184373
0.180485
0.163160
0.154664
0.178582
0.181476
0.161876
0.146079
0.177916
0.153647
0.151752
0.156064
0.156630
0.146103
0.182885
0.185549
0.140610
0.159519
0.163509
0.186859
0.204780
0.185721
0.222111
0.152653
0.154160
0.185307
0.201163
0.134528
0.163347
0.185513
0.186014
0.211155
0.180203
0.162815
0.146088
0.167572
0.202196
0.169582
0.159500
0.171351
0.161251
0.180723
0.191219
0.148836
0.201185
0.208909
0.175131
0.194716
0.194312
0.190292
0.201218
0.162889
0.162688
0.199845
0.215774
0.143341
0.158632
0.141728
0.171483
0.254468
0.202482
0.176504
0.157150
0.189295
0.186096
0.169085
0.189006
0.160829
0.182643
0.170747
0.150821
0.156821
0.182491
0.179597
0.169419
0.154052
0.190933
0.167973
0.160747
0.242788
0.214141
0.185710
0.204187
0.151271
0.203068
0.172131
0.232343
0.168300
0.190715
0.172593
0.157152
0.160673
0.157975
0.156248
0.174398
0.213838
0.168609
0.153193
0.153272
0.187623
0.173867
0.169546
0.219095
0.159390
0.308968
0.261882
0.180270
0.188922
0.156892
0.195667
0.157955
0.258342
0.163180
0.183865
0.459868
0.428941
0.180604
0.260407
1.273067
0.166198
0.299330
0.221497
0.212250
0.144970
0.173206
0.162661
0.190293
0.195145
0.194997
0.186465
0.200542
0.190660
0.192469
0.174910
0.188313
0.660936
0.161418
0.158263
0.230558
0.266844
0.180679
0.208262
0.142502
0.137896
0.180392
0.273946
0.192190
0.196282
0.143312
0.140860
0.197133
0.174901
0.208875
0.158374
0.160544
0.164342
0.218049
0.185044
0.133090
0.152533
0.200169
0.173174
0.159650
0.174980
0.117935
0.136636
0.154230
0.203909
0.248498
0.187251
0.236761
0.187328
0.254252
0.134979
0.153665
0.135236
0.160224
0.133788
0.230606
0.151760
0.183421
0.152426
0.210051
0.137916
0.139930
0.198311
0.169520
0.138946
0.188081
0.219643
0.216837
0.157145
0.140621
0.207310
0.137889
0.195192
0.277565
0.175966
0.332165
0.141897
0.219118
0.207622
0.283885
0.283857
0.192164
0.162919
0.194453
0.268152
0.209073
0.386588
0.161505
0.274804
0.178714
0.145911
0.201658
0.193141
0.145368
0.211165
0.169727
0.190286
0.159331
0.306504
1.177320
0.148103
0.196062
0.196876
0.186116
0.211896
0.902492
0.181759
0.295328
0.209712
0.168285
0.166163
0.257956
0.141952
0.277984
0.162668
0.187131
0.282122
0.229884
0.255212
0.396531
0.258637
0.235869
0.313851
0.220740
0.338079
0.226198
0.428466
0.189194
0.287466
0.229733
0.369609
0.225161
0.211288
0.205310
0.233492
0.237861
0.205462
0.209360
0.294356
0.237140
0.216355
0.241838
0.172082
0.190122
0.192194
0.198956
0.183773
0.203836
0.176051
0.194485
0.164540
0.162792
0.178944
0.164635
0.158469
0.168842
0.151916
0.152294
0.161871
0.172454
0.174413
0.200036
0.174362
0.193973
0.148849
0.180937
0.202964
0.175852
0.138381
0.157816
0.200246
0.149934
0.204727
0.153567
0.179290
0.153098
0.167864
0.152995
0.155556
0.149462
0.170426
0.164976
0.150880
0.157210
0.186339
0.151869
0.155701
0.164926
0.155573
0.153700
0.154777
0.258846
0.188428
0.186166
0.158409
0.188314
0.170795
0.157584
0.186875
0.168950
0.288151
0.151866
0.186716
0.152778
0.209454
0.229944
0.134946
0.168771
0.175075
0.170117
0.197852
0.154521
0.173052
0.152041
0.172498
0.175255
0.180246
0.171635
0.176913
0.156044
0.193806
0.173550
0.158733
0.152027
0.156000
0.228306
0.172698
0.210056
0.169574
0.229614
0.161741
0.209749
0.230094
0.216429
0.166804
0.153215
0.136542
0.144767
0.162219
0.150448
0.232674
0.158132
0.152643
0.151896
0.140945
0.169937
0.155514
0.154085
0.163979
0.205300
0.218619
0.209266
0.181781
0.170335
0.208360
0.174974
0.194806
0.181869
0.186498
0.172610
0.171957
0.237747
0.180715
0.178126
0.156265
0.180617
0.168581
0.188006
0.251581
0.149833
0.299634
0.251316
0.228149
0.232122
0.172997
0.135944
0.177371
0.149567
0.249833
0.141006
0.215126
0.296588
0.260925
0.245865
0.512892
0.193134
0.226127
0.230372
0.226412
0.171633
0.182785
0.159004
0.196979
0.242638
0.191162
0.203576
0.234661
0.176457
0.294081
0.281148
1.331398
0.204769
0.161213
0.235062
0.189369
0.190652
0.164100
0.165216
0.214058
0.153224
0.229096
0.176955
0.154939
0.204868
0.162698
0.155643
0.158752
0.149408
0.140369
0.165513
0.156291
0.159744
0.163263
0.178872
0.158241
0.211567
0.235918
0.205740
0.169936
0.169126
0.240935
0.166604
