0.015187
0.010337
0.007250
0.002412
0.006622
0.002685
0.008993
0.002461
0.002466
0.002502
0.002379
0.002324
0.002513
0.002153
0.002145
0.002132
0.002333
0.002303
0.002299
0.002342
0.002608
0.002505
0.002250
0.002220
0.002132
0.002257
0.002067
0.002101
0.002422
0.001977
0.002158
0.002148
0.002040
0.001917
0.001757
0.002033
0.001660
0.001655
0.001572
0.001572
0.001542
0.001489
0.001726
0.001521
0.001593
0.001764
0.001757
0.001600
0.001451
0.001832
0.001468
0.001278
0.001145
0.001883
0.001281
0.001029
0.001153
0.001149
0.001199
0.000968
0.001092
0.000963
0.001052
0.001026
0.001033
0.000997
0.001180
0.001053
0.000997
0.000908
0.001153
0.000866
0.000877
0.001099
0.000770
0.000754
0.000869
0.000912
0.000781
0.000798
0.000905
0.000763
0.000890
0.000725
0.000902
0.000853
0.000887
0.000744
0.000848
0.000947
0.001242
0.000880
0.000922
0.000840
0.000962
0.000844
0.000839
0.000920
0.000799
0.000923
0.000827
0.000866
0.000843
0.000957
0.000941
0.001096
0.000776
0.000863
0.000895
0.000898
0.000875
0.000873
0.000776
0.000853
0.000816
0.000751
0.000876
0.000790
0.001572
0.000812
0.000918
0.000889
0.000833
0.000895
0.000789
0.000888
0.000902
0.000972
0.000894
0.000907
0.001157
0.000888
0.000891
0.000935
0.000879
0.000918
0.000864
0.000874
0.001045
0.000988
0.000883
0.000986
0.000879
0.001007
0.000904
0.000908
0.000901
0.000859
0.000946
0.000892
0.000914
0.002966
0.000978
0.000892
0.000874
0.000900
0.000871
0.000899
0.000872
0.000999
0.001054
0.000903
0.000895
0.000914
0.001003
0.000890
0.001005
0.000886
0.000958
0.000869
0.000926
0.000895
0.000887
0.000910
0.000910
0.000918
0.000875
0.001052
0.000951
0.000911
0.001018
0.000851
0.001007
0.000899
0.000904
0.000918
0.000931
0.000931
0.000935
0.000903
0.000915
0.000904
0.000870
0.000918
0.000936
0.000992
0.000874
0.000886
0.000892
0.000911
0.000885
0.000944
0.000842
0.000907
0.000849
0.000830
0.001125
0.001181
0.001065
0.000995
0.001102
0.001081
0.001036
0.001100
0.001138
0.001291
0.001228
0.001195
0.001229
0.001257
0.001209
0.001155
0.001263
0.001173
0.001287
0.001299
0.001396
0.001289
0.001260
0.001263
0.001267
0.001398
0.001371
0.001272
0.001279
0.001342
0.001428
0.001352
0.001356
0.001589
0.001614
0.001746
0.001626
0.001482
0.001654
0.001470
0.001592
0.001666
0.001504
0.001662
0.001553
0.001689
0.001586
0.001365
0.001559
0.001537
0.001489
0.001471
0.001534
0.001739
0.001884
0.001731
0.001969
0.002065
0.002142
0.002016
0.001894
0.002137
0.002202
0.002107
0.002123
0.002151
0.002249
0.002195
0.002598
0.002883
0.002789
0.002388
0.002564
0.002486
0.003016
0.002955
0.002865
0.002779
0.002642
0.002775
0.002610
0.002480
0.002897
0.002681
0.002302
0.002516
0.002548
0.002428
0.004434
0.002403
0.002080
0.002031
0.003352
0.002302
0.002164
0.002008
0.002051
0.001897
0.001894
0.001936
0.001963
0.001824
0.002133
0.001935
0.001959
0.001803
0.001883
0.001801
0.002028
0.001859
0.002044
0.001868
0.001877
0.002012
0.001833
0.001905
0.001846
0.001919
0.002088
0.001970
0.001855
0.001915
0.001997
0.001854
0.001989
0.001913
0.001733
0.001984
0.001835
0.001798
0.001921
0.001910
0.002004
0.001870
0.001851
0.001789
0.001930
0.001883
0.001860
0.001937
0.001980
0.002577
0.001796
0.001801
0.001951
0.001924
0.001939
0.001893
0.001865
0.002582
0.001843
0.001943
0.001894
0.001868
0.001926
0.001849
0.002154
0.001985
0.001928
0.001859
0.002045
0.001832
0.001969
0.002059
0.002047
0.002021
0.002156
0.002390
0.002226
0.002556
0.002585
0.002557
0.002622
0.002270
0.002447
0.002746
0.002698
0.002612
0.002637
0.002509
0.002626
0.002919
0.002789
0.002673
0.002653
0.002741
0.002737
0.002861
0.002730
0.002943
0.002750
0.002697
0.002846
0.002865
0.002262
0.002439
0.002453
0.002852
0.002454
0.002428
0.002487
0.004100
0.002509
0.002804
0.002772
0.002199
0.002408
0.002161
0.002657
0.003846
0.002762
0.003370
0.002886
0.003149
0.002905
0.002997
0.003111
0.003057
0.003504
0.003096
0.003059
0.003241
0.003550
0.003311
0.003566
0.003483
0.003626
0.003715
0.003571
0.003760
0.003722
0.003715
0.003614
0.003310
0.003226
0.003686
0.003621
0.003513
0.003198
0.003444
0.003553
0.003486
0.003496
0.003428
0.003688
0.003848
0.003881
0.003535
0.003660
0.003882
0.004126
0.003540
0.003528
0.003290
0.002943
0.003306
0.003144
0.004211
0.002929
0.002687
0.003021
0.002954
0.003315
0.002961
0.003014
0.003187
0.003516
0.003030
0.002863
0.002895
0.002792
0.002906
0.002952
0.003057
0.003332
0.002963
0.002764
0.002756
0.003101
0.002963
0.003124
0.003115
0.003216
0.002952
0.002727
0.002795
0.002736
0.002968
0.002992
0.003116
0.003248
0.003542
0.002759
0.002748
0.002901
0.003715
0.003121
0.003022
0.003237
0.002986
0.003027
0.002900
0.002843
0.002884
0.002984
0.003068
0.003364
0.002955
0.002834
0.002900
0.003149
0.003032
0.004006
0.003075
0.003391
0.002850
0.002845
0.002743
0.002741
0.003013
0.002805
0.003076
0.003136
0.002906
0.002808
0.002901
0.002864
0.002826
0.003026
0.003033
0.003552
0.003000
0.002685
0.002721
0.002804
0.002899
0.005194
0.003026
0.003473
0.003147
0.002750
0.002694
0.002754
0.003052
0.003534
0.003020
0.003303
0.003125
0.002668
0.003379
0.002663
0.002855
0.003397
0.003289
0.003193
0.002916
0.002761
0.002772
0.002715
0.003014
0.002825
0.003102
0.003161
0.002890
0.002737
0.002818
0.002753
0.003002
0.002889
0.003147
0.003325
0.003601
0.003326
0.002728
0.002923
0.003122
0.003080
0.003027
0.003546
0.002884
0.002850
0.002772
0.002845
0.002946
0.003061
0.003176
0.003372
0.003317
0.002930
0.002973
0.002749
0.003027
0.003002
0.003279
0.003198
0.003148
0.002837
0.003064
0.003451
0.003023
0.003117
0.003120
0.003212
0.003023
0.002798
0.002692
0.002949
0.002924
0.003048
0.004198
0.003370
0.003234
0.003647
0.003872
0.003793
0.003950
0.003962
0.004714
0.003960
0.004409
0.004407
0.005725
0.004478
0.004243
0.004947
0.004158
0.004072
0.003997
0.003990
0.004915
0.004354
0.005487
0.004550
0.005069
0.005065
0.005159
0.005228
0.005887
0.004977
0.004948
0.004586
0.003979
0.003923
0.003850
0.003806
0.003915
0.004341
0.004337
0.004287
0.004077
0.003962
0.003158
0.002815
0.002529
0.002975
0.002446
0.002281
0.002218
0.002036
0.001857
0.002482
0.002843
0.002336
0.002350
0.002062
0.001865
0.001727
0.002888
0.001889
0.001616
0.001611
0.001514
0.001380
0.001034
0.000860
0.000836
0.000949
0.000832
0.000973
0.000900
0.000917
0.001228
0.001124
0.000898
0.000858
0.001165
0.001185
0.001320
0.001334
0.001493
0.001368
0.001505
0.001504
0.001466
0.001507
0.001492
0.001586
0.001678
0.001942
0.002439
0.001937
0.002365
0.002087
0.002178
0.002363
0.002281
0.002592
0.002415
0.002504
0.002707
0.003135
0.003079
0.003214
0.002806
0.002912
0.002551
0.002743
0.002574
0.002475
0.002281
0.003232
0.002839
0.002860
0.002764
0.002405
0.002364
0.002290
0.002020
0.001839
0.002039
0.001862
0.002196
0.001948
0.001923
0.002122
0.001800
0.001974
0.001956
0.002458
0.002144
0.001819
0.001872
0.001997
0.002096
0.001865
0.002408
0.002148
0.001978
0.002408
0.001806
0.001785
0.001904
0.001972
0.002241
0.001864
0.001808
0.001594
0.002018
0.001605
0.001802
0.001642
0.001799
0.002129
0.001577
0.001775
0.001238
0.001370
0.002292
0.001337
0.001438
0.001408
0.001553
0.001348
0.001368
0.001393
0.001568
0.001559
0.001313
0.001436
0.001315
0.001399
0.001535
0.001672
0.001418
0.001405
0.001587
0.001461
0.001479
0.001679
0.001378
0.001344
0.001443
0.001406
0.001234
0.001667
0.001685
0.001868
0.001546
0.001854
0.001629
0.001634
0.001545
0.001676
0.001841
0.001774
0.001708
0.001880
0.001824
0.001860
0.002199
0.001840
0.002084
0.001847
0.001681
0.001621
0.001763
0.002999
0.001919
0.001920
0.001961
0.002798
0.003231
0.001509
0.001771
0.002145
0.002117
0.002091
0.001804
0.002184
0.001702
0.001715
0.001711
0.001675
0.001963
0.001685
0.001759
0.002069
0.001906
0.001665
0.001573
0.001822
0.001591
0.001779
0.001772
0.001652
0.001498
0.001801
0.001391
0.001317
0.001580
0.001477
0.001448
0.001731
0.001553
0.001882
0.001806
0.001959
0.003564
0.002165
0.002348
0.002208
0.002166
0.002173
0.002861
0.002672
0.002963
0.003081
0.003029
0.002881
0.002946
0.003058
0.003288
0.003204
0.003180
0.003346
0.003355
0.003393
0.003285
0.003291
0.004037
0.004206
0.004056
0.003447
0.003244
0.003302
0.003135
0.003104
0.002943
0.002763
0.002906
0.003161
0.003860
0.003203
0.003249
0.003599
0.003468
0.003490
0.003765
0.003374
0.003485
0.003562
0.003646
0.004221
0.003937
0.003733
0.004250
0.003671
0.004326
0.004119
0.004208
0.004279
0.004497
0.005951
0.004925
0.004889
0.004463
0.004865
0.004504
0.004141
0.004277
0.004308
0.004460
0.003848
0.003763
0.003479
0.003745
0.003625
0.004119
0.003917
0.003952
0.003958
0.004258
0.004059
0.004057
0.003769
0.004029
0.004196
0.004734
0.004900
0.004813
0.004786
0.004868
0.004501
0.004957
0.004551
0.004751
0.004439
0.003816
0.004358
0.004200
0.003577
0.003845
0.004077
0.003879
0.003791
0.003925
0.003544
0.003090
0.003024
0.003191
0.003143
0.003160
0.003378
0.003258
0.003136
0.003142
0.002887
0.002864
0.002539
0.002685
0.002237
0.002222
0.002522
0.002829
0.002337
0.002837
0.002823
0.003145
0.003223
0.003126
0.002658
0.002925
0.002710
0.002821
0.002851
0.002394
0.002331
0.002029
0.002297
0.002282
0.001914
0.001927
0.002014
0.001752
0.001580
0.001643
0.000979
0.001225
0.001302
0.001075
0.001133
0.001095
0.001116
0.001131
0.001565
0.001519
0.001849
0.001530
0.001112
0.001457
0.001719
0.001959
0.001943
0.001970
0.002343
0.002455
0.002066
0.002092
0.002217
0.001926
0.002094
0.001683
0.001130
0.000897
0.001314
0.001083
0.001013
0.001174
0.000995
0.001090
0.001171
0.000965
0.001005
0.001169
0.000918
0.000992
0.000914
0.001117
0.001161
0.001196
0.001069
0.000957
0.001304
0.001460
0.001597
0.001633
0.001430
0.001652
0.001737
0.002022
0.001931
0.002066
0.002013
0.002013
0.001875
0.001979
0.002167
0.001918
0.002477
0.002561
0.002772
0.002651
0.002854
0.002690
0.002729
0.002943
0.002949
0.002615
0.003187
0.002659
0.002917
0.002360
0.002312
0.002357
0.002235
0.002028
0.002347
0.001989
0.001976
0.002040
0.001867
0.001977
0.001609
0.001669
0.001669
0.001532
0.001728
0.001102
0.000919
0.001132
0.001169
0.001493
0.001631
0.002010
0.001753
0.002054
0.002181
0.001691
0.002037
0.002303
0.002303
0.002062
0.002288
0.002295
0.002016
0.002343
0.002264
0.002640
0.003045
0.002858
0.003266
0.003285
0.003731
0.003270
0.003291
0.002912
0.002933
0.002945
0.002963
0.003082
0.002375
0.002723
0.002980
0.003303
0.003221
0.003299
0.002884
0.003183
0.002994
0.002627
0.002982
0.002779
0.002939
0.002598
0.002496
0.002856
0.002107
0.002042
0.001727
0.001990
0.002043
0.001979
0.001958
0.002086
0.002376
0.002538
0.002301
0.002648
0.002712
0.002649
0.002234
0.002363
0.002639
0.002340
0.002611
0.002554
0.002636
0.002366
0.002577
0.002581
0.002769
0.002603
0.002770
0.002592
0.002691
0.002638
0.002352
0.002735
0.002459
0.002626
0.002364
0.002661
0.002611
0.002325
0.002611
0.002362
0.002618
0.002455
0.002579
0.002569
0.002664
0.002731
0.002879
0.002963
0.002831
0.002671
0.002387
0.002646
0.002640
0.002581
0.002500
0.002623
0.002687
0.002629
0.002772
0.002898
0.002775
0.002659
0.002468
0.002632
0.002443
0.002390
0.002706
0.002617
0.002894
0.002673
0.002703
0.002372
0.002530
0.002610
0.002791
0.002599
0.002575
0.002714
0.002606
0.002534
0.002532
0.002730
0.002581
0.002338
0.002386
0.002588
0.002682
0.002617
0.002632
0.002723
0.002691
0.002767
0.002652
0.002669
0.002697
0.002527
0.002668
0.002589
0.002611
0.002646
0.002613
0.002388
0.002390
0.002643
0.002986
0.002666
0.002642
0.002595
0.002675
0.002681
0.002592
0.002475
0.002937
0.002426
0.002677
0.002427
0.002664
0.002616
0.002587
0.002634
0.002637
0.002666
0.002553
0.002671
0.002311
0.002157
0.002477
0.002671
0.002416
0.002923
0.002372
0.002736
0.002649
0.002724
0.002383
0.002678
0.002457
0.002550
0.002314
0.006017
0.002603
0.002645
0.002863
0.002636
0.002620
0.002606
0.002994
0.002656
0.002452
0.002364
0.002351
0.002638
0.002556
0.002608
0.002340
0.002636
0.002780
0.002604
0.002317
0.002364
0.002638
0.002631
0.002467
0.002717
0.002796
0.002305
0.002322
0.002619
0.002512
0.002700
0.002371
0.002673
0.002514
0.002368
0.002651
0.002626
0.002701
0.002676
0.002395
0.002677
0.002591
0.002871
0.002638
0.002616
0.002927
0.002664
0.002617
0.002688
0.002689
0.002332
0.002345
0.002599
0.002614
0.002694
0.003014
0.002675
0.002656
0.002671
0.002606
0.002805
0.002668
0.002646
0.002732
0.002620
0.002638
0.002681
0.002597
0.002650
0.002649
0.002664
0.002873
0.002612
0.002501
0.002698
0.002682
0.002644
0.002615
0.002566
0.002594
0.002446
0.002671
0.002588
0.002347
0.002603
0.002663
0.003218
0.002641
0.002418
0.002663
0.002638
0.002621
0.002545
0.002611
0.002385
0.002698
0.002632
0.002272
0.002620
0.002896
0.002683
0.002543
0.002594
0.002664
0.002326
0.002632
0.002676
0.002730
0.002692
0.002651
0.003188
0.002668
0.002640
0.002629
0.002848
0.002587
0.002646
0.002644
0.002623
0.002636
0.002679
0.002673
0.002624
0.002712
0.002622
0.002711
0.002403
0.002337
0.002561
0.002615
0.002640
0.002562
0.002629
0.002655
0.002282
0.002636
0.002638
0.002332
0.002366
0.002565
0.002471
0.002652
0.002429
0.002637
0.002549
0.002316
0.002681
0.002631
0.002261
0.002674
0.002594
0.002606
0.002678
0.002365
0.002698
0.002688
0.002639
0.002695
0.002644
0.002356
0.002623
0.002624
0.002679
0.002626
0.002672
0.002324
0.002486
0.002631
0.002562
0.002614
0.002599
0.002690
0.002296
0.002653
0.002625
0.002563
0.002666
0.002662
0.002658
0.002491
0.002674
0.002633
0.002682
0.002712
0.002704
0.002721
0.002283
0.002028
0.002047
0.002025
0.002082
0.002119
0.002016
0.002015
0.001992
0.001714
0.001843
0.001776
0.001640
0.001158
0.001172
0.001134
0.000889
0.001181
0.001653
0.001615
0.001994
0.002004
0.002030
0.002053
0.001982
0.001779
0.001955
0.001875
0.001745
0.002050
0.001817
0.002320
0.002360
0.002008
0.002613
0.002566
0.002343
0.002472
0.003631
0.002664
0.002629
0.002787
0.002582
0.002689
0.002281
0.002452
0.002457
0.002681
0.002711
0.002363
0.002744
0.002665
0.002655
0.002600
0.002692
0.002654
0.002658
0.002614
0.002791
0.002673
0.002362
0.002653
0.002638
0.002619
0.002373
0.002287
0.002529
0.002605
0.002585
0.002617
0.002619
0.002522
0.002391
0.002369
0.002105
0.002291
0.005309
0.002294
0.002087
0.002359
0.001978
0.002327
0.002310
0.001676
0.000937
0.001108
0.001107
0.001146
0.001082
0.001101
0.001144
0.001118
0.001136
0.001167
0.000904
0.001075
0.001226
0.001155
0.001175
0.001113
0.001100
0.001102
0.001112
0.001547
0.001120
0.001183
0.001134
0.001125
0.001158
0.001656
0.001994
0.002165
0.002338
0.002003
0.002406
0.002322
0.002446
0.002009
0.002369
0.002022
0.002133
0.002317
0.002737
0.002640
0.002695
0.002257
0.002422
0.002173
0.001995
0.001983
0.002017
0.002217
0.001799
0.002034
0.001752
0.001714
0.002018
0.002040
0.001990
0.001612
0.001604
0.001137
0.001097
0.001173
0.001130
0.001122
0.001072
0.000937
0.001134
0.001149
0.001126
0.000909
0.001149
0.001159
0.001151
0.001165
0.001184
0.001116
0.001152
0.001162
0.001139
0.000936
0.000976
0.001185
0.001154
0.000938
0.001160
0.001114
0.000979
0.000942
0.001105
0.001116
0.001163
0.001102
0.001079
0.001087
0.001118
0.001654
0.001644
0.002020
0.001941
0.001748
0.002021
0.001920
0.001906
0.002066
0.001855
0.002011
0.002054
0.002670
0.002344
0.002521
0.002737
0.002364
0.002599
0.002614
0.002463
0.003031
0.002497
0.002377
0.002631
0.002269
0.002318
0.002737
0.002674
0.003000
0.002666
0.002416
0.002675
0.003122
0.002357
0.002305
0.002334
0.002088
0.001625
0.001658
0.001579
0.001747
0.001455
0.001377
0.001628
0.001653
0.001640
0.001416
0.001639
0.001608
0.001442
0.001949
0.001643
0.001654
0.001095
0.001156
0.000936
0.001089
0.001218
0.001090
0.000943
0.000924
0.001117
0.000936
0.001133
0.000936
0.001366
0.001093
0.001122
0.000858
0.001189
0.001126
0.001105
0.001119
0.000875
0.001097
0.001103
0.001097
0.001081
0.001094
0.000923
0.000951
0.000975
0.001407
0.001438
0.001435
0.001673
0.001675
0.001426
0.001650
0.001666
0.001678
0.001638
0.001423
0.001780
0.001414
0.001404
0.001442
0.001722
0.002311
0.002091
0.002372
0.002682
0.002642
0.003018
0.002799
0.002360
0.002306
0.002427
0.002618
0.002272
0.002067
0.002127
0.002398
0.002494
0.002447
0.002432
0.002377
0.002740
0.002741
0.002321
0.002384
0.002079
0.002296
0.002537
0.002585
0.002247
0.002339
0.002322
0.002046
0.002009
0.001948
0.001798
0.001965
0.001980
0.001925
0.001804
0.002374
0.002104
0.002273
0.002289
0.003210
0.003285
0.003294
0.003590
0.003906
0.004299
0.004192
0.004185
0.004566
0.004686
0.004371
0.004233
0.004327
0.004505
0.004074
0.004583
0.004446
0.004642
0.004035
0.004258
0.003905
0.004116
0.003973
0.003932
0.003599
0.003266
0.003224
0.003039
0.002667
0.002339
0.002354
0.002113
0.001968
0.001970
0.002037
0.001785
0.001716
0.001854
0.001113
0.000893
0.001103
0.000899
0.000926
0.001192
0.000912
0.001129
0.000870
0.000926
0.001165
0.001121
0.001139
0.001186
0.001153
0.001142
0.001073
0.000934
0.001195
0.000913
0.000924
0.000918
0.001101
0.001112
0.001153
0.001183
0.000895
0.000953
0.001107
0.001140
0.001127
0.001140
0.000917
0.000929
0.000953
0.001132
0.001130
0.001015
0.000917
0.001240
0.001112
0.000930
0.001095
0.001092
0.000905
0.001118
0.001115
0.001209
0.001167
0.001030
0.001113
0.001023
0.000899
0.001173
0.001126
0.001129
0.001096
0.000893
0.001069
0.001106
0.000909
0.001138
0.001178
0.001181
0.001019
0.001219
0.000937
0.001137
0.001135
0.001097
0.000923
0.001348
0.001749
0.002058
0.002042
0.001735
0.001725
0.001369
0.001640
0.001665
0.001050
0.001102
0.000908
0.000920
0.000943
0.001028
0.001166
0.001082
0.001148
0.000950
0.000927
0.001263
0.000906
0.001129
0.001092
0.000923
0.001101
0.001192
0.001131
0.000968
0.001131
0.001175
0.001165
0.000953
0.001106
0.000929
0.001181
0.001151
0.001021
0.000900
0.001144
0.001096
0.001129
0.000984
0.001133
0.000940
0.000873
0.001144
0.000913
0.001180
0.001115
0.001002
0.001047
0.001184
0.000919
0.001028
0.001464
0.001410
0.000981
0.001236
0.001236
0.001326
0.001557
0.001360
0.001245
0.001175
0.001243
0.001338
0.001675
0.001206
0.001611
0.001795
0.001775
0.001857
0.001637
0.001557
0.001469
0.001257
0.001313
0.001824
0.001204
0.000984
0.001146
0.001247
0.000990
0.001279
0.001092
0.000962
0.001083
0.001131
0.001154
0.000953
0.001135
0.001151
0.001190
0.000937
0.001145
0.001243
0.001147
0.001151
0.001277
0.000924
0.001149
0.001117
0.001151
0.001236
0.001164
