0.002682
0.005934
0.014992
0.025321
0.039414
0.060676
0.091843
0.125837
0.167948
0.194773
0.249218
0.307234
0.321828
0.304802
0.249538
0.190350
0.142529
0.106686
0.077852
0.059083
0.046792
0.036591
0.031873
0.028223
0.027597
0.045604
0.078979
0.110725
0.150932
0.207254
0.269866
0.298481
0.335329
0.370478
0.406249
0.467016
0.530131
0.574611
0.669104
0.760698
0.833604
0.879016
1.000196
1.044718
1.120127
1.202694
1.260671
1.363267
1.389773
1.529383
1.635050
1.751593
1.874531
1.970758
2.067035
2.221385
2.345772
2.501806
2.642453
2.745625
2.890234
3.047641
3.167430
3.225179
3.313311
3.529511
3.695961
3.779824
3.789064
3.862139
3.846431
3.814576
3.778335
3.739370
3.700553
3.665144
3.633905
3.599923
3.557221
3.525014
3.492248
3.459208
3.433192
3.414361
3.473640
3.556289
3.649540
3.745072
3.757773
3.670090
3.539675
3.429609
3.303502
3.182790
3.061779
2.971048
2.886922
2.814029
2.746628
2.687209
2.672176
2.697322
2.712720
2.722850
2.746392
2.764617
2.788126
2.822923
2.858833
2.894011
2.870908
2.829277
2.801193
2.761559
2.734228
2.707783
2.722121
2.751733
2.796191
2.840932
2.893680
2.950011
3.031186
3.115076
3.196232
3.294809
3.387388
3.469265
3.498999
3.528907
3.568753
3.602783
3.630274
3.659875
3.695339
3.722009
3.756193
3.846895
3.934289
4.014292
4.073852
4.146101
4.261561
4.309819
4.295150
4.217273
4.155414
4.088109
4.027665
3.967704
3.912037
3.859664
3.813461
3.773715
3.719937
3.677235
3.651179
3.617595
3.566232
3.521606
3.487994
3.447366
3.407325
3.346587
3.290520
3.233921
3.170309
3.104857
3.037041
2.972776
2.887653
2.789723
2.679117
2.578040
2.465606
2.353621
2.262300
2.179515
2.120594
2.083408
2.046840
2.007866
1.969322
1.939531
1.904169
1.878478
1.855648
1.833675
1.821303
1.800116
1.784158
1.697082
1.588802
1.485712
1.398000
1.311506
1.276258
1.272040
1.274942
1.284080
1.291570
1.303080
1.320559
1.342853
1.368834
1.404619
1.441333
1.476168
1.514947
1.482444
1.411963
1.359203
1.301881
1.248711
1.202875
1.228834
1.288189
1.335150
1.376940
1.418578
1.466134
1.521784
1.573810
1.620788
1.691217
1.760321
1.805341
1.867567
1.888373
1.873961
1.849057
1.842197
1.826402
1.892516
1.962097
2.021383
2.116718
2.180837
2.249120
2.306961
2.373444
2.463420
2.524745
2.609374
2.702061
2.802996
2.911366
3.087079
3.197589
3.310146
3.475924
3.632581
3.838650
4.033518
4.282072
4.492496
4.700076
4.836791
4.782205
4.664753
4.605587
4.501398
4.437354
4.365820
4.274427
4.173889
4.080888
4.064463
3.933368
3.766828
3.768108
3.589506
3.425667
3.194130
2.947151
2.769092
2.495454
2.306227
2.158246
2.261601
2.113594
1.845127
1.724148
1.795568
1.643958
1.610503
1.684998
1.760583
1.784023
1.776078
1.651545
1.403145
1.307207
1.320025
1.253035
1.158567
1.217891
1.133247
1.187498
1.083875
1.121731
1.070930
0.850946
0.777663
0.679652
0.678767
0.527598
0.581809
0.588304
0.577754
0.548003
0.521916
0.518743
0.547064
0.568840
0.607587
0.621357
0.597958
0.554778
0.506990
0.494939
0.513943
0.561752
0.604335
0.613618
0.594179
0.560756
0.542627
0.532561
0.550187
0.579566
0.599679
0.606590
0.582902
0.553030
0.516369
0.506426
0.527312
0.551126
0.571985
0.592468
0.581110
0.542534
0.505981
0.506549
0.522996
0.551657
0.564343
0.575023
0.560055
0.536839
0.517324
0.513033
0.525855
0.545165
0.566952
0.575444
0.561130
0.532118
0.511699
0.507001
0.514700
0.539732
0.571046
0.645930
0.672944
0.705821
0.709708
0.739180
0.751415
0.828162
0.880802
0.890990
0.982201
1.019271
1.152409
1.201946
1.317272
1.395178
1.564852
1.522701
1.572544
1.771717
1.843059
1.913239
2.098560
2.227500
2.337668
2.323326
2.320678
2.349372
2.381301
2.630039
2.621723
2.914395
3.140531
3.236176
3.486790
3.543291
3.745141
3.859779
3.830230
3.961582
4.080730
4.115210
4.219816
4.408589
4.636013
4.658208
4.647266
4.757238
4.803228
4.862182
4.843654
4.677239
4.461200
4.303533
4.101876
3.925747
3.740298
3.588457
3.435576
3.356745
3.252169
3.157651
2.888867
2.654752
2.646152
2.455775
2.260154
2.308766
2.217409
2.239996
2.133826
1.937206
1.916134
1.721143
1.643939
1.449909
1.356220
1.296896
1.205176
1.074407
1.042250
1.005659
0.952024
0.853700
0.726774
0.639204
0.620584
0.633943
0.510876
0.515435
0.358410
0.365350
0.293934
0.266853
0.252980
0.175839
0.167263
0.156361
0.153593
0.168579
0.156585
0.159905
0.147615
0.146923
0.155904
0.176055
0.196217
0.177487
0.166835
0.166309
0.163272
0.165407
0.169848
0.183401
0.181015
0.182217
0.162984
0.161427
0.155116
0.160504
0.171196
0.188031
0.201915
0.199035
0.170696
0.165397
0.158747
0.162875
0.187385
0.201219
0.195066
0.195803
0.196434
0.183309
0.170229
0.171229
0.186117
0.194277
0.203107
0.197771
0.179163
0.171341
0.160151
0.161091
0.178054
0.186108
0.191863
0.184945
0.176954
0.155384
0.160965
0.163633
0.167547
0.170898
0.177035
0.182545
0.173664
0.161911
0.149447
0.151096
0.162627
0.176311
0.173207
0.173615
0.166355
0.152350
0.146294
0.149884
0.164929
0.175158
0.191330
0.183923
0.170670
0.151508
0.138736
0.148836
0.162352
0.180844
0.182553
0.176420
0.162795
0.150890
0.146492
0.146691
0.155550
0.169419
0.174193
0.170146
0.158063
0.145151
0.132483
0.140539
0.154374
0.163520
0.167808
0.160974
0.156364
0.143867
0.139394
0.147646
0.160350
0.180167
0.188728
0.179289
0.168447
0.159011
0.150749
0.158708
0.169773
0.180363
0.186882
0.182250
0.166926
0.149211
0.141951
0.145032
0.162159
0.178204
0.187172
0.183228
0.179316
0.169405
0.167887
0.171425
0.176232
0.194331
0.201966
0.193382
0.190527
0.175594
0.167131
0.170623
0.187781
0.211231
0.227451
0.225605
0.209004
0.190365
0.173793
0.178837
0.193906
0.217116
0.231010
0.227580
0.209977
0.198539
0.191862
0.189039
0.196603
0.213732
0.221696
0.218653
0.197177
0.171849
0.144354
0.111819
0.083545
0.079747
0.072506
0.063519
0.047083
0.024544
0.020457
0.228274
1.716935
4.964471
4.659877
4.501482
4.509190
4.939751
4.762543
4.394692
4.729276
5.014911
4.487536
4.346266
2.119830
2.085897
1.480468
1.605860
1.563745
1.620205
1.851022
1.698139
1.859625
1.861484
2.095235
2.215810
2.265380
2.380832
2.589131
2.646580
3.078043
3.104590
3.474100
3.534850
3.640851
3.780844
3.682635
3.604041
3.547668
3.429170
3.425397
3.445243
3.297268
3.339633
3.291709
3.307614
3.432379
3.581000
3.734614
3.848368
3.960374
4.186800
4.383833
4.562319
4.720606
4.901260
5.102671
5.284981
5.471129
5.635017
5.802768
6.014289
6.221002
6.431216
6.685267
6.947091
7.244752
7.530736
7.826586
8.086564
8.358860
8.716248
9.020901
9.365000
9.736131
10.134241
10.573449
11.026496
11.469945
11.892587
12.328153
12.777023
13.200094
13.722611
14.242991
14.704231
15.055865
15.359328
15.826188
16.170758
16.810476
17.233502
17.730191
18.332317
18.862827
19.608351
20.206080
21.116155
21.817187
22.416316
23.345804
24.066526
24.824024
25.780132
26.758436
27.759014
28.687582
29.678192
30.729390
31.735333
32.730288
33.848297
35.067768
35.633495
35.294863
35.025410
34.790090
34.708436
34.526945
34.372312
34.299255
34.142396
33.976826
33.920145
33.862145
33.812486
24.438654
21.686983
20.496294
20.504268
23.840840
22.892587
21.816671
23.177737
21.028368
21.829259
21.265125
22.062195
21.934114
21.814341
19.205107
17.525759
16.022620
16.830231
16.987447
17.079581
17.227032
16.879287
16.447478
15.085318
15.086833
15.586246
15.514788
15.351365
15.349952
16.006870
15.740056
15.594223
15.260368
14.947568
14.804265
14.916328
15.172742
15.380540
15.407592
15.191198
15.285572
15.001761
15.127406
15.203416
14.723478
14.544382
14.549803
14.629861
14.727460
14.843992
14.116134
13.930214
14.169033
14.493133
14.425416
14.314265
14.566942
14.445684
14.566038
14.276243
14.106530
14.291960
14.266491
14.469173
14.594456
14.798896
14.679752
14.744920
14.758315
14.780082
14.792442
14.743975
14.761121
14.625215
14.562130
14.523339
14.546325
14.495441
14.498060
14.518972
14.548796
14.583860
14.523817
14.622154
14.679110
14.706875
14.777615
14.793970
14.910829
14.839202
14.856155
14.993633
14.962992
14.932186
14.979232
15.051418
15.019225
15.002443
15.147073
15.130965
15.157668
15.187674
15.270396
15.310757
15.379378
15.468797
15.450790
15.595398
15.759756
15.588283
15.516308
15.518432
15.392482
15.307776
15.220428
15.194885
15.121698
15.014976
14.903670
14.892606
14.768373
14.676012
14.259053
14.129622
13.639477
13.564389
13.495924
13.409450
13.350677
13.312729
13.349286
13.370762
13.421874
13.533604
13.646188
13.767340
13.771825
13.893106
13.979277
14.073716
14.021300
13.918432
13.875775
13.810179
13.748671
13.674599
13.611584
13.504435
13.439205
13.378129
13.339914
13.268479
13.183328
13.095389
13.046852
12.999258
13.099816
13.221395
13.308202
13.389237
13.547572
13.724038
13.842680
14.001513
14.227312
14.442987
14.755162
15.027043
15.332019
15.598533
15.769837
16.055535
16.308395
16.392412
16.610749
16.600482
16.707114
16.719533
16.758885
16.717287
16.662315
16.584936
16.604869
16.612157
16.629903
16.616914
16.589814
16.570483
16.662084
16.778030
16.681382
16.666360
16.437915
16.318603
15.908334
15.986264
15.665165
15.729524
15.560375
15.224068
15.099897
15.456392
15.237038
14.988187
14.460666
14.367229
14.207080
14.098983
13.917232
13.889199
13.794906
13.528967
13.609021
13.527668
13.711060
13.884598
13.897469
13.794786
14.134764
14.462533
13.937439
13.928712
14.367745
14.204424
13.769114
13.973384
14.160327
14.044494
13.754686
13.585040
13.085900
11.756833
11.245748
10.769081
11.079029
10.247430
10.326166
10.142019
9.649726
9.615423
9.454275
9.437636
9.457569
9.458841
9.449648
9.452669
9.490086
9.491047
9.507949
9.521924
9.526133
9.527610
9.546054
9.563696
9.573874
9.596127
9.616579
9.634559
9.671404
9.665755
9.846719
9.984814
9.863666
9.901027
9.894583
10.159018
10.523004
10.854604
11.162315
11.192529
11.707023
11.904858
12.325788
11.847895
11.667452
11.598914
11.302284
11.143593
10.948017
10.916521
10.976192
11.033436
11.092973
11.163122
11.219459
11.269790
11.339639
11.404401
11.465494
11.514144
11.581423
11.663232
11.742547
11.823202
11.925378
12.150446
12.409207
12.610871
12.766092
12.948136
13.124885
13.305504
13.510466
13.240757
14.076300
14.482878
14.893800
15.052780
15.744348
14.892205
15.145737
15.489610
15.799094
17.388686
16.938424
18.273505
17.035791
17.364173
17.277576
18.521879
18.405270
18.302553
17.834903
18.107467
17.513614
16.990771
16.951869
16.916505
16.848116
16.796217
16.755061
16.719833
16.687108
16.626416
16.592411
16.574013
16.553474
16.512463
16.496571
16.470342
16.460163
16.432308
16.425821
16.427872
16.420826
16.372185
16.327859
16.269119
16.234596
16.081085
15.967775
16.081960
15.998568
15.868128
16.005142
16.066972
16.194399
16.584362
16.671681
16.999242
17.331828
17.462907
17.672218
17.740958
17.452397
17.217620
17.973058
19.574163
19.163981
20.240551
20.660950
20.986230
21.615855
22.041320
22.203809
21.741101
22.262893
23.026001
23.510914
24.416491
25.294259
25.081796
25.264133
25.952279
25.777954
25.954794
26.824164
26.783728
26.992929
27.364695
27.874417
28.179561
28.583101
28.880092
29.404499
29.565354
29.063441
28.607284
28.451312
27.840202
27.229281
26.858171
26.697588
26.968196
27.297141
27.670370
27.787117
27.851535
27.843339
27.961001
27.522179
27.441656
27.641856
28.082115
28.337397
28.436478
28.152827
27.719965
27.587740
27.508473
27.083175
26.421548
26.039799
26.255635
26.784502
27.338450
27.664655
27.691790
27.530373
27.283939
27.170210
27.137941
27.370283
27.600311
27.872816
27.873218
27.601736
27.214269
26.909266
26.919036
27.208509
27.609948
27.904438
27.863851
27.531101
27.035506
26.738936
26.717805
27.083148
27.628903
27.926727
27.889359
27.518663
27.029530
26.680896
26.704571
26.965709
27.422679
27.723678
27.714380
27.388756
26.938036
26.614029
26.603210
26.943391
27.366474
27.700545
27.666685
27.442082
27.219784
26.953952
26.972578
27.147006
27.340619
27.541228
27.474998
27.262672
27.139742
26.987590
26.983080
27.145770
27.401024
27.528640
27.539807
27.412077
27.187624
27.057978
27.036421
27.315678
27.634603
27.795700
27.708301
27.511876
27.326914
27.207431
27.181596
27.329790
27.536860
27.684412
27.703897
27.467385
27.157729
26.951708
26.999982
27.176809
27.433268
27.590000
27.548144
27.370144
27.004752
26.753807
26.814536
26.998526
27.066543
27.248541
27.580811
28.035027
28.048882
27.516214
27.154284
26.905759
26.927576
27.148036
27.493348
27.637149
27.609397
27.392957
27.156065
26.992334
27.053385
27.250519
27.551038
27.753398
27.777189
27.632487
27.389222
27.233080
27.268827
27.461378
27.794314
27.940643
27.921175
27.750794
27.531654
27.301978
27.343124
27.562157
27.909173
28.135699
28.163895
27.893102
27.575158
27.255954
27.308214
27.614034
27.968634
28.185395
28.181452
27.929218
27.625194
27.389035
27.313647
27.515724
27.845930
28.098847
28.177131
27.919425
27.519323
27.266792
27.326930
27.590109
27.922313
28.154209
28.176312
27.926513
27.609564
27.348274
27.428054
27.701405
28.040063
28.340721
28.341655
28.109176
27.755180
27.602178
27.555093
27.757626
28.105909
28.270488
28.241019
28.009354
27.691770
27.491698
27.509407
27.715407
27.960339
28.015422
28.025398
27.883846
27.637628
27.430229
27.433542
27.617180
27.837054
28.023052
28.047155
27.881728
27.665869
27.568339
27.452575
27.684527
28.041850
28.231232
28.263312
27.997390
27.640500
27.418422
27.402260
27.721914
28.127279
28.422705
28.420643
28.092431
27.630991
27.433091
27.518970
27.839171
28.172090
28.351868
28.353708
28.126065
27.859789
27.674481
27.721736
27.964440
28.297102
28.563192
28.567824
28.290440
27.904810
27.565088
27.609811
27.897697
28.321607
28.577344
28.588098
28.284528
27.840635
27.514401
27.576053
27.827659
28.198843
28.410962
28.419586
28.177528
27.892325
27.708869
27.750834
27.909604
28.087884
28.206680
28.255789
28.110707
27.823543
27.606224
27.606214
27.747516
28.010466
28.146104
28.154628
27.965491
27.631698
27.363725
27.446853
27.670490
27.977313
28.207103
28.204516
27.954915
27.698689
27.410551
27.442784
27.641326
27.971120
28.166630
28.180785
27.955281
27.697896
27.606689
27.621521
27.864270
28.120260
28.318542
28.287117
28.033488
27.758921
27.543767
27.596610
27.829663
28.208188
28.458430
28.441269
28.167758
27.875726
27.560136
27.568723
27.362720
27.354559
27.129641
26.741917
26.529898
26.512766
26.969673
27.661354
27.906472
28.499912
29.099302
29.695639
30.331153
30.987206
31.710730
32.449003
33.314292
34.062679
34.995498
35.706912
36.656421
37.600289
38.579235
39.590257
40.564484
41.179730
41.477877
41.195963
40.165728
39.034161
38.053090
37.201152
36.386522
35.698357
34.965771
34.553059
33.580255
33.257831
32.791089
32.029076
30.669624
29.574456
28.477938
27.692353
27.691352
27.974704
28.405257
28.562929
28.515224
28.255867
28.013333
27.878491
27.802383
27.883888
28.200181
28.465537
28.366704
28.118768
27.884424
27.547833
27.654366
27.826127
28.071196
28.304692
28.351350
28.255042
27.992478
27.760016
27.689416
27.833759
28.084481
28.269647
28.277994
28.228356
27.959621
27.675319
27.600547
27.738357
27.688852
27.310303
27.181727
27.055974
26.911866
26.784348
26.683035
26.590069
26.482566
26.359116
26.256524
26.167626
26.107218
26.073205
25.998597
25.950279
25.922156
25.908163
25.906204
25.896311
25.899498
25.901757
25.914026
25.969293
26.037895
26.104017
26.170249
26.259472
26.037404
25.692766
25.108987
25.023974
25.029442
25.020903
25.028310
25.042868
25.058357
25.078108
25.109606
25.134053
25.201302
25.255797
25.268709
25.356647
25.451407
25.467392
25.670120
25.902339
26.136586
26.245712
26.418604
26.541228
26.667277
27.098790
27.152904
27.379514
28.116438
28.494123
29.045530
29.529812
29.950466
30.390393
30.954068
31.366178
31.696054
32.177856
32.724563
33.231953
33.703065
34.164395
34.754343
35.388871
36.094453
36.780972
37.506682
38.184171
38.991861
39.758829
40.466921
41.160984
41.912341
42.714975
43.579001
44.392726
45.270093
46.094777
46.951145
47.828021
48.691684
49.546219
49.632324
49.161624
48.161725
47.336122
46.484492
45.673851
44.921256
44.157556
43.432296
42.725945
41.974590
41.226223
40.444612
39.706685
39.070849
38.457542
37.750082
37.059556
36.410100
35.302212
35.523012
34.519949
33.690125
33.523367
33.062333
31.467096
30.886466
30.703750
30.603595
30.276331
29.914667
29.829433
28.716626
27.790910
27.698060
27.519273
27.587689
27.292339
26.964909
26.318349
26.226348
26.446918
26.618176
26.699612
26.845758
26.731141
26.643843
26.915069
27.031710
27.413428
27.668676
28.188016
28.367263
28.589465
29.066767
29.288024
29.389869
29.351745
29.669991
29.709400
29.634592
29.993885
30.653298
31.026221
31.114146
30.930860
30.950856
31.039982
31.085974
30.973296
30.920346
30.683268
30.549411
30.435822
30.308413
30.198720
30.093419
29.978685
29.892264
29.808381
29.720953
29.613739
29.521964
29.445408
29.357471
29.292600
29.206393
29.349492
29.601645
30.044761
30.139961
30.053139
29.943475
29.847928
29.754495
29.679295
29.588117
29.511996
29.447141
29.365137
29.295963
28.879200
28.858722
28.911888
28.827333
28.597304
28.516582
28.325457
28.106989
28.218219
28.341362
28.233657
28.118098
28.464540
28.459918
28.521822
28.514594
28.671189
28.934234
28.597411
28.516274
28.156718
27.128559
26.951760
26.818761
26.945181
25.873450
25.041353
24.243402
23.258609
23.208175
22.246738
21.852690
22.255768
22.463113
21.940099
21.748804
21.742457
21.715429
21.819137
21.518872
21.679805
20.998071
20.680745
20.709903
20.617098
20.361286
20.410369
20.224133
20.079660
19.983581
20.204270
20.346626
20.378927
20.317451
20.015936
19.796493
19.320719
19.317579
18.897471
18.875490
18.873696
18.764806
18.571940
18.642699
17.708384
17.270236
17.026648
16.851933
16.626819
16.112363
15.632269
15.288548
14.795576
14.629873
14.544408
14.601631
14.431588
14.156908
13.922224
13.658599
13.407051
13.194417
12.960670
13.209239
12.938894
12.902662
12.313199
11.879771
11.485216
11.216900
11.119554
10.843735
10.536459
10.300574
10.022088
9.803097
9.600156
9.337487
9.121692
8.902705
8.724998
8.564391
8.383567
8.207256
8.040691
7.845640
7.674175
7.516264
7.348550
7.196736
7.010237
6.837305
6.644179
6.439278
6.288106
6.150186
6.011408
5.900863
5.794174
5.671835
5.516233
5.391554
5.263635
5.165565
5.048992
4.930752
4.815048
4.668023
4.523586
4.393506
4.278446
4.282951
4.396845
4.540914
4.651692
4.762836
4.830677
4.897018
4.978075
5.039176
5.094803
5.143965
5.207287
5.250890
5.264857
5.265430
5.272147
5.284421
5.295460
5.295915
5.281756
5.278612
5.269051
5.307727
5.321087
5.313989
5.282931
5.244591
5.168372
5.091666
5.019795
4.941249
4.853065
4.794751
4.697112
4.643488
4.548136
6.828908
8.119880
9.946794
11.497350
12.027614
11.859566
11.155436
10.523477
9.885184
9.835104
9.793998
9.720584
9.654476
9.605397
9.556281
9.514298
9.478547
9.435556
9.404921
9.369651
9.332645
9.293728
9.261851
9.343384
9.443792
9.522513
9.616146
9.703952
9.768850
9.859669
9.960377
10.036568
10.125843
10.181916
10.233164
10.318140
10.398331
10.478504
10.561336
10.636775
10.727080
10.795320
10.875929
10.966527
11.044699
11.195746
11.312712
11.421408
11.544574
11.643857
11.749672
11.836209
11.953454
12.078356
12.218811
12.348775
12.450074
12.569185
12.709245
12.824119
12.953625
13.124472
13.240598
13.365779
13.503663
13.610440
13.762378
13.930982
14.094006
14.256063
14.533921
15.722807
19.243672
21.908463
20.462626
20.495144
20.517670
20.552331
20.571657
20.612070
20.627117
20.663832
20.704748
20.732102
20.760260
20.789195
20.818674
20.874968
20.922319
20.999388
21.066594
21.136483
21.207937
21.289703
21.372077
21.447845
21.503739
21.550104
21.594037
21.678937
21.891357
22.012145
22.007656
22.001247
21.994038
22.010310
