0.000000	0.000000	0.000000
0.785398	0.707107	0.707107
1.570796	0.707108	1.707108
2.356193	-0.707101	3.121321
3.141591	-2.707101	3.121325
3.408561	-4.636249	2.593709
3.395323	-6.572215	2.091676
3.297556	-8.547940	1.781012
3.531701	-10.397675	1.020436
2.746303	-12.243445	1.790587
2.249124	-13.498428	3.347833
2.332633	-14.878930	4.794971
2.268766	-16.164258	6.327268
1.677341	-16.277626	7.387292
0.891943	-15.021824	8.943878
0.106545	-13.033166	9.156565
-0.225917	-11.083989	8.708565
-0.246581	-9.144486	8.220386
-0.283437	-7.224288	7.661072
-0.307672	-5.318208	7.055390
-0.248948	-3.379865	6.562623
-0.290858	-1.463871	5.989074
-0.155849	0.511889	5.678636
-0.245325	2.452006	5.192893
-0.290832	4.368016	4.619395
-0.308685	6.273483	4.011782
0.476713	8.050499	4.929504
0.742998	9.523387	6.282501
0.801578	10.914533	7.719410
0.827758	12.267590	9.192242
0.872707	13.553101	10.724385
0.087309	15.545483	10.898781
-0.261070	17.477712	10.382553
-0.146551	19.456271	10.090498
-0.202404	21.415443	9.688448
-0.260581	23.347922	9.173164
-0.274605	25.272985	8.630831
-0.286196	27.191632	8.066221
-0.291149	29.107460	7.492117
-0.303004	31.016348	6.895340
-0.308718	32.921796	6.287665
-0.258141	34.855526	5.777097
-0.278338	36.778552	5.227581
-0.298911	38.689866	4.638622
0.486487	40.457827	5.573668
0.831407	41.805500	7.051426
0.830651	43.154290	8.528168
0.830558	44.503217	10.004784
0.832278	45.849602	11.483718
0.046880	46.848504	11.530582
-0.276694	48.772432	10.984229
-0.280905	50.694041	10.429778
-0.288055	52.611637	9.861601
-0.287142	54.529752	9.295177
-0.285324	56.448892	8.732240
-0.286953	58.367113	8.166177
-0.287207	60.285191	7.599627
-0.288053	62.202788	7.031454
-0.290003	64.119274	6.459543
-0.289743	66.035908	5.888130
-0.291502	67.951534	5.313349
-0.291320	69.867265	4.738914
-0.290749	71.783324	4.165575
0.494650	73.543594	5.115022
0.829261	74.894435	6.589886
0.831284	76.242290	8.067481
0.828159	77.594757	9.540856
0.827358	78.948403	11.013148
0.827380	80.302017	12.485469
0.041982	81.301136	12.527438
-0.743416	82.773457	11.173825
-1.528814	82.857396	9.175587
-1.866045	82.275441	7.262128
-1.867600	81.690511	5.349576
-1.865369	81.109850	3.435724
-1.866962	80.526141	1.522799
-1.865530	79.945171	-0.390959
-1.866965	79.361454	-2.303882
-1.866823	78.778010	-4.216888
-1.861267	78.205204	-6.133107
-1.861773	77.631428	-8.049035
-1.864157	77.053087	-9.963589
-1.864047	76.474955	-11.878208
-1.865634	75.893786	-13.791906
-1.865750	75.312395	-15.705538
-1.080352	76.254432	-17.469785
-0.795962	77.653626	-18.898859
-0.794276	79.055229	-20.325571
-0.794136	80.457031	-21.752087
-1.579534	80.439556	-23.752011
-2.364932	79.013040	-25.153813
-2.756541	77.159482	-25.905028
-2.758453	75.304491	-26.652696
-2.756466	73.450989	-27.404049
-2.756218	71.597675	-28.155861
-2.755221	69.745110	-28.909522
-2.760387	67.888677	-29.653601
-2.762159	66.030927	-30.394389
-2.761692	64.173525	-31.136046
-2.764390	62.314127	-31.872689
-2.764528	60.454630	-32.609074
-1.979131	59.660468	-34.444640
-1.402410	59.995651	-36.416353
-1.405926	60.323900	-38.389233
-1.406113	60.651780	-40.362173
-1.405594	60.980684	-42.334943
-1.404933	61.310892	-44.307495
-1.402806	61.645295	-46.279341
-1.400868	61.983519	-48.250534
-1.399323	62.324788	-50.221203
-1.401699	62.661372	-52.192677
-2.187097	61.505331	-53.824722
-2.357593	60.089140	-55.236955
-2.361738	58.667109	-56.643308
-2.356828	57.252000	-58.056626
-2.360158	55.832192	-59.465222
-2.361468	54.410540	-60.871958
-1.576070	54.399992	-62.871930
-0.790672	55.806727	-64.293582
-0.345007	57.688873	-64.969988
-0.343512	59.572029	-65.643579
-0.342862	61.455622	-66.315946
-0.341395	63.340199	-66.985549
-0.338571	65.226659	-67.649828
-0.338826	67.112949	-68.314588
-0.338934	68.999169	-68.979552
-0.336890	70.886743	-69.640659
-0.337291	72.774052	-70.302522
-1.122689	73.640574	-72.105059
-1.691330	73.400089	-74.090548
-1.690820	73.160618	-76.076160
-1.690663	72.921458	-78.061809
-1.690580	72.682463	-80.047478
-1.691961	72.440727	-82.032815
-1.694163	72.194619	-84.017615
-1.694663	71.947520	-86.002292
-1.694366	71.701009	-87.987042
-1.691841	71.459510	-89.972408
-0.906443	72.692610	-91.547039
-0.746170	74.161198	-92.904702
-0.747671	75.627747	-94.264567
-0.749211	77.092199	-95.626690
-0.747567	78.558889	-96.986403
-0.743701	80.030825	-98.340436
-1.529099	80.114195	-100.338697
-2.314497	78.760162	-101.810633
-2.771671	76.895450	-102.533717
-2.773281	75.029579	-103.253799
-2.773978	73.163205	-103.972581
-2.773745	71.296999	-104.691796
-2.772656	69.431577	-105.413043
-2.774453	67.564862	-106.130938
-2.775260	65.697567	-106.847326
-2.776382	63.829471	-107.561616
-2.775391	61.962082	-108.277759
-2.965273	59.993090	-108.628574
-2.967017	58.023490	-108.975955
-2.970949	56.052539	-109.315587
-2.969119	54.082214	-109.658827
-2.965666	52.113084	-110.008868
-2.967104	50.143453	-110.356076
-2.968284	48.173415	-110.700961
-2.966269	46.204076	-111.049814
-2.966100	44.234794	-111.399000
-2.962456	42.266798	-111.755361
-2.963763	40.298339	-112.109148
-2.962354	38.330380	-112.465708
-2.961589	36.362694	-112.823774
-2.959620	34.395717	-113.185714
-2.959184	32.428897	-113.548511
-2.959215	30.462068	-113.911248
-3.744613	28.814815	-112.776982
-3.981827	27.480239	-111.287384
-3.980425	26.143576	-109.799657
-3.981197	24.808061	-108.310899
-3.978610	23.468700	-106.825600
-3.978187	22.128711	-105.340869
-3.981550	20.793721	-103.851640
-3.982559	19.460234	-102.361065
-3.197161	17.463322	-102.249986
-2.799960	15.578904	-102.920038
-2.799809	13.694587	-103.590374
-2.800931	11.809520	-104.258595
-2.796986	9.927104	-104.934248
-2.799186	8.043205	-105.605758
-2.797758	6.160267	-106.279958
-2.798473	4.276849	-106.952811
-2.796426	2.394811	-107.629518
-2.798612	0.511298	-108.302110
-2.800518	-1.373492	-108.971111
-2.794607	-3.254296	-109.651240
-2.795017	-5.135379	-110.330597
-3.580416	-6.945883	-109.480848
-3.953784	-8.321701	-108.029256
-3.953549	-9.697862	-106.577987
-3.957462	-11.068334	-105.121344
-3.956258	-12.440558	-103.666352
-3.170860	-14.439701	-103.607826
-2.816098	-16.334686	-104.247382
-2.816327	-18.229818	-104.886503
-2.813974	-20.123440	-105.530082
-2.815648	-22.018138	-106.170490
-2.817731	-23.914165	-106.806950
-2.819113	-25.811069	-107.440789
-2.816315	-27.706194	-108.079932
-2.815558	-29.600833	-108.720510
-2.815166	-31.495220	-109.361830
-2.815592	-33.389882	-110.002344
-2.816352	-35.285029	-110.641416
-2.817181	-37.180705	-111.278919
-3.602579	-38.971934	-110.389257
-3.938939	-40.369149	-108.958248
-3.937568	-41.768325	-107.529156
-3.935024	-43.171132	-106.103628
-3.934773	-44.574297	-104.678451
-3.933096	-45.979850	-103.255631
-3.147698	-47.979812	-103.243420
-2.798839	-49.863477	-103.915585
-2.810525	-51.754869	-104.565691
-2.806953	-53.643926	-105.222549
-2.806062	-55.532397	-105.881090
-2.805670	-57.420609	-106.540370
-2.803658	-59.307490	-107.203449
-2.803952	-61.194568	-107.865973
-2.802216	-63.080493	-108.531772
-2.802044	-64.966303	-109.197894
-2.800650	-66.851183	-109.866645
-2.802683	-68.737418	-110.531563
-2.819960	-70.634859	-111.163796
-3.605358	-72.423609	-110.269158
-3.919761	-73.848008	-108.865206
-3.924321	-75.265992	-107.454775
-3.924339	-76.683951	-106.044316
-3.927378	-78.097616	-104.629555
-3.141982	-80.097615	-104.628776
-2.827232	-81.999602	-105.247193
-2.829958	-83.903269	-105.860424
-2.826839	-85.805015	-106.479589
-2.828747	-87.707937	-107.095124
-2.849464	-89.623202	-107.671107
-2.839241	-91.532479	-108.266638
-2.851473	-93.448898	-108.838773
-2.827161	-95.350842	-109.457325
-2.823341	-97.250410	-110.083138
-2.819964	-99.147853	-110.715362
-2.817013	-101.043423	-111.353182
-2.817752	-102.939463	-111.989603
-2.817079	-104.835074	-112.627298
-2.817008	-106.730640	-113.265130
-2.819174	-108.627583	-113.898853
-2.817555	-110.523498	-114.535647
-2.816781	-112.418920	-115.173907
-2.815236	-114.313353	-115.815096
-2.811667	-116.205486	-116.463042
-2.809029	-118.095902	-117.115977
-2.807611	-119.985391	-117.771592
-2.804822	-121.873044	-118.432473
-2.807644	-123.762555	-119.088024
-3.593043	-125.562186	-118.215483
-4.378441	-126.217737	-116.325972
-4.569561	-126.502423	-114.346337
-4.570184	-126.785874	-112.366525
-4.567365	-127.074906	-110.387521
-4.569720	-127.359277	-108.407841
-4.571723	-127.639683	-106.427595
-4.570628	-127.922256	-104.447658
-4.570704	-128.204679	-102.467699
-4.577642	-128.473359	-100.485828
-4.366455	-129.151511	-98.604310
-5.151853	-128.300602	-96.794351
-5.937251	-126.419084	-96.116198
-6.143974	-124.438433	-95.838675
-6.152087	-122.455595	-95.577229
-6.143655	-120.475032	-95.299072
-6.139787	-118.495560	-95.013258
-6.134228	-116.517708	-94.716443
-6.135615	-114.539445	-94.422372
-6.135178	-112.561311	-94.127437
-6.135996	-110.582937	-93.834121
-6.144392	-108.602170	-93.557425
-6.142209	-106.622011	-93.276405
-6.149989	-104.639726	-93.010799
-6.144744	-102.658862	-92.734799
-6.145099	-100.677900	-92.459503
-6.145249	-98.696896	-92.184504
-6.150738	-96.714413	-91.920382
-6.152571	-94.731449	-91.659895
-6.149493	-92.749296	-91.393307
-5.929144	-90.873337	-90.699925
-6.158427	-88.888882	-90.451055
-6.166172	-86.902558	-90.217563
-6.171780	-84.914956	-89.995213
-6.167736	-82.928270	-89.764826
-6.166215	-80.941937	-89.531419
-6.172831	-78.954103	-89.311158
-6.198467	-76.961276	-89.141924
-6.365603	-74.968065	-89.306573
-7.151001	-74.084924	-90.348755
-6.365603	-72.091713	-90.513404
-6.043274	-70.148995	-90.038170
-6.054638	-68.201002	-89.585045
-6.050531	-66.254887	-89.123922
-6.057289	-64.305700	-88.675961
-6.051147	-62.359300	-88.216037
-6.038433	-60.418906	-87.731405
-6.038483	-58.478487	-87.246871
-6.035512	-56.539516	-86.756572
-6.048745	-54.594228	-86.291974
-6.288255	-53.594240	-86.297044
-6.781068	-52.715644	-86.774610
-5.995670	-51.756693	-86.491039
-5.210272	-51.279126	-85.612444
-4.424874	-51.562697	-84.653490
-3.639476	-52.497952	-84.145126
-2.854078	-53.770293	-84.521368
-2.068680	-54.247861	-85.399965
-1.283282	-53.964291	-86.358917
-0.497884	-53.085696	-86.836485
0.246845	-52.116007	-86.592139
1.032243	-51.603112	-85.733686
1.817640	-51.847457	-84.763997
2.603038	-52.705912	-84.251099
3.388436	-53.715427	-84.505479
4.173834	-54.228326	-85.363934
4.959232	-53.983982	-86.333623
5.744630	-53.125532	-86.846520
6.511576	-52.151500	-86.620110
7.296973	-51.622850	-85.771269
8.082371	-51.849259	-84.797237
8.867769	-52.698100	-84.268587
9.653168	-53.680241	-84.496881
10.438565	-54.208893	-85.345726
11.223963	-53.982485	-86.319759
12.009361	-53.133645	-86.848409
12.792107	-52.159014	-86.624585
13.577505	-51.628114	-85.777149
14.362902	-51.851938	-84.802518
15.148301	-52.699373	-84.271617
15.933699	-53.689620	-84.499027
16.719097	-54.220521	-85.346462
17.504494	-53.996698	-86.321093
18.289892	-53.149264	-86.851994
19.073234	-52.174176	-86.630177
19.858632	-51.641533	-85.783837
20.644029	-51.863350	-84.808747
21.429428	-52.709689	-84.276103
22.214826	-53.691369	-84.499419
23.000224	-54.224013	-85.345759
23.785621	-54.002197	-86.320848
24.571019	-53.155857	-86.853494
25.356416	-52.180768	-86.631679
26.141814	-51.648121	-85.785339
26.927212	-51.869935	-84.810249
27.712610	-52.716274	-84.277602
28.498008	-53.696466	-84.500576
29.283406	-54.229113	-85.346915
30.068804	-54.007300	-86.322004
30.854201	-53.160961	-86.854652
31.639599	-52.185871	-86.632840
32.424996	-51.653223	-85.786502
33.210394	-51.875034	-84.811411
33.995792	-52.721370	-84.278762
34.781190	-53.696524	-84.500588
35.566588	-54.229176	-85.346928
36.351986	-54.007366	-86.322018
35.566588	-55.072664	-88.014690
34.781191	-57.022843	-88.458313
34.606039	-59.020489	-88.555315
34.605877	-61.018151	-88.651992
34.605526	-63.015847	-88.747969
34.605346	-65.013560	-88.843586
34.601393	-67.011635	-88.931307
34.602357	-69.009625	-89.020951
34.601417	-71.007698	-89.108719
34.356844	-72.967563	-88.710058
34.648204	-74.959344	-88.891179
34.625526	-76.954721	-89.027089
34.625463	-78.950106	-89.162872
34.623036	-80.945815	-89.293813
34.625397	-82.941210	-89.429465
34.627299	-84.936342	-89.568912
34.630998	-86.930945	-89.715737
34.640421	-88.924076	-89.881351
34.825970	-90.852442	-90.411828
34.611644	-92.849513	-90.520023
34.612610	-94.846479	-90.630148
34.611788	-96.843535	-90.738633
34.611821	-98.840587	-90.847183
34.614234	-100.837371	-90.960551
34.612441	-102.834355	-91.070340
34.608050	-104.831802	-91.171359
34.605433	-106.829507	-91.267150
34.604490	-108.827301	-91.361056
34.601213	-110.825392	-91.448415
34.594105	-112.824054	-91.521569
34.593450	-114.822763	-91.593417
34.607725	-116.820243	-91.693786
34.613226	-118.817140	-91.805143
34.608887	-120.814501	-91.907834
34.608858	-122.811866	-92.010468
34.607117	-124.809406	-92.109622
34.610665	-126.806582	-92.215864
34.591407	-128.805434	-92.283627
34.596962	-130.803878	-92.362493
34.599993	-132.802074	-92.447415
34.602887	-134.800016	-92.538119
34.598100	-136.798369	-92.619259
34.595707	-138.796911	-92.695617
33.810309	-140.264086	-91.336427
33.556493	-141.342963	-89.652377
33.552904	-142.415789	-87.964466
33.551928	-143.486966	-86.275508
33.555272	-144.563787	-84.590142
33.557815	-145.644889	-82.907520
33.558087	-146.726449	-81.225192
32.772689	-146.301642	-79.270828
31.987291	-144.619314	-78.189268
31.579746	-142.646091	-77.863093
31.579955	-140.672936	-77.536506
31.585906	-138.701760	-77.198181
31.559337	-136.722291	-76.912343
31.578739	-134.748741	-76.588155
31.580688	-132.775826	-76.260120
31.581983	-130.803337	-75.929532
31.579491	-128.830031	-75.603861
31.573909	-126.854938	-75.289208
31.572743	-124.879479	-74.976859
31.577501	-122.905528	-74.655115
31.582303	-120.933146	-74.323895
31.582434	-118.960807	-73.992416
31.583356	-116.988774	-73.659119
31.587586	-115.018169	-73.317483
31.586414	-113.047165	-72.978158
31.584578	-111.075540	-72.642452
31.580648	-109.102612	-72.314498
31.576551	-107.128357	-71.994629
31.578606	-105.154763	-71.670704
31.577127	-103.180693	-71.349696
31.581486	-101.208040	-71.020088
31.579915	-99.234872	-70.693580
31.588704	-97.264650	-70.349741
31.588932	-95.294507	-70.005454
31.577527	-93.320565	-69.683658
31.576873	-91.346413	-69.363153
31.578271	-89.372710	-69.039889
31.573728	-87.397560	-68.725594
31.567145	-85.420384	-68.424308
31.563648	-83.442166	-68.129939
31.569222	-81.465620	-67.824547
31.573817	-79.490497	-67.510077
31.580338	-77.517468	-67.182735
31.578529	-75.543849	-66.858961
31.573446	-73.568610	-66.545223
31.576092	-71.594208	-66.226260
31.569065	-69.617614	-65.921180
31.577612	-67.643700	-65.599216
31.574051	-65.668651	-65.284282
31.577276	-63.694628	-64.962982
31.587633	-61.724039	-64.621254
31.584658	-59.752442	-64.285391
31.591331	-57.783130	-63.936379
31.588807	-55.812943	-63.592338
31.585137	-53.841507	-63.255530
31.570814	-51.865450	-62.946992
31.595884	-50.769593	-62.747628
31.997211	-49.933835	-62.198530
31.211813	-48.954594	-62.401229
30.426415	-48.405496	-63.236987
29.641017	-48.608195	-64.216228
28.855619	-49.443953	-64.765326
28.070221	-50.867776	-64.470601
27.284823	-51.501549	-63.505964
26.499425	-51.298851	-62.526720
25.714027	-50.463093	-61.977621
24.928629	-49.483852	-62.180319
24.185999	-48.899522	-62.991835
23.400601	-49.060167	-63.978849
22.615204	-49.871684	-64.563181
21.829805	-50.858698	-64.402536
21.044407	-51.475013	-63.546601
20.259009	-51.314369	-62.559588
19.473612	-50.502854	-61.975256
18.688214	-49.515841	-62.135899
17.927883	-48.911353	-62.932513
17.142485	-49.047206	-63.923244
16.357087	-49.843819	-64.527733
15.571689	-50.834550	-64.391880
14.786291	-51.451400	-63.578977
14.000893	-51.315547	-62.588247
13.215496	-50.518934	-61.983757
12.430098	-49.528204	-62.119609
11.651656	-48.918187	-62.911997
10.866259	-49.047143	-63.903649
10.080861	-49.839532	-64.513668
9.295463	-50.831184	-64.384712
8.510065	-51.445459	-63.586795
7.724667	-51.316504	-62.595144
6.939269	-50.524116	-61.985125
6.153871	-49.532466	-62.114080
5.368474	-48.922446	-62.906467
4.583076	-49.051399	-63.898118
3.797678	-49.843787	-64.508139
3.012280	-50.835438	-64.379186
2.226882	-51.445460	-63.586797
1.441484	-51.316507	-62.595146
0.656086	-50.524120	-61.985125
-0.129311	-49.532469	-62.114076
-0.914710	-48.922448	-62.906462
-1.700108	-49.051399	-63.898113
-2.485506	-49.843785	-64.508134
-3.270904	-50.835436	-64.379183
-4.056302	-51.451701	-63.578687
-4.841700	-51.322751	-62.587035
-5.627097	-50.530365	-61.977013
-6.412495	-49.538714	-62.105963
-7.197893	-48.928692	-62.898348
-7.983291	-49.057641	-63.890000
-8.768689	-49.850026	-64.500023
-9.554087	-50.841678	-64.371073
-10.339485	-51.456904	-63.571932
-11.124883	-51.327955	-62.580280
-11.910281	-50.535571	-61.970256
-12.695679	-49.543919	-62.099204
-13.450666	-48.910085	-62.872673
-14.236064	-49.008821	-63.867788
-15.021462	-49.782290	-64.501624
-15.806860	-50.777404	-64.402889
-16.592258	-51.447299	-63.585418
-17.377656	-51.348564	-62.590303
-18.163054	-50.575096	-61.956468
-18.948452	-49.579982	-62.055203
-19.717943	-48.933923	-62.818491
-20.503341	-49.016817	-63.815049
-21.288739	-49.780106	-64.461109
-22.074137	-50.776665	-64.378216
-22.859535	-51.424983	-63.612261
-23.644933	-51.342090	-62.615702
-24.430331	-50.578802	-61.969642
-25.215729	-49.582244	-62.052534
-26.001127	-48.936184	-62.815821
-26.786524	-49.019076	-63.812381
-27.571922	-49.782364	-64.458443
-28.357320	-50.778922	-64.375551
-29.142718	-51.425795	-63.611305
-29.928117	-51.342904	-62.614746
-30.713514	-50.579617	-61.968685
-31.498912	-49.583059	-62.051575
-32.284310	-48.936996	-62.814861
-33.069707	-49.019886	-63.811421
-33.855105	-49.783172	-64.457484
-34.640503	-50.779732	-64.374596
-35.425901	-51.434801	-63.600671
-36.211299	-51.351913	-62.604111
-36.996697	-50.588628	-61.958048
-37.782095	-49.592069	-62.040935
-38.567493	-48.946006	-62.804219
-39.352891	-49.028893	-63.800778
-40.138289	-49.792178	-64.446843
-40.923687	-50.788738	-64.363956
-41.709085	-51.436626	-63.598518
-42.494483	-51.353739	-62.601958
-43.279880	-50.590455	-61.955893
-44.065278	-49.593896	-62.038779
-44.850676	-48.947831	-62.802062
-45.636073	-49.030716	-63.798622
-46.421472	-49.793998	-64.444688
-47.206870	-50.790557	-64.361803
-47.992268	-51.436627	-63.598516
-48.777665	-51.353742	-62.601955
-49.563064	-50.590460	-61.955889
-50.348462	-49.593901	-62.038773
-51.133859	-48.947834	-62.802055
-51.919257	-49.030717	-63.798614
-52.704655	-49.794000	-64.444682
-53.490053	-50.790560	-64.361800
-54.275451	-51.436630	-63.598516
-55.060849	-51.353747	-62.601956
-55.846247	-50.590467	-61.955889
-56.631645	-49.593907	-62.038771
-57.417043	-48.947840	-62.802052
-58.202441	-49.030722	-63.798611
-58.987840	-49.794003	-64.444679
-59.773238	-50.790563	-64.361797
-60.558636	-51.436633	-63.598514
-61.344034	-51.353751	-62.601954
-62.129431	-50.590471	-61.955886
-62.914829	-49.593911	-62.038767
-63.700227	-48.947843	-62.802047
-64.485626	-49.030724	-63.798606
-65.271024	-49.794003	-64.444675
-66.056422	-50.790564	-64.361794
-66.841820	-51.436632	-63.598514
-67.627218	-51.353752	-62.601954
-68.412616	-50.590472	-61.955884
-69.198014	-49.593912	-62.038764
-69.983412	-48.947843	-62.802044
-70.768810	-49.031275	-63.805249
-71.554208	-49.794555	-64.451319
-72.339606	-50.791115	-64.368439
-73.125004	-51.437186	-63.605159
-73.910402	-51.354307	-62.608599
-74.695799	-50.591028	-61.962528
-75.481197	-49.594468	-62.045407
-76.266596	-48.948398	-62.808685
-77.051993	-49.033091	-63.827065
-77.837391	-49.796370	-64.473137
-78.622789	-50.792930	-64.390259
-79.408187	-51.439001	-63.626982
-80.193585	-51.356124	-62.630420
-80.978983	-50.592846	-61.984347
-81.764380	-49.596286	-62.067223
-82.549778	-48.950213	-62.830500
-83.335175	-49.033794	-63.835553
-84.120573	-49.797069	-64.481627
-84.905971	-50.793630	-64.398752
-85.691369	-51.439704	-63.635476
-86.476767	-51.356830	-62.638916
-87.262165	-50.593554	-61.992841
-87.670128	-48.679640	-61.412384
-87.032458	-47.487399	-59.806594
-87.034128	-46.292480	-58.202796
-87.036946	-45.093045	-56.602373
-87.041285	-43.886676	-55.007169
-87.046163	-42.672541	-53.417868
-87.038601	-41.470459	-51.819432
-87.033234	-40.276973	-50.214567
-87.032894	-39.084033	-48.609297
-87.020919	-37.910400	-46.989857
-87.806317	-35.935400	-46.674623
-87.778043	-33.970100	-46.303681
-87.867660	-31.979489	-46.110117
-87.939915	-29.980099	-46.060764
-88.046503	-27.986804	-46.224398
-87.261105	-27.224214	-45.577514
-86.475707	-27.060579	-43.584220
-85.690309	-28.354344	-42.059041
-85.599992	-29.780398	-40.656768
-85.591971	-31.217653	-39.265977
-85.596602	-32.648453	-37.868547
-85.602356	-34.071187	-36.462906
-85.570706	-35.537690	-35.102991
-85.534679	-37.052224	-33.796782
-85.488838	-38.625025	-32.561348
-85.527549	-40.148834	-31.265970
-85.542309	-41.653357	-29.948243
-85.537950	-43.163611	-28.637086
-85.545983	-44.663284	-27.313840
-85.148004	-46.558584	-26.675218
-85.130544	-48.464745	-26.069783
-85.138227	-50.366198	-25.449721
-85.070920	-52.305048	-24.958948
-85.133959	-54.209130	-24.347006
-85.120904	-56.121039	-23.759975
-85.120601	-58.033125	-23.173523
-85.125802	-59.942135	-22.577136
-85.123019	-61.852798	-21.986062
-85.147167	-63.748631	-21.349026
-85.083420	-65.661714	-20.839249
-85.176650	-67.528755	-20.149997
-85.129479	-69.435560	-19.546593
-85.126813	-71.343966	-18.948274
-85.131893	-73.249309	-18.340270
-85.917291	-74.166665	-16.563065
-86.548985	-73.857534	-14.587100
-86.551880	-73.542685	-12.612038
-86.551866	-73.227863	-10.636972
-86.636349	-72.749756	-8.704623
-86.551942	-72.434785	-6.729581
-86.571945	-72.080373	-4.761234
-86.557541	-71.754349	-2.787986
-86.550908	-71.441420	-0.812620
-86.535023	-71.159908	1.167469
-85.749625	-72.360983	2.766662
-85.564469	-73.835940	4.117403
-85.565574	-75.309404	5.469773
-85.565594	-76.782840	6.822173
-85.564963	-78.257130	8.173643
-85.558334	-79.740346	9.515309
-84.772935	-81.737840	9.415219
-84.463848	-83.610229	8.712256
-84.466715	-85.484626	8.014663
-84.464734	-87.357638	7.313358
-84.461202	-89.228160	6.605442
-84.465353	-91.101605	5.905296
-84.467063	-92.976245	5.208356
-84.469212	-94.852377	4.515445
-84.468469	-96.727995	3.821141
-84.465029	-98.601213	3.120388
-84.464656	-100.474169	2.418938
-84.465071	-102.347417	1.718264
-84.461464	-104.218125	1.010839
-84.460797	-106.088360	0.302166
-85.246195	-107.911925	1.123515
-85.604031	-109.332303	2.531537
-85.601652	-110.756026	3.936175
-85.605920	-112.173742	5.346878
-85.607489	-113.589243	6.759802
-84.822091	-115.589242	6.757981
-84.487755	-117.477900	6.099977
-84.484761	-119.364580	5.436322
-84.483871	-121.250669	4.770987
-84.480387	-123.134428	4.099085
-84.477965	-125.016554	3.422623
-84.479500	-126.899716	2.749050
-84.479600	-128.782945	2.075666
-84.480480	-130.666767	1.403940
-84.478235	-132.549076	0.727986
-84.480171	-134.432690	0.055678
-84.477361	-136.314407	-0.621922
-84.480385	-138.198164	-1.293827
-84.481657	-140.082775	-1.963335
-85.267055	-141.888810	-1.104128
-85.638082	-143.260431	0.351433
-85.637249	-144.633262	1.805852
-85.637108	-146.006299	3.260076
-85.635640	-147.381469	4.712284
-84.850242	-149.380727	4.766758
-84.494510	-151.273787	4.121527
-84.497656	-153.168868	3.482253
-84.492424	-155.060578	2.833075
-84.493803	-156.953182	2.186506
-84.491857	-158.844523	1.536254
-84.490508	-160.734986	0.883452
-84.487532	-162.623497	0.225027
-84.485142	-164.510430	-0.437911
-84.484302	-166.396804	-1.102433
-84.484689	-168.283437	-1.766224
-84.482167	-170.168389	-2.434772
-84.479927	-172.051838	-3.107540
-84.479351	-173.934900	-3.781393
-84.479485	-175.818052	-4.454993
-84.481395	-177.702488	-5.124996
-84.482594	-179.587725	-5.792739
-84.482700	-181.473033	-6.460283
-84.479198	-183.355991	-7.134423
-84.477004	-185.237466	-7.812695
-84.477832	-187.119503	-8.489407
-84.478902	-189.002262	-9.164105
-84.478566	-190.884795	-9.839435
-83.693168	-191.738415	-11.648117
-82.962895	-191.167833	-13.564999
-82.961654	-190.594872	-15.481171
-82.962062	-190.022692	-17.397577
-82.964913	-189.455979	-19.315606
-82.964336	-188.888160	-21.233308
-82.967120	-188.325680	-23.152583
-82.965337	-187.759781	-25.070852
-82.966061	-187.195270	-26.989531
-82.964064	-186.626928	-28.907078
-82.966161	-186.062609	-30.825813
-82.964615	-185.495325	-32.743673
-82.967881	-184.934307	-34.663376
-82.963305	-184.364511	-36.580491
-83.499722	-184.854506	-38.519539
-83.510488	-185.365348	-40.453199
-83.511732	-185.878594	-42.386221
-83.516354	-186.400769	-44.316852
-83.507211	-186.905271	-46.252175
-83.512651	-187.420293	-48.184726
-83.516180	-187.942133	-50.115447
-83.508134	-188.448420	-52.050304
-83.517709	-188.973211	-53.980225
-83.513596	-189.490060	-55.912288
-83.519836	-190.018954	-57.841088
-83.515014	-190.538542	-59.772416
-83.351602	-190.737009	-61.762544
-83.171329	-190.576085	-63.747945
-83.354570	-190.780457	-65.737476
-83.364466	-191.004507	-67.724886
-83.367998	-191.235575	-69.711493
-83.365720	-191.462118	-71.698621
-83.367173	-191.691547	-73.685418
-83.371612	-191.929792	-75.671178
-83.375810	-192.176372	-77.655919
-83.381250	-192.433746	-79.639289
-83.386756	-192.702036	-81.621213
-83.389156	-192.975081	-83.602486
-83.390651	-193.251090	-85.583349
-83.390807	-193.527406	-87.564170
-83.389060	-193.800262	-89.545470
-83.393557	-194.082024	-91.525523
-83.393847	-194.364362	-93.505494
-83.388225	-194.635564	-95.487021
-82.602827	-193.426181	-97.079941
-82.435375	-191.968221	-98.449011
-82.438193	-190.514125	-99.822184
-82.437148	-189.058595	-101.193837
-82.438618	-187.605083	-102.567628
-82.440393	-186.154013	-103.943998
-81.654995	-185.154360	-103.917588
-80.869597	-183.777990	-102.466517
-80.084199	-183.830811	-100.467215
-79.989739	-184.071971	-98.481808
-79.990210	-184.312195	-96.496287
-79.990514	-184.551815	-94.510693
-79.995218	-184.782093	-92.523995
-79.993772	-185.015243	-90.537631
-79.992273	-185.251371	-88.551619
-79.988936	-185.494124	-86.566406
-79.990996	-185.732787	-84.580697
-79.991185	-185.971076	-82.594943
-80.001064	-186.189734	-80.606932
-80.001798	-186.406934	-78.618761
-79.994523	-186.638592	-76.632222
-79.992617	-186.874037	-74.646129
-79.992870	-187.108978	-72.659977
-79.998745	-187.332247	-70.672478
-79.992346	-187.568231	-68.686449
-79.990080	-187.808712	-66.700959
-79.994112	-188.041187	-64.714516
-80.001611	-188.258758	-62.726386
-80.003724	-188.472129	-60.737801
-80.000700	-188.691511	-58.749869
-80.001056	-188.910187	-56.761860
-79.996472	-189.137972	-54.774874
-79.995202	-189.368282	-52.788179
-79.990689	-189.607555	-50.802543
-79.989219	-189.849747	-48.817262
-79.985925	-190.098477	-46.832789
-79.979441	-190.360068	-44.849970
-79.979815	-190.620917	-42.867054
-79.981478	-190.878469	-40.883707
-79.980741	-191.137483	-38.900550
-79.977467	-191.402990	-36.918252
-79.982220	-191.659071	-34.934714
-79.981925	-191.915737	-32.951252
-79.982944	-192.170381	-30.967529
-79.989226	-192.412559	-28.982246
-79.992656	-192.647926	-26.996143
-79.997269	-192.874128	-25.008976
-80.002615	-193.089703	-23.020629
-80.000464	-193.309555	-21.032749
-80.071789	-193.387182	-19.034256
-80.059681	-193.489002	-17.036851
-80.054096	-193.601974	-15.040044
-80.046687	-193.729739	-13.044129
-80.124249	-193.703079	-11.089138
-80.022283	-193.879508	-9.096936
-80.013476	-194.073477	-7.106365
-80.001700	-194.290872	-5.118215
-79.990264	-194.530988	-3.132681
-79.972742	-194.805857	-1.151660
-80.016930	-194.992949	0.839569
-80.091717	-195.030737	2.839212
-80.081965	-195.088025	4.838390
-80.067020	-195.175183	6.836489
-80.068432	-195.259520	8.834709
-80.070269	-195.340185	10.833082
-80.017969	-195.525207	12.824504
-80.019496	-195.707188	14.816208
-80.020680	-195.886811	16.808125
-80.014004	-196.079729	18.798799
-80.013027	-196.274590	20.789284
-80.008786	-196.477892	22.778924
-80.008624	-196.681517	24.768531
-80.008052	-196.886278	26.758021
-80.008566	-197.090017	28.747617
-80.002353	-197.306115	30.735908
-79.997728	-197.531405	32.723178
-80.003124	-197.745970	34.711635
-80.002741	-197.961294	36.700010
-80.788139	-196.707559	38.258262
-80.935491	-195.238628	39.615553
-80.933524	-193.772370	40.975732
-80.929309	-192.311859	42.342080
-80.932802	-190.846584	43.703319
-80.931423	-189.383187	45.066575
-81.327636	-187.507043	45.759455
-81.323506	-185.633776	46.460077
-81.322759	-183.761033	47.162098
-81.323926	-181.887472	47.861933
-81.321446	-180.015653	48.566413
-81.323120	-178.142656	49.267758
-81.324737	-176.268528	49.966073
-81.325453	-174.393901	50.663046
-81.320662	-172.522634	51.368992
-81.323738	-170.649205	52.069180
-81.313610	-168.782963	52.788305
-81.317299	-166.914081	53.500541
-81.318167	-165.044581	54.211154
-81.321947	-163.172409	54.914695
-81.320278	-161.301413	55.621360
-80.534880	-160.478107	57.444042
-79.944093	-160.809610	59.416377
-79.941057	-161.147100	61.387696
-79.939687	-161.487290	63.358551
-79.935356	-161.836011	65.327915
-79.934647	-162.186130	67.297031
-79.936214	-162.533162	69.266693
-79.932310	-162.887881	71.234985
-79.929662	-163.247810	73.202331
-79.931745	-163.603641	75.170423
-80.717143	-162.463602	76.813684
-80.903544	-161.038775	78.217204
-80.906558	-159.609724	79.616423
-80.906244	-158.181112	81.016091
-80.904302	-156.755222	82.418530
-80.904184	-155.329497	83.821138
-80.902607	-153.905986	85.225992
-80.900437	-152.485527	86.633932
-80.901160	-151.064050	88.040845
-80.896641	-149.648946	89.454168
-80.899052	-148.230439	90.864074
-80.904404	-146.804406	92.266368
-80.905153	-145.377322	93.667594
-80.905132	-143.950269	95.068850
-80.901431	-142.528412	96.475378
-80.903516	-141.103624	97.878938
-80.118118	-141.088613	99.878882
-80.005624	-141.298206	101.867869
-80.006194	-141.506663	103.856976
-80.244676	-141.239338	105.839030
-79.980544	-141.498742	107.822135
-79.979402	-141.760412	109.804944
-79.973762	-142.033260	111.786245
-79.974317	-142.305008	113.767697
-79.972238	-142.580874	115.748580
-79.441128	-143.822038	117.316863
-79.438644	-145.067093	118.882059
-79.442618	-146.305919	120.452189
-79.440349	-147.548305	122.019504
-79.447187	-148.779944	123.595279
-79.457072	-149.995946	125.183151
-79.456214	-151.213310	126.769980
-79.450907	-152.439079	128.350325
-79.451555	-153.663823	129.931465
-79.453884	-154.884881	131.515452
-80.239282	-154.628251	133.498919
-80.778441	-153.389686	135.069255
-80.777520	-152.152568	136.640732
-80.780947	-150.910072	138.207960
-80.781779	-149.666273	139.774154
-80.776347	-148.430999	141.347081
-80.780052	-147.189906	142.915420
-80.785376	-145.940481	144.477129
-80.782540	-144.695490	146.042376
-80.776957	-143.459258	147.614549
-81.562355	-142.466337	147.733323
-82.347753	-140.894163	146.497090
-83.133151	-140.656616	144.511248
-83.255690	-140.663586	142.511260
-83.258174	-140.675523	140.511296
-83.261694	-140.694501	138.511386
-83.257281	-140.704651	136.511411
-83.260792	-140.721824	134.511485
-83.262451	-140.742316	132.511590
-83.266946	-140.771797	130.511807
-83.271268	-140.809920	128.512171
-83.254761	-140.815031	126.512177
-83.265835	-140.842288	124.512363
-83.254647	-140.847173	122.512369
-83.247014	-140.836789	120.512396
-83.241984	-140.816347	118.512501
-83.239663	-140.791263	116.512658
-83.247813	-140.782478	114.512677
-83.252925	-140.783918	112.512678
-83.241037	-140.761581	110.512803
-83.055657	-140.376360	108.578177
-83.174483	-140.221071	106.584215
-83.251733	-140.220127	104.584215
-83.264862	-140.245440	102.584376
-83.266195	-140.273418	100.584571
-83.268116	-140.305239	98.584825
-83.269127	-140.339080	96.585111
-83.264766	-140.364200	94.585269
-83.265211	-140.390210	92.585438
-83.263534	-140.412867	90.585566
-83.261386	-140.431229	88.585651
-83.261400	-140.449619	86.585735
-83.272155	-140.489515	84.586133
-83.254529	-140.494164	82.586139
-83.258613	-140.506978	80.586180
-83.261481	-140.525529	78.586266
-83.245066	-140.511250	76.586317
-83.247965	-140.502769	74.586336
-83.252570	-140.503498	72.586336
-83.250929	-140.500946	70.586337
-83.244896	-140.486328	68.586391
-83.247423	-140.476763	66.586414
-83.251690	-140.475734	64.586415
-83.251606	-140.474534	62.586415
-83.243516	-140.457156	60.586491
-83.238147	-140.429040	58.586688
-83.203905	-140.332477	56.589021
-83.989303	-141.676761	55.108176
-83.203905	-141.628479	54.109343
-82.418507	-140.147635	52.765059
-81.633109	-138.149967	52.861621
-81.315572	-136.282318	53.577083
-81.317818	-134.413067	54.288348
-81.320030	-132.542247	54.995478
-81.313642	-130.675982	55.714543
-81.313428	-128.809871	56.434008
-80.609973	-127.852143	58.189786
-80.612974	-126.889150	59.942682
-80.613302	-125.925583	61.695262
-80.615104	-124.958858	63.446103
-80.617923	-123.987202	65.194212
-80.618459	-123.014609	66.941799
-80.619911	-122.039479	68.687973
-80.621733	-121.061171	70.432367
-80.623676	-120.079473	72.174857
-80.621771	-119.101098	73.919214
-80.622334	-118.121740	75.663020
-80.623228	-117.140823	77.405949
-80.623447	-116.159525	79.148663
-80.622765	-115.179415	80.892046
-80.619839	-114.204412	82.638290
-80.615242	-113.237446	84.388998
-80.616890	-112.267595	86.138109
-80.601811	-111.324229	87.901645
-80.603078	-110.378629	89.663984
-80.616032	-109.410281	91.413928
-80.594271	-108.480240	93.184527
-80.593760	-107.551103	94.955602
-80.615903	-106.582980	96.705670
-79.830505	-107.135899	98.627721
-79.542295	-108.212329	100.313336
-79.547264	-109.280370	102.004279
-80.332662	-108.839911	103.955175
-80.244911	-108.572121	105.937166
-80.240002	-108.314063	107.920448
-80.238897	-108.058197	109.904013
-80.236410	-107.807265	111.888209
-80.237397	-107.554376	113.872156
-81.022795	-105.972694	115.096199
-81.808192	-103.988747	114.843311
-81.944389	-102.057508	114.323392
-81.946410	-100.127324	113.799571
-81.956745	-98.202656	113.255830
-81.953296	-96.276124	112.718732
-81.167898	-94.534074	113.701210
-80.807840	-93.249886	115.234461
-80.810674	-91.961357	116.764066
-80.810064	-90.673761	118.294458
-80.810697	-89.385197	119.824032
-80.810535	-88.096881	121.353817
-80.814911	-86.801883	122.877949
-80.811328	-85.512354	124.406712
-80.814184	-84.218464	125.931785
-80.814152	-82.924623	127.456900
-80.815791	-81.628284	128.979893
-80.812965	-80.336254	130.506542
-80.811916	-79.045826	132.034546
-80.812651	-77.754276	133.561601
-80.812968	-76.462241	135.088246
-80.808678	-75.176767	136.620420
-80.023280	-75.351211	138.612797
-79.237882	-76.883384	139.898271
-78.908821	-78.748758	140.619646
-78.912464	-80.611491	141.347810
-78.910723	-82.475489	142.072731
-78.911545	-84.338891	142.799184
-78.911770	-86.202129	143.526057
-78.909050	-88.067337	144.247859
-78.917854	-89.926119	144.986053
-78.915871	-91.786360	145.720560
-78.907845	-93.652437	146.440113
-78.904142	-95.521166	147.152751
-78.903946	-97.390034	147.865023
-78.903432	-99.259268	148.576335
-78.896567	-101.133341	149.274797
-78.898181	-103.006285	149.976283
-78.894504	-104.881794	150.670879
-78.893074	-106.758296	151.362790
-78.911956	-108.621399	152.090008
-78.901709	-110.491856	152.798098
-78.899020	-112.364210	153.501156
-78.888773	-114.243670	154.184990
-78.890717	-116.121798	154.872477
-78.888785	-118.001249	155.556334
-79.401374	-119.303762	157.074049
-80.186772	-119.151590	159.068252
-80.972170	-117.633875	160.370765
-81.265289	-115.804546	161.179193
-81.268266	-113.972819	161.982172
-81.268176	-112.141164	162.785316
-81.271494	-110.306855	163.582379
-81.278597	-108.466930	164.366393
-81.277198	-106.628105	165.152980
-81.280032	-104.787057	165.934352
-81.276718	-102.948608	166.721821
-81.275497	-101.111123	167.511535
-81.280821	-99.269460	168.291455
-81.280185	-97.428292	169.072545
-81.278478	-95.588462	169.856778
-81.279326	-93.747966	170.639450
-81.280319	-91.906694	171.420294
-81.280604	-90.065200	172.200615
-81.280321	-88.225598	172.980747
-81.282978	-86.382256	173.756692
-81.288879	-84.534369	174.521746
-81.293020	-82.683328	175.279142
-81.296588	-80.829597	176.029929
-81.294109	-78.977733	176.785308
-80.508711	-78.590066	177.707108
-79.723313	-79.345445	179.558973
-78.937915	-81.189044	180.334305
-78.411580	-83.172622	180.078535
-78.411410	-85.156156	179.822426
-78.420989	-87.142053	179.585331
-78.422269	-89.128252	179.350778
-78.424051	-91.114865	179.119763
-78.424819	-93.101655	178.890276
-78.417814	-95.086789	178.646876
-78.419109	-97.072236	178.406049
-78.424739	-99.059008	178.176401
-78.420741	-101.044846	177.938813
-78.422945	-103.031202	177.705601
-78.422872	-105.017542	177.472246
-78.420014	-107.003206	177.233214
-78.426757	-108.990437	177.007578
-78.424274	-110.977102	176.777006
-78.417777	-112.962227	176.533533
-78.396165	-114.941626	176.247217
-78.375765	-116.914774	175.920584
-78.372029	-118.886687	175.586583
-78.366274	-120.856646	175.241238
-78.356053	-122.822972	174.875777
-78.351406	-124.787579	174.501183
-78.396493	-126.767072	174.215516
-78.388909	-128.744342	173.914845
-78.366443	-130.714359	173.569833
-78.362840	-132.683120	173.217726
-78.367114	-134.653368	172.874036
-78.365493	-136.623056	172.527151
-78.358039	-138.590104	172.165596
-78.716702	-140.558897	172.517527
-78.717290	-142.527482	172.870614
-79.502689	-143.669812	174.512285
-80.231281	-143.429060	176.497742
-80.235119	-143.180691	178.482260
-80.238071	-142.926464	180.466037
-80.237488	-142.673394	182.449961
-80.242555	-142.410275	184.432577
-80.247371	-142.137610	186.413903
-80.246529	-141.866615	188.395459
-80.249740	-141.589256	190.376133
-80.251630	-141.308156	192.356281
-80.250727	-141.028844	194.336681
-80.260410	-140.730368	196.314283
-80.266173	-140.420501	198.290133
-80.256902	-140.128964	200.268770
-80.234081	-139.882654	202.253545
-80.225981	-139.652430	204.240250
-80.224190	-139.425762	206.227364
-80.227693	-139.192136	208.213672
-81.013091	-137.622405	209.453004
-81.798490	-135.636097	209.219378
-82.570429	-134.375751	207.666468
-82.569482	-133.113934	206.114754
-82.587962	-131.881007	204.539987
-82.661460	-130.767048	202.878935
-82.415896	-129.495722	201.730888
-81.630499	-128.497017	201.781776
-80.845101	-127.826810	202.523950
-80.059703	-127.877698	203.522654
-79.274304	-128.619872	204.192862
-78.488906	-129.618578	204.141973
-77.951757	-131.282616	203.032479
-77.943572	-132.937517	201.909402
-77.948525	-133.767739	201.351968
-77.163127	-133.960629	200.370748
-77.948525	-134.790851	199.813315
-78.733923	-135.772072	200.006205
-79.519321	-136.329505	200.836427
-80.304719	-136.071821	202.147250
-81.090117	-134.411380	203.262116
-81.875516	-132.955990	202.976013
-82.660914	-132.398554	202.145789
-83.446312	-132.591444	201.164568
-84.231710	-133.421666	200.607134
-83.446312	-133.614555	199.625913
-82.660913	-133.005102	198.718217
-81.875515	-132.023882	198.525327
-81.090117	-131.193660	199.082761
-80.304719	-130.807881	201.045201
-79.519321	-131.775737	202.486690
-78.733923	-133.114094	202.749786
-77.948525	-133.944316	202.192352
-77.163127	-134.137206	201.211132
-76.377728	-133.579772	200.380910
-75.592330	-132.598552	200.188020
-74.806932	-131.768330	200.745454
-74.021534	-131.575440	201.726675
-73.236136	-132.132873	202.556897
-72.450738	-133.114094	202.749787
-71.665340	-133.944315	202.192353
-70.879942	-134.137205	201.211133
-70.094544	-133.579772	200.380911
-69.309146	-132.598552	200.188020
-68.523748	-131.768328	200.745454
-67.738350	-131.575437	201.726675
-66.952952	-132.132870	202.556897
-66.167554	-133.114090	202.749788
-65.382156	-133.944312	202.192355
-64.596757	-134.137204	201.211135
-63.811359	-133.579771	200.380913
-63.025961	-132.598551	200.188021
-62.240563	-131.768329	200.745453
-61.455165	-131.575437	201.726674
-60.669767	-132.132871	202.556899
-59.884369	-133.114091	202.749791
-59.098971	-133.944314	202.192359
-58.313573	-134.137206	201.211139
-57.528175	-133.579774	200.380916
-56.742777	-132.598554	200.188024
-55.957379	-131.768331	200.745456
-55.171981	-131.575438	201.726676
-54.386583	-132.132871	202.556901
-53.601185	-133.114093	202.749794
-52.815787	-133.944316	202.192363
-52.030389	-134.137209	201.211143
-51.244991	-133.579778	200.380920
-50.459592	-132.598558	200.188027
-49.674194	-131.768334	200.745458
-48.888796	-131.575441	201.726677
-48.103398	-132.132872	202.556901
-47.318000	-133.114093	202.749795
-46.532602	-133.944320	202.192364
-45.747204	-134.137214	201.211144
-44.961806	-133.579783	200.380920
-44.176408	-132.598564	200.188026
-43.391010	-131.768340	200.745456
-42.605612	-131.575446	201.726676
-41.820214	-132.132876	202.556899
-41.034815	-133.114096	202.749794
-40.249417	-133.944320	202.192363
-39.464019	-134.137215	201.211144
-38.678621	-133.579785	200.380920
-37.893223	-132.598565	200.188026
-37.107825	-131.768341	200.745456
-36.322427	-131.575446	201.726675
-35.537029	-132.132876	202.556899
-34.751630	-133.114096	202.749794
-33.966232	-133.944320	202.192364
-33.180834	-134.137215	201.211145
-32.395436	-133.579785	200.380920
-31.610038	-132.598565	200.188026
-30.824640	-131.768341	200.745455
-30.039242	-131.575446	201.726675
-29.253844	-132.132875	202.556899
-28.468446	-133.114095	202.749794
-27.683047	-133.944319	202.192364
-26.897650	-134.137215	201.211144
-26.112252	-133.579786	200.380920
-25.326854	-132.598567	200.188024
-24.541456	-131.768342	200.745453
-23.756057	-131.575446	201.726672
-22.970659	-132.132875	202.556897
-22.185261	-133.114094	202.749793
-21.399863	-133.944319	202.192364
-20.614465	-134.137215	201.211145
-19.829067	-133.579786	200.380920
-19.043669	-132.598567	200.188024
-18.258271	-131.768342	200.745453
-17.472872	-131.575446	201.726672
-16.687475	-132.132876	202.556899
-15.902077	-133.114095	202.749796
-15.116678	-133.944321	202.192367
-14.331280	-134.137217	201.211148
-13.545882	-133.579789	200.380923
-12.760484	-132.598570	200.188027
-11.975086	-131.768345	200.745455
-11.189688	-131.575447	201.726676
-11.975086	-130.745222	202.284104
-11.189688	-130.552325	203.265323
-10.404290	-131.109752	204.095548
-9.618892	-132.734019	204.414862
-8.833494	-134.394469	203.300007
-8.048096	-134.679456	201.850350
-7.262697	-134.122028	201.020124
-6.477299	-133.140809	200.827227
-5.691901	-132.310583	201.384655
-4.906503	-132.117686	202.365874
-4.121105	-132.675113	203.196099
-3.335707	-133.656332	203.388997
-2.550309	-134.486558	202.831569
-1.764911	-134.679456	201.850350
-0.979513	-134.122025	201.020118
-0.194115	-133.140806	200.827220
0.591283	-132.310579	201.384647
1.376681	-132.117680	202.365866
2.162079	-132.675106	203.196092
2.947477	-133.656325	203.388991
3.732875	-134.486552	202.831565
4.518273	-134.679451	201.850345
5.303671	-134.122024	201.020118
6.089069	-133.140805	200.827219
6.874468	-132.310579	201.384645
7.659866	-132.117680	202.365863
8.445263	-132.675106	203.196091
9.230661	-133.656325	203.388991
10.016059	-134.486553	202.831566
10.801457	-134.679453	201.850347
11.586855	-134.122028	201.020119
12.372253	-133.140810	200.827219
13.157652	-132.310582	201.384644
13.943050	-132.117682	202.365862
14.728448	-132.675107	203.196090
15.513846	-133.656325	203.388990
16.299244	-134.486555	202.831564
17.084642	-134.679456	201.850344
17.870040	-134.122029	201.020112
18.655438	-133.140810	200.827211
19.440836	-132.310583	201.384635
20.226234	-132.117682	202.365853
21.011632	-132.675106	203.196081
21.797030	-133.656324	203.388982
22.582429	-134.486553	202.831558
23.367827	-134.679454	201.850338
24.153225	-134.122030	201.020110
24.938623	-133.140812	200.827209
25.724020	-132.310583	201.384633
26.509418	-132.117680	202.365851
27.294816	-132.675104	203.196080
28.080214	-133.656322	203.388983
28.865612	-134.486551	202.831560
29.651010	-134.679455	201.850337
30.436408	-134.122032	201.020108
31.221807	-133.140814	200.827205
32.007205	-132.310585	201.384628
32.792603	-132.117682	202.365846
33.578001	-132.675105	203.196075
34.363399	-133.656323	203.388978
35.148797	-134.486552	202.831555
35.934195	-134.679455	201.850336
36.719593	-134.122016	201.020082
37.504991	-133.140799	200.827178
38.290389	-132.310569	201.384600
39.075787	-132.117664	202.365818
39.861184	-132.675086	203.196049
40.646582	-133.656303	203.388955
41.431980	-134.486534	202.831533
42.217378	-134.679441	201.850307
43.002777	-134.122020	201.020077
43.788175	-133.140803	200.827171
44.573573	-132.310572	201.384592
45.358971	-132.117667	202.365809
46.144369	-132.675087	203.196039
46.929767	-133.656305	203.388945
47.715165	-134.486535	202.831524
48.500564	-134.679441	201.850306
49.285962	-134.122005	201.020053
50.071360	-133.140787	200.827147
50.856758	-132.310557	201.384567
51.642156	-132.117651	202.365784
52.427554	-132.675071	203.196015
53.212952	-133.656288	203.388921
53.998350	-134.486519	202.831501
54.783748	-134.679425	201.850283
55.569146	-134.122005	201.020052
56.354545	-133.140788	200.827146
57.139943	-132.310557	201.384566
57.925341	-132.117651	202.365783
58.710739	-132.675071	203.196014
59.496137	-133.656288	203.388920
60.281535	-134.486518	202.831500
61.066933	-134.679426	201.850279
61.852331	-134.122005	201.020047
62.637729	-133.140788	200.827140
63.423128	-132.310557	201.384560
64.208526	-132.117650	202.365777
64.993923	-132.675070	203.196009
65.779321	-133.656287	203.388916
66.564720	-134.486518	202.831497
67.350118	-134.679426	201.850277
68.135516	-134.122007	201.020046
68.920914	-133.140790	200.827138
69.706312	-132.310558	201.384557
70.491710	-132.117651	202.365774
71.277108	-132.675069	203.196006
72.062506	-133.656286	203.388914
72.847904	-134.486519	202.831495
73.633302	-134.679427	201.850278
74.418700	-134.121995	201.020026
75.204098	-133.140778	200.827118
75.989496	-132.310546	201.384536
76.774895	-132.117638	202.365753
77.560293	-132.675056	203.195985
78.345691	-133.656273	203.388894
79.131089	-134.486505	202.831476
79.916487	-134.679414	201.850255
80.701885	-134.121996	201.020023
81.487283	-133.140779	200.827114
82.272681	-132.310547	201.384532
83.058079	-132.117638	202.365749
83.843478	-132.675056	203.195981
84.628875	-133.656274	203.388891
85.414273	-134.486507	202.831473
86.199671	-134.679416	201.850255
86.985070	-134.121998	201.020022
87.770468	-133.140782	200.827112
88.555866	-132.310549	201.384529
89.341264	-132.117639	202.365746
90.126662	-132.675057	203.195978
90.912060	-133.656274	203.388889
91.697458	-134.486508	202.831472
92.482856	-134.679418	201.850254
93.268254	-134.122001	201.020019
94.053652	-133.140785	200.827109
94.839050	-132.310551	201.384526
95.624448	-132.117641	202.365742
96.409846	-132.675057	203.195976
97.195244	-133.656275	203.388888
97.980642	-134.486508	202.831473
98.766040	-134.679420	201.850254
99.551438	-134.121989	201.019997
100.336836	-133.140773	200.827085
101.122234	-132.310539	201.384499
101.907632	-132.117627	202.365716
102.693030	-132.675041	203.195950
103.478428	-133.656259	203.388863
104.263826	-134.486493	202.831449
105.049224	-134.679407	201.850227
105.834622	-134.121992	201.019992
106.620020	-133.140776	200.827079
107.405418	-132.310542	201.384493
108.190816	-132.117628	202.365709
108.976214	-132.675043	203.195943
109.761613	-133.656258	203.388857
110.547011	-134.486494	202.831442
111.332409	-134.679407	201.850226
112.117807	-134.121992	201.019990
112.903205	-133.140775	200.827076
113.688603	-132.310540	201.384490
114.474001	-132.117626	202.365705
115.259399	-132.675040	203.195940
116.044797	-133.656256	203.388855
116.830195	-134.486492	202.831442
117.615593	-134.679406	201.850225
118.400991	-134.121988	201.019981
119.186389	-133.140772	200.827067
119.971787	-132.310535	201.384480
120.757185	-132.117620	202.365695
121.542583	-132.675032	203.195931
122.327981	-133.656248	203.388847
123.113379	-134.486484	202.831434
123.898777	-134.679400	201.850218
124.684175	-134.121985	201.019977
125.469573	-133.140770	200.827062
126.254972	-132.310534	201.384474
127.040370	-132.117618	202.365689
127.825768	-132.675030	203.195925
128.611166	-133.656245	203.388841
129.396564	-134.486481	202.831429
130.181962	-134.679397	201.850213
130.967360	-134.121984	201.019975
131.752758	-133.140769	200.827059
132.538157	-132.310533	201.384471
133.323555	-132.117617	202.365687
134.108952	-132.675029	203.195924
134.894350	-133.656245	203.388841
135.679748	-134.486482	202.831430
136.465146	-134.679399	201.850214
137.250544	-134.121960	201.019935
136.465146	-134.314877	200.038720
135.679748	-135.145114	199.481309
136.465146	-135.338031	198.500094
135.679750	-136.168267	197.942682
136.465148	-136.361183	196.961466
137.250546	-135.803771	196.131230
138.035944	-134.350241	195.845453
138.821342	-132.689769	196.960277
139.606740	-132.303937	198.922707
140.197997	-133.077473	200.767061
140.054876	-133.331708	201.746358
140.840274	-135.055910	202.759831
141.027951	-136.938926	203.433812
141.026165	-138.820736	204.111154
141.026304	-140.702639	204.788235
141.028581	-142.586079	205.461030
141.029766	-144.470315	206.131593
141.029485	-146.354363	206.802684
141.033893	-148.241351	207.465464
141.033420	-150.128025	208.129136
141.035036	-152.015769	208.789759
141.031348	-153.901063	209.457340
141.033198	-155.787590	210.121432
141.035494	-157.675636	210.781191
141.037784	-159.565188	211.436624
141.037322	-161.454437	212.092929
141.035653	-163.342588	212.752387
140.250255	-163.776997	213.653102
139.464857	-163.447268	214.597180
138.679459	-161.645837	215.465997
137.894061	-159.757685	214.806542
137.776506	-157.959909	213.930185
137.774141	-156.164209	213.049580
137.770704	-154.371548	212.162809
137.767486	-152.581750	211.270273
137.763630	-150.795406	210.370841
137.763293	-149.009366	209.470809
137.760178	-147.226138	208.565216
137.757038	-145.445762	207.654029
137.762912	-143.660065	206.753315
137.754706	-141.881818	205.837979
137.750259	-140.107660	204.914744
137.756882	-138.327426	204.003280
137.770782	-136.534696	203.116647
137.791100	-134.724322	202.266621
137.753707	-133.335499	201.549982
138.539102	-132.382869	201.854112
139.324500	-131.924310	202.742776
140.109898	-132.228440	203.695406
140.895296	-133.117104	204.153965
141.680694	-134.069737	203.849834
142.466093	-134.814828	202.405887
143.251491	-134.445486	201.248990
144.036889	-133.556822	200.790431
144.822287	-132.604192	201.094561
145.607685	-132.145632	201.983225
146.393083	-132.449762	202.935855
147.178481	-133.338426	203.394416
147.963879	-134.291058	203.090286
148.749277	-134.749618	202.201622
149.534675	-134.445488	201.248987
150.320073	-133.556824	200.790427
151.105471	-132.604193	201.094556
151.890869	-132.145633	201.983220
152.676268	-132.449762	202.935851
153.461666	-133.338425	203.394411
154.247064	-134.291056	203.090282
155.032462	-134.749617	202.201619
155.817860	-134.443020	201.241256
156.603258	-133.554356	200.782696
157.388656	-132.601725	201.086824
158.174054	-132.143165	201.975488
158.959452	-132.447293	202.928119
159.744850	-133.335957	203.386680
160.530248	-134.288588	203.082552
161.315646	-134.747149	202.193889
162.101044	-134.443020	201.241253
162.886442	-133.554357	200.782692
163.671841	-132.601726	201.086819
164.457239	-132.143164	201.975482
163.671841	-131.190533	202.279610
163.154799	-129.356839	201.892568
163.649694	-127.438574	202.458483
163.648019	-125.519364	203.021184
163.650137	-123.601350	203.587949
163.651333	-121.684015	204.157006
163.652838	-119.767538	204.728948
163.652240	-117.850721	205.299746
163.652734	-115.934185	205.871490
163.653123	-114.017872	206.443979
163.655809	-112.103104	207.021613
163.658105	-110.189667	207.603642
163.662423	-108.278760	208.193927
163.658156	-106.365352	208.776053
163.659178	-104.452540	209.360134
163.664451	-102.542835	209.954294
163.665116	-100.633525	210.549723
163.663682	-98.723364	211.142413
163.661158	-96.811712	211.730281
163.662854	-94.901060	212.321390
163.661158	-92.989409	212.909257
163.660576	-91.077416	213.496013
163.661525	-89.165980	214.084583
163.659479	-87.253344	214.669239
163.661068	-85.341640	215.256934
163.663285	-83.431244	215.848868
163.662388	-81.520317	216.439087
163.663574	-79.610091	217.031571
162.878175	-78.725250	216.565679
162.092777	-78.429007	215.610564
161.307379	-79.360791	213.840881
160.521982	-81.271016	213.248394
160.439100	-83.223734	212.816084
160.436338	-85.177639	212.389169
160.433664	-87.132678	211.967481
160.437295	-89.086173	211.538696
160.436623	-91.039956	211.111225
160.436884	-92.993627	210.683243
160.438060	-94.946794	210.252964
160.439920	-96.899157	209.819054
160.441350	-98.850898	209.382352
160.443014	-100.801909	208.942402
160.486442	-102.731980	208.418165
160.469468	-104.670672	207.926764
160.456429	-106.615605	207.460681
160.463530	-108.557180	206.980801
160.444739	-110.507429	206.537485
160.447856	-112.456287	206.088093
160.446567	-114.405723	205.641215
160.451815	-116.352786	205.184110
160.444014	-118.303356	204.742210
160.446131	-120.252986	204.296181
160.442336	-122.204295	203.857553
160.156424	-124.200097	203.987066
160.205372	-126.199846	204.018772
160.256687	-128.198588	203.947863
160.198076	-130.198052	203.994157
160.272418	-132.195432	203.891817
160.098849	-134.180475	204.135960
160.114660	-136.169129	204.348687
160.083478	-138.150185	204.623310
160.073276	-140.128336	204.918130
160.069397	-142.105328	205.220622
160.067410	-144.081715	205.527041
160.065168	-146.057410	205.837891
160.063216	-148.032495	206.152596
160.064732	-150.008054	206.464308
160.066330	-151.984110	206.772861
160.065371	-153.959868	207.083310
160.067310	-155.936225	207.389926
160.067955	-157.912779	207.695268
160.071320	-159.890349	207.993956
160.072834	-161.868370	208.289650
160.074631	-163.846918	208.581791
160.076573	-165.826030	208.870087
160.073505	-167.804249	209.164454
160.078656	-169.783957	209.448628
160.075924	-171.762882	209.738209
160.073090	-173.740978	210.033397
160.071416	-175.718577	210.331896
160.072760	-177.696575	210.627737
160.074444	-179.675069	210.920247
160.076359	-181.654119	211.208968
160.074908	-183.632749	211.500559
160.075938	-185.611677	211.790112
160.074466	-187.590178	212.082578
160.075459	-189.568967	212.373080
160.075557	-191.547785	212.663388
160.074512	-193.526299	212.955763
160.073500	-195.504516	213.250140
160.858898	-196.307999	212.654813
161.644296	-196.558993	210.968132
162.429694	-195.368340	209.361165
163.215092	-193.390123	209.066787
163.240494	-191.405068	208.822748
163.240333	-189.420052	208.578389
163.238023	-187.435605	208.329447
163.238781	-185.450971	208.082008
163.237438	-183.466671	207.831904
163.237420	-181.482375	207.581765
163.237351	-179.498096	207.331488
163.239960	-177.513172	207.086389
163.241742	-175.527813	206.844828
163.241453	-173.542525	206.602693
163.236042	-171.558575	206.349821
163.235670	-169.574720	206.096210
163.240141	-167.589751	205.851471
163.239768	-165.604873	205.605991
163.239699	-163.620013	205.360374
163.230671	-161.637450	205.096849
163.236700	-159.653335	204.845280
163.228098	-157.671457	204.576654
163.236049	-155.687506	204.323794
163.241800	-153.702133	204.082349
163.239859	-151.717233	203.837051
163.241767	-149.731869	203.595539
163.255088	-147.743463	203.380495
163.255889	-145.754886	203.167045
163.252680	-143.767004	202.947215
163.249872	-141.779748	202.721804
163.248935	-139.792703	202.494530
163.213353	-137.815001	202.196711
163.222433	-135.834677	201.916864
163.300958	-133.838502	201.793223
162.603883	-133.112933	201.105073
163.389281	-132.113283	201.131533
164.174679	-131.425133	201.857103
163.399108	-129.571958	201.924384
162.613710	-128.839660	201.243398
161.828312	-128.767095	199.244715
161.042914	-130.129065	197.780121
160.504286	-132.049476	197.221529
160.500920	-133.971755	196.669404
160.494050	-135.897781	196.130499
160.493772	-137.823958	195.592129
160.497430	-139.748153	195.046716
160.497894	-141.672094	194.500411
160.490470	-143.600038	193.968403
160.487248	-145.529686	193.442611
160.483975	-147.461045	192.923136
160.480573	-149.394160	192.410237
160.479623	-151.327761	191.899173
160.480669	-153.260826	191.386086
160.480370	-155.194045	190.873578
160.474950	-157.128689	190.371899
160.475228	-159.064518	189.869338
160.472785	-161.001568	189.371508
160.465004	-162.942434	188.888766
160.462434	-164.884533	188.411012
160.464382	-166.825699	187.929477
160.463543	-168.767268	187.449570
160.466265	-170.707522	186.964379
160.471285	-172.645317	186.469456
160.477008	-174.580249	185.963451
160.481209	-176.513037	185.449321
161.250765	-177.543464	183.735197
161.253037	-178.569993	182.018737
161.249269	-179.602984	180.306157
161.249003	-180.636430	178.593852
161.251461	-181.665663	176.879011
161.255172	-182.688526	175.160362
161.261164	-183.701071	173.435616
161.256808	-184.721120	171.715296
161.256527	-185.741654	169.995264
161.257688	-186.760189	168.274048
161.258022	-187.778150	166.552491
161.258219	-188.795770	164.830734
161.258751	-189.812475	163.108436
161.255681	-190.834464	161.389268
161.257680	-191.853013	159.668060
161.260509	-192.866688	157.943977
161.258493	-193.883838	156.221942
161.259750	-194.898823	154.498629
161.256496	-195.919408	152.778628
161.257708	-196.937909	151.057391
161.258575	-197.954918	149.335273
161.260067	-198.969356	147.611638
160.474669	-199.937411	147.360899
159.689271	-200.799228	147.868118
158.903873	-201.300707	149.804227
158.118475	-200.286270	151.527862
157.720600	-198.683234	152.723804
157.722935	-197.082995	153.923485
157.722125	-195.481786	155.121870
157.723299	-193.881984	156.322134
157.720658	-192.279018	157.518169
157.720990	-190.676449	158.714736
157.720717	-189.073554	159.910866
157.721786	-187.471938	161.108709
157.723645	-185.872552	162.309527
157.720658	-184.269585	163.505561
157.682245	-182.621869	164.639154
157.689040	-180.981895	165.783917
157.689770	-179.342756	166.929877
157.685186	-177.698381	168.068310
157.681813	-176.050176	169.201192
157.679553	-174.399415	170.330345
157.673666	-172.742036	171.449762
157.667505	-171.077790	172.558945
157.664438	-169.410151	173.663019
157.656244	-167.733522	174.753392
157.648451	-166.048446	175.830666
157.653028	-164.368318	176.915640
157.667360	-162.703912	178.024582
157.689454	-161.064411	179.170024
157.718630	-159.459022	180.362805
157.734520	-157.872789	181.580945
157.698255	-156.243432	182.740771
157.713349	-154.631768	183.925058
157.709267	-153.015283	185.102758
156.923869	-152.027389	184.947623
156.138471	-150.849690	183.331138
155.353073	-151.159958	181.355351
154.971003	-152.184511	179.637710
154.970925	-153.209198	177.920149
154.977213	-154.223065	176.196179
154.988481	-155.217442	174.460893
155.009140	-156.175760	172.705437
154.960403	-157.218461	170.998752
154.953277	-158.273298	169.299541
154.948293	-159.336591	167.605608
154.948645	-160.399287	165.911301
154.952397	-161.455619	164.213019
154.946671	-162.521657	162.520812
154.947444	-163.586387	160.827783
154.947831	-164.650463	159.134342
154.945326	-165.718776	157.443571
154.946253	-166.785523	155.751811
154.943203	-167.857424	154.063312
154.941273	-168.932581	152.376885
154.935164	-170.018022	150.697058
155.010944	-170.971100	148.943685
154.928315	-172.068019	147.271331
154.928156	-173.165205	145.599153
154.925891	-174.266176	143.929463
154.927269	-175.364844	142.258257
154.930704	-176.457765	140.583288
154.955223	-177.507858	138.884352
154.916538	-178.624396	137.225032
154.912641	-179.747392	135.570076
154.915531	-180.865601	133.911881
154.917408	-181.980695	132.251591
154.907749	-183.111774	130.602149
154.902109	-184.252138	128.959112
154.899976	-185.396004	127.318511
155.685374	-185.044759	125.349596
156.470772	-183.404158	124.205730
156.634705	-181.598875	123.344944
156.650094	-179.780559	122.512041
156.646666	-177.965109	121.672909
156.715247	-176.096424	120.960159
156.725738	-174.220363	120.267051
156.613709	-172.433549	119.368555
156.607359	-170.652476	118.458731
156.607395	-168.871371	117.548970
156.608031	-167.089688	116.640343
156.619559	-165.297648	115.752315
156.623302	-163.502297	114.871000
156.622236	-161.707887	113.987772
156.605183	-159.928799	113.074074
156.604279	-158.150537	112.158768
156.618101	-156.359794	111.268129
156.620478	-154.566939	110.381748
156.622806	-152.772025	109.499543
156.630319	-150.970534	108.630849
156.633435	-149.166345	107.767771
156.643230	-147.353789	106.922407
156.656425	-145.530237	106.101033
156.655499	-143.707445	105.277971
156.649806	-141.889369	104.444545
156.674894	-140.050958	103.656988
156.566209	-138.308822	102.674664
156.621611	-136.514964	101.790315
156.634762	-134.709631	100.929633
156.630011	-132.908408	100.060383
156.622527	-131.113741	99.177677
156.617488	-129.323544	98.285940
156.615320	-127.535285	97.390323
156.617665	-125.744931	96.498902
156.613737	-123.958092	95.600456
156.607594	-122.176806	94.691050
156.609109	-120.394144	93.784343
156.611234	-118.609559	92.881427
156.612209	-116.824095	91.980251
156.614492	-115.036579	91.083154
156.611269	-113.251962	90.180301
156.612393	-111.466332	89.279454
156.608122	-109.684566	88.370989
156.612399	-107.898931	87.470153
156.609865	-106.115584	86.564794
156.609439	-104.332623	85.658676
156.606478	-102.552353	84.747283
156.605045	-100.773390	83.833340
156.606028	-98.993530	82.921145
156.606077	-97.213626	82.009038
156.605873	-95.433907	81.096569
156.609212	-93.651152	80.190046
156.872534	-91.693889	79.778803
156.872699	-89.736558	79.367883
156.873335	-87.778966	78.958208
156.871988	-85.821927	78.545898
156.875636	-83.863398	78.140729
156.875716	-81.904836	77.735716
156.877678	-79.945484	77.334546
156.879860	-77.985260	76.937654
156.874545	-76.027174	76.530347
156.872688	-74.069847	76.119406
156.873247	-72.112291	75.709559
156.868696	-70.156621	75.290808
156.869402	-68.200656	74.873437
156.871366	-66.243874	74.459908
156.874874	-64.285654	74.053248
156.872861	-62.328256	73.642645
156.872524	-60.370997	73.231383
156.869411	-58.415028	72.814030
156.872197	-56.457904	72.402127
156.873341	-54.500309	71.992464
156.874009	-52.542442	71.584108
156.877385	-50.583207	71.182363
156.878320	-48.623597	70.782452
156.877690	-46.664240	70.381307
156.875969	-44.705575	69.976791
157.661367	-43.870063	70.526266
158.446765	-43.465545	72.484930
159.232163	-44.564493	74.155952
159.522102	-46.095306	75.443045
159.521087	-47.624812	76.731693
159.516751	-49.148715	78.026960
159.516275	-50.672003	79.322952
159.517403	-52.196752	80.617225
159.514554	-53.717807	81.915836
159.513678	-55.237724	83.215779
159.513474	-56.757374	84.516034
159.515117	-58.279160	85.813789
159.512222	-59.797182	87.115944
159.507967	-61.309650	88.424547
159.508385	-62.822665	89.732517
159.508590	-64.335947	91.040177
159.509856	-65.850885	92.345920
159.510485	-67.366643	93.650710
159.507570	-68.878592	94.959913
159.506704	-70.389406	96.270424
159.506608	-71.900094	97.581081
159.506595	-73.410764	98.891759
159.511019	-74.927219	100.195739
159.509249	-76.441364	101.502401
159.506984	-77.952544	102.812490
159.505015	-79.461142	104.125552
159.502311	-80.966185	105.442688
159.499273	-82.467219	106.764390
159.498616	-83.967384	108.087079
159.499342	-85.468508	109.408677
159.498488	-86.968504	110.731558
159.496865	-88.466351	112.056871
159.500242	-89.968664	113.377119
159.495941	-91.465285	114.703816
159.501367	-92.969083	116.022373
159.365342	-94.280187	117.532673
159.390187	-95.628405	119.009937
159.477300	-97.100037	120.364299
159.523686	-98.632887	121.648967
158.738288	-98.808378	123.641253
157.952890	-97.523710	125.174103
157.390046	-95.619295	125.785007
157.386568	-93.712767	126.389284
157.381838	-91.803403	126.984537
157.376611	-89.890952	127.569800
157.364372	-87.971483	128.131615
157.365409	-86.052597	128.695420
157.370170	-84.136417	129.268354
157.368493	-82.219279	129.838074
157.366664	-80.301102	130.404286
157.366075	-78.382592	130.969369
157.366982	-76.464595	131.536191
157.363772	-74.544788	132.096855
157.365368	-72.625879	132.660581
157.365352	-70.706961	133.224276
157.364691	-68.787670	133.786703
157.366208	-66.869235	134.352040
157.367370	-64.951459	134.919607
157.366996	-63.033470	135.486457
158.126614	-62.033096	137.218292
158.128142	-61.035369	138.951653
158.126784	-60.035289	140.683658
158.127685	-59.036770	142.416563
158.125360	-58.034225	144.147142
158.124449	-57.030104	145.876806
158.124299	-56.025722	147.606320
158.127123	-55.026229	149.338663
158.123051	-54.019690	151.066922
158.124761	-53.016107	152.796899
158.121434	-52.006774	154.523528
158.120404	-50.995664	156.249117
158.123440	-49.989798	157.977768
158.123335	-48.983749	159.706312
158.124256	-47.979295	161.435783
158.124908	-46.975967	163.165909
158.122271	-45.968081	164.893382
158.122709	-44.960951	166.621297
158.121775	-43.952208	168.348270
158.123054	-42.945674	170.076532
158.124761	-41.942092	171.806510
158.123838	-40.936914	173.535561
158.909236	-41.448770	175.468953
159.694634	-43.177821	176.474131
159.943570	-45.101222	177.022335
159.944650	-47.025214	177.568461
159.943179	-48.948401	178.117415
159.944953	-50.872559	178.662958
159.942566	-52.795409	179.213091
159.944476	-54.719306	179.759552
159.945895	-56.643977	180.303281
159.946362	-58.568901	180.846111
159.946195	-60.493735	181.389263
159.944101	-62.417428	181.936444
159.943868	-64.340992	182.484073
159.944754	-66.265042	183.029999
159.942672	-68.187950	183.579928
159.944223	-70.111709	184.126875
159.947169	-72.037071	184.668152
159.943111	-73.960220	185.217238
159.943964	-75.883838	185.764683
159.945755	-77.808432	186.308683
159.942965	-79.731501	186.858050
159.946237	-81.656358	187.401121
159.947312	-83.581797	187.942123
159.946255	-85.506663	188.485159
159.855161	-87.374150	189.201046
159.873803	-89.254657	189.881996
159.919981	-91.164592	190.475414
159.134583	-92.095509	192.245548
158.349185	-91.502091	194.155484
158.033429	-90.484572	195.589841
157.508477	-88.665679	196.421481
157.508637	-86.846918	197.253412
157.512279	-85.031199	198.091961
157.507915	-83.211838	198.922578
157.504559	-81.389699	199.747085
157.500260	-79.564034	200.563752
157.499230	-77.737528	201.378537
157.501226	-75.912652	202.196966
157.499752	-74.086571	203.012704
157.500655	-72.261228	203.830091
157.503016	-70.437819	204.651785
157.502430	-68.613931	205.472411
157.502729	-66.790286	206.293582
157.503496	-64.967273	207.116152
157.506105	-63.146412	207.943475
157.506415	-61.325808	208.771364
157.508917	-59.507280	209.603803
157.506820	-57.687011	210.432428
157.507448	-55.867262	211.262196
157.508225	-54.048159	212.093378
157.503858	-52.225443	212.916607
157.499987	-50.399554	213.732774
157.497983	-48.572033	214.545282
157.496618	-46.743405	215.355293
158.282016	-46.383270	216.288193
159.067414	-47.193282	218.116822
159.852812	-49.059082	218.837092
160.412583	-51.022575	218.456708
160.414856	-52.985200	218.071863
160.416109	-54.947340	217.684558
160.413316	-56.910554	217.302734
