0.000000	0.000000	0.000000
0.785398	0.707107	0.707107
1.570793	0.707111	1.808303
2.356191	0.000006	2.515412
1.570794	0.000012	4.515412
1.295883	0.542938	6.440308
1.462354	0.759399	8.428558
1.406651	1.086217	10.401674
0.621259	1.899365	10.983735
-0.096381	2.904808	10.886528
-0.878201	4.104268	9.440886
-1.663599	3.918928	7.449493
-2.221853	2.706874	5.858606
-2.222811	1.493297	4.268880
-2.226538	0.273803	2.683688
-2.417568	-1.224487	1.358879
-2.208198	-2.414706	-0.248410
-2.208827	-3.605935	-1.854951
-2.202876	-4.787582	-3.468551
-2.198124	-5.961548	-5.087748
-1.412726	-5.804135	-6.075281
-0.627328	-4.994536	-6.662265
0.158070	-3.019471	-6.347439
0.943469	-1.845504	-4.728241
1.198712	-1.118387	-2.865098
1.201015	-0.395564	-1.000285
1.143770	0.432768	0.820117
1.203684	1.150611	2.686853
1.207044	1.862179	4.555989
1.213252	2.562129	6.429507
1.211515	3.265331	8.301806
1.212589	3.966522	10.174858
1.424716	4.257644	12.153555
2.210114	3.064349	13.758561
1.939182	2.344128	15.624381
2.639607	0.590871	16.586716
2.994121	-0.917368	16.810764
2.208723	-2.108430	18.417428
2.305393	-3.449005	19.901629
2.310551	-4.797219	21.378897
1.525154	-4.705967	23.376811
0.739756	-3.228701	24.725027
0.523069	-1.496121	25.724109
1.308467	-0.977460	27.655686
1.281280	-0.406482	29.572450
1.279889	0.167161	31.488416
1.824767	-0.335338	33.424261
1.039369	0.678190	35.148430
0.769625	2.114533	36.540162
0.778894	3.537915	37.945148
0.784144	4.953901	39.357586
0.783798	6.370375	40.769536
-0.001600	8.370372	40.766336
-0.037448	10.368969	40.691459
0.518109	12.106484	41.681935
0.515114	13.846957	42.667203
0.521142	15.581459	43.662945
0.525589	17.311516	44.666390
0.509867	19.057134	45.642513
0.513360	20.799332	46.624726
0.525716	22.529262	47.628391
0.502341	24.282177	48.591347
0.519384	26.018428	49.584038
0.047614	28.016161	49.679230
0.567727	29.702411	50.754663
0.571186	31.384932	51.835922
1.356584	31.810088	53.790210
1.533825	31.884015	55.788843
1.546645	31.932313	57.788258
1.548236	31.977430	59.787750
1.547184	32.024651	61.787192
1.550321	32.065599	63.786772
2.224145	30.849901	65.374877
2.228964	29.626565	66.957105
2.234975	28.393740	68.531952
2.236624	27.158320	70.104763
2.238030	25.920689	71.675836
2.234998	24.687828	73.250655
2.234503	23.455746	74.826083
2.226025	22.237065	76.411899
2.220197	21.027646	78.004792
1.987518	20.218116	79.833633
1.986422	19.410590	81.663360
1.975192	18.623663	83.502041
1.961965	17.861126	85.350969
1.980724	17.064040	87.185267
1.991208	16.247767	89.011109
1.990074	15.433565	90.837875
1.990491	14.618602	92.664302
1.991076	13.802570	94.490252
1.205679	14.516688	96.358415
1.033042	15.541105	98.076137
1.033235	16.565190	99.794057
1.037405	17.582103	101.516233
1.039416	18.595551	103.240449
1.108134	19.488214	105.030184
1.102281	20.391339	106.814664
1.099645	21.299163	108.596756
1.132566	22.147838	110.407764
1.099814	23.055362	112.190010
1.094342	23.972624	113.967263
0.308945	24.925281	114.271318
-0.476379	26.701902	113.354552
-1.261777	27.310152	111.449288
-1.887788	26.686732	109.548934
-1.886808	26.065175	107.647969
-1.887229	25.442820	105.747266
-1.869095	24.855030	103.835590
-1.881465	24.243639	101.931333
-1.884196	23.627050	100.028751
-1.888172	23.002901	98.128636
-1.883724	22.387210	96.225763
-1.882447	21.773951	94.322106
-1.889412	21.147446	92.422767
-1.880946	20.537043	90.518191
-1.885626	19.917734	88.616493
-1.741237	19.578501	86.645472
-1.883359	18.963505	84.742375
-1.880936	18.353121	82.837794
-1.880565	17.743445	80.932985
-1.875146	17.144100	79.024902
-1.880294	16.534940	77.119929
-1.880372	15.925631	75.215003
-1.879659	15.317680	73.309643
-1.875895	14.716905	71.402009
-1.877306	14.113439	69.495224
-1.878292	13.508093	67.589035
-1.879387	12.900661	65.683510
-1.878405	12.295100	63.777389
-1.880506	11.685536	61.872545
-1.887010	11.063596	59.971706
-1.884246	10.446912	58.069156
-1.881124	9.836170	56.164689
-1.878674	9.230097	54.258731
-1.877732	8.625818	52.352204
-1.878440	8.020190	50.446105
-1.879406	7.412723	48.540591
-1.878936	6.806149	46.634793
-1.882054	6.193637	44.730895
-1.878363	5.588157	42.824750
-1.885622	4.968854	40.923050
-1.883708	4.353193	39.020167
-1.882610	3.739622	37.116610
-1.877111	3.136528	35.209707
-1.883375	2.521502	33.306621
-1.873434	1.925424	31.397514
-1.870164	1.335592	29.486468
-1.876707	0.733270	27.579323
-1.871603	0.140688	25.669127
-1.086205	0.606535	24.784261
-0.300807	2.516730	24.191679
0.484591	4.286461	25.123372
1.006624	5.355894	26.813435
1.006461	6.425603	28.503323
1.405202	6.755281	30.475964
0.995930	7.842725	32.154495
0.992756	8.935492	33.829565
0.990528	10.031988	35.502196
0.998474	11.115160	37.183487
0.986595	12.218226	38.851792
0.988322	13.318409	40.522001
0.995815	14.406046	42.200406
0.997694	15.490529	43.880851
0.998676	16.573360	45.562362
1.001766	17.650991	47.247209
1.006984	18.719816	48.937656
1.003587	19.794377	50.624464
1.001998	20.871618	52.309561
1.005976	21.942146	53.998930
1.007976	23.009293	55.690438
1.007861	24.076635	57.381822
0.914445	25.297096	58.966270
1.012393	26.356761	60.662475
1.010322	27.419937	62.356480
1.008678	28.485897	64.048736
1.010184	29.549306	65.742596
1.010204	30.612681	67.436477
1.002674	31.688782	69.122302
1.000592	32.768390	70.805884
1.005427	33.839845	72.494665
1.011482	34.901056	74.189903
0.991583	35.995787	75.863690
0.996279	37.082647	77.542599
0.997768	38.167005	79.223125
0.997412	39.251961	80.903265
1.001511	40.330021	82.587838
0.999526	41.411424	84.270267
1.009922	42.475277	85.963848
0.987347	43.577089	87.632982
0.996317	44.663885	89.311932
1.781715	44.454527	90.289772
2.567113	43.615051	90.833171
3.352511	41.659373	90.414455
4.137909	40.572576	88.735505
4.282674	39.739352	86.917337
4.278956	38.899374	85.102278
4.282071	38.065054	83.284613
4.282544	37.231595	81.466552
4.284563	36.401809	79.646812
4.281075	35.565679	77.829979
4.283361	34.733705	76.011238
4.278247	33.892440	74.196776
4.277437	33.049707	72.382995
4.273546	32.199922	70.572508
4.273647	31.350320	68.761934
4.274196	30.501711	66.950895
4.273996	29.652742	65.140025
4.272256	28.800623	63.330634
4.269152	27.942891	61.523898
4.269607	27.085981	59.716772
4.269890	26.229583	57.909403
4.273982	25.380588	56.098546
4.269671	24.523794	54.291365
4.272387	23.671912	52.481863
4.273814	22.822612	50.671148
4.277350	21.979721	48.857440
4.278901	21.139644	47.042429
4.276959	20.296043	45.229053
4.272253	19.443918	43.419665
4.269831	18.587415	41.612348
4.271673	17.734240	39.803455
4.306527	16.944619	37.965930
4.271761	16.091605	36.156962
4.273904	15.242468	34.346171
4.274834	14.395015	32.534590
4.271470	13.541474	30.725871
4.272310	12.689453	28.916435
4.279964	11.851305	27.100531
4.277695	11.009040	25.286534
4.286128	10.182102	23.465498
4.275311	9.335515	21.653514
4.273726	8.486055	19.842873
4.269101	7.628232	18.036181
4.272950	6.777369	16.226200
4.269284	5.919876	14.419351
4.266147	5.056718	12.615201
4.264598	4.190768	10.812389
4.264364	3.324396	9.009780
3.478966	2.380768	8.678770
2.693568	0.578159	9.545141
1.908170	-0.083862	11.432395
1.291777	0.466965	13.355047
1.293545	1.014390	15.278670
1.297634	1.553947	17.204515
1.296248	2.096170	19.129611
1.297676	2.635646	21.055478
1.295556	3.179201	22.980198
1.299775	3.714633	24.907194
1.297315	4.254803	26.832867
1.296781	4.796001	28.758251
1.280356	5.368749	30.674487
1.299811	5.904110	32.601502
1.299671	6.439741	34.528442
1.298301	6.978013	36.454646
1.297661	7.517516	38.380506
1.297570	8.057196	40.306316
1.298619	8.594855	42.232692
1.291909	9.145427	44.155416
1.293628	9.692693	46.079084
1.293280	10.240629	48.002562
1.292629	10.789817	49.925683
1.289936	11.344181	51.847317
1.295567	11.887717	53.772043
1.292096	12.437930	55.694870
1.289495	12.993143	57.616260
1.288148	13.550942	59.536900
1.286268	14.112352	61.456488
1.288449	14.669573	63.377296
1.284138	15.235069	65.295685
1.279097	15.810229	67.211198
1.277622	16.388214	69.125861
1.286990	16.948239	71.045853
1.277888	17.525715	72.960670
1.279886	18.099363	74.876636
1.282549	18.667908	76.794123
1.289484	19.223141	78.715506
1.293368	19.770908	80.639032
1.298681	20.308447	82.565441
1.294078	20.854848	84.489355
1.287744	21.413425	86.409770
1.287882	21.971734	88.330262
1.293161	22.519899	90.253675
1.292536	23.069265	92.176744
1.289530	23.624411	94.098153
1.290788	24.177138	96.020259
1.735774	23.848677	97.993103
1.739616	23.512639	99.964670
1.736493	23.182760	101.937278
1.737964	22.849979	103.909398
1.740953	22.511306	105.880514
1.740995	22.172550	107.851616
1.739552	21.836639	109.823205
1.720866	21.537625	111.800726
1.730436	21.219700	113.775295
1.729041	20.904530	115.750306
1.731874	20.583766	117.724416
1.730657	20.265405	119.698915
1.730829	19.946705	121.673359
2.516227	19.135956	122.258753
3.301625	17.161512	121.940053
4.087023	15.990724	120.318555
4.594877	15.756240	118.332348
4.595167	15.522332	116.346074
4.603873	15.305725	114.357838
4.604726	15.090814	112.369419
4.605382	14.877209	110.380858
4.604331	14.661513	108.392523
4.602373	14.441925	106.404616
4.604051	14.225673	104.416342
4.601852	14.005048	102.428549
4.604898	13.790480	100.440092
4.607137	13.580363	98.451160
4.609237	13.374425	96.461791
4.609512	13.169034	94.472365
4.608202	12.961037	92.483211
4.613416	12.763415	90.493000
4.614277	12.567506	88.502618
4.616915	12.376847	86.511727
4.609506	12.171445	84.522302
4.606640	11.960342	82.533476
4.601042	11.738107	80.545862
4.596558	11.506963	78.559264
4.593914	11.270566	76.573285
4.600171	11.046601	74.585865
4.599128	10.820563	72.598679
4.595839	10.587990	70.612248
4.597320	10.358360	68.625474
4.598124	10.130326	66.638517
4.595177	9.896438	64.652240
4.599970	9.672074	62.664864
4.600737	9.449233	60.677318
4.602224	9.229349	58.689443
4.601668	9.008359	56.701690
4.602967	8.789952	54.713652
4.598300	8.562268	52.726654
4.602863	8.343653	50.738638
4.603218	8.125744	48.750545
4.603199	7.907798	46.762456
4.599974	7.683442	44.775081
4.595944	7.451077	42.788625
4.596642	7.220100	40.802009
5.382040	7.840819	40.017961
6.167437	9.827435	39.786981
6.952835	11.395513	41.028404
6.990881	12.915237	42.328574
6.992229	14.433206	43.630791
6.993339	15.949728	44.934692
6.996753	17.461792	46.243762
6.994645	18.976611	47.549642
6.996285	20.489286	48.858005
6.998598	21.998931	50.169863
7.003502	23.502125	51.489108
6.999668	25.010366	52.802580
7.000959	26.516909	54.117999
7.001868	28.022256	55.434787
7.001951	29.527494	56.751700
6.998087	31.037810	58.062785
6.999494	32.546279	59.375996
7.001010	34.052755	60.691491
7.001969	35.557970	62.008431
6.981795	37.089444	63.294738
7.017464	38.574072	64.634842
6.991577	40.092890	65.936069
6.996100	41.605808	67.244152
6.992457	43.123480	68.546714
6.996254	44.636196	69.855030
6.997884	46.146777	71.165810
6.999689	47.654990	72.479315
6.214292	48.652620	72.410476
5.428894	49.966126	70.902264
4.643496	49.828449	68.907009
4.078175	48.643359	67.295934
4.081027	47.462870	65.681485
4.081999	46.283951	64.065891
4.087793	45.114412	62.443493
4.089315	43.947344	60.819317
4.089481	42.780545	59.194947
4.083912	41.604719	57.577100
4.078941	40.420865	55.965118
4.080543	39.239595	54.351241
4.083686	38.063402	52.733659
4.075785	36.874467	51.125422
4.075195	35.684582	49.517886
4.072365	34.490152	47.913725
4.073997	33.298343	46.307616
4.072933	32.104824	44.702775
4.073710	30.912554	43.097007
4.069658	29.713787	41.496084
4.068370	28.512960	39.896706
4.070002	27.314743	38.295371
4.068128	26.113528	36.696283
4.072085	24.918649	35.092455
4.073975	23.726805	33.486372
4.074469	22.535753	31.879700
4.073166	21.342610	30.274581
4.079462	20.159596	28.661983
4.076013	18.971027	27.053473
4.077905	17.785503	25.442720
4.069634	16.586697	23.841825
4.067989	15.385260	22.242905
4.069533	14.186292	20.642132
4.074105	12.994656	19.035893
4.073059	11.801342	17.430903
4.072693	10.607438	15.826348
4.067441	9.405125	14.228087
4.066761	8.201725	12.630644
4.070424	7.004185	11.028803
4.063592	5.795728	9.435181
4.848990	5.931904	8.444496
5.634387	7.525519	7.236042
6.419785	9.506889	7.508393
7.099104	10.877288	8.965104
7.101626	12.244009	10.425266
7.100683	13.612106	11.884139
7.102529	14.977507	13.345535
7.099281	16.347649	14.802488
7.097906	17.719792	16.257557
7.095610	19.095272	17.709470
7.100165	20.464125	19.167634
7.097214	21.837275	20.621752
7.094000	23.215091	22.071449
7.101854	24.581479	23.531923
7.090675	25.964108	24.977032
7.098510	27.335371	26.432929
7.101528	28.702235	27.892957
7.098857	30.072994	29.349329
7.106490	31.432597	30.816121
7.107315	32.790989	32.284035
7.109167	34.146660	33.754462
7.113264	35.496296	35.230431
7.109791	36.851049	36.701704
7.108987	38.206984	38.171888
7.107449	39.565180	39.639983
7.105243	40.926611	41.105078
7.106268	42.286538	42.571570
7.100582	43.654783	44.030304
7.100303	45.023434	45.488657
7.104298	46.386248	46.952467
7.107054	47.745024	48.420025
7.096488	49.119229	49.873146
7.081485	50.515080	51.305487
7.095955	51.890060	52.757875
7.096260	53.264596	54.210682
7.096798	54.638351	55.664229
7.095239	56.014369	57.115633
7.100534	57.382684	58.574302
7.101261	58.749938	60.033964
7.106567	60.109428	61.500861
7.107429	61.467652	62.968931
7.105095	62.829299	64.433826
7.113142	64.179114	65.909630
7.111672	65.531098	67.383448
7.111369	66.883528	68.856857
7.109206	68.239142	70.327336
7.111498	69.591381	71.800920
7.896896	69.505578	73.799078
8.682286	68.032008	75.151330
8.744782	66.476858	76.408909
8.751790	64.912934	77.655559
8.755557	63.344323	78.896309
8.753868	61.777811	80.139708
8.754129	60.210974	81.382697
8.748621	58.651008	82.634298
8.746781	57.093346	83.888766
8.745109	55.537784	85.145837
8.747308	53.979462	86.399484
8.731540	52.441100	87.677546
8.736794	50.896045	88.947508
8.731329	49.357953	90.225895
8.739305	47.809713	91.491973
8.739078	46.261761	92.758402
8.740418	44.712113	94.022757
8.736810	43.167037	95.292694
8.735933	41.623075	96.563986
8.734515	40.080918	97.837466
8.734381	38.538931	99.111152
8.735898	36.995014	100.382497
8.729377	35.459420	101.663883
8.732855	33.919379	102.939921
8.730497	32.382351	104.219587
8.732606	30.842627	105.496008
8.730328	29.305815	106.775933
8.733747	27.764636	108.050598
8.731495	26.226332	109.328729
8.732389	24.686886	110.605485
8.730461	23.149904	111.885205
8.725743	21.618976	113.172163
8.724260	20.089959	114.461390
8.722988	18.562583	115.752561
8.720539	17.038374	117.047469
8.722457	15.511684	118.339451
8.717641	13.991233	119.638770
8.717349	12.471162	120.938533
8.714348	10.954999	122.242852
8.710114	9.444372	123.553579
8.704032	7.941744	124.873469
8.702108	6.441659	126.196249
8.695937	4.949765	127.528259
8.697456	3.455850	128.858003
9.482854	1.459329	128.741923
9.987647	0.206852	127.951668
10.773045	-0.234543	126.000984
11.056770	-0.112228	124.004728
11.058236	0.013014	122.008653
11.058591	0.138964	120.012623
11.054865	0.257475	118.016137
11.053011	0.372285	116.019436
11.052553	0.486180	114.022681
11.054768	0.604497	112.026184
11.057593	0.728455	110.030029
11.060374	0.857963	108.034227
11.058885	0.984499	106.038235
11.056855	1.106984	104.041989
11.060754	1.237250	102.046236
11.057553	1.361128	100.050076
11.061329	1.492543	98.054400
11.063954	1.629197	96.059074
11.059884	1.757728	94.063208
11.061090	1.888665	92.067499
11.056095	2.009633	90.071161
11.056910	2.132227	88.074922
11.062427	2.265834	86.079390
11.063309	2.401199	84.083976
11.060441	2.530842	82.088183
11.058682	2.656973	80.092165
11.061437	2.788604	78.096502
11.064308	2.925963	76.101224
11.065005	3.064714	74.106043
11.060179	3.193832	72.110216
11.068560	3.339673	70.115542
11.069486	3.487361	68.121003
11.070386	3.636845	66.126597
11.065955	3.777491	64.131549
11.066240	3.918706	62.136540
11.074708	4.076808	60.142799
11.086336	4.258082	58.151031
11.075471	4.417705	56.157411
11.073159	4.572719	54.163428
11.073009	4.727433	52.169421
11.069691	4.875531	50.174912
11.065968	5.016201	48.179865
11.065000	5.154940	46.184684
11.064690	5.293061	44.189459
11.066563	5.434919	42.194498
11.073984	5.591578	40.200643
11.859382	6.351899	39.551096
12.644780	8.345751	39.707753
13.430178	9.644845	41.228395
13.993200	9.931786	43.207704
13.995790	10.213599	45.187750
13.996653	10.493703	47.168038
13.996869	10.773379	49.148387
13.995596	11.055577	51.128378
13.997459	11.334085	53.108891
13.994288	11.618871	55.088511
13.995579	11.901102	57.068498
13.997464	12.179599	59.049012
14.000062	12.452951	61.030244
14.001391	12.723670	63.011837
13.999243	12.998644	64.992844
13.997607	13.276859	66.973398
13.998827	13.552657	68.954290
14.002568	13.821042	70.936201
14.007574	14.079503	72.919430
14.010313	14.332530	74.903360
14.011740	14.582728	76.887648
14.013493	14.829445	78.872372
14.013300	15.076545	80.857049
13.227904	15.865598	81.471377
12.442507	16.857949	81.347828
11.657109	18.086605	79.769727
10.871711	17.839512	77.785049
10.760946	17.374549	75.839848
10.758771	16.905356	73.895662
10.758134	16.434925	71.951777
10.757042	15.962372	70.008405
10.760915	15.497347	68.063219
10.761541	15.033541	66.117742
10.757821	14.562502	64.174003
10.763792	14.103078	62.227486
10.764724	13.645467	60.280542
10.761886	13.182332	58.334904
10.759529	12.714613	56.390364
10.757128	12.242227	54.446952
10.756227	11.768090	52.503967
10.757400	11.296233	50.560427
10.759770	10.828983	48.615775
10.761570	10.365234	46.670284
10.763954	9.906124	44.723693
10.763094	9.445341	42.777497
10.764262	8.986832	40.830765
10.763145	8.526148	38.884547
10.764960	8.068998	36.937495
10.766182	7.614227	34.989886
10.765917	7.158939	33.042397
10.854087	6.876907	31.062382
10.768394	6.426444	29.113772
10.765544	5.970430	27.166453
10.763706	5.510839	25.219976
10.762583	5.049062	23.274015
10.761781	4.585723	21.328427
10.764213	4.127117	19.381718
10.762874	3.665906	17.435625
10.762248	3.203477	15.489820
10.762868	2.742253	13.543729
10.767941	2.290907	11.595323
10.763893	1.831679	9.648761
11.549291	2.357531	8.798184
12.334689	3.330819	8.568568
13.120087	5.031971	9.620271
13.905471	5.491228	11.566828
13.914872	5.932165	13.517616
13.915227	6.372409	15.468560
13.918742	6.805795	17.421040
13.920707	7.235341	19.374368
13.923974	7.658505	21.329088
13.922056	8.085416	23.282994
13.921008	8.514374	25.236451
13.920052	8.945201	27.189496
13.922403	9.371434	29.143550
13.922141	9.798179	31.097492
13.918801	10.231449	33.049997
13.923416	10.655703	35.004481
13.919307	11.087984	36.957206
13.917550	11.523696	38.909167
13.919549	11.955504	40.861997
13.916970	12.392348	42.813705
13.919472	12.824308	44.766501
13.921598	13.252115	46.720210
13.919666	13.683695	48.673090
13.917024	14.120433	50.624822
13.917192	14.556845	52.576628
13.915794	14.995983	54.527821
13.913145	15.440289	56.477845
13.918272	15.874591	58.430121
13.920273	16.304985	60.383262
13.922909	16.730230	62.337530
13.923034	17.155229	64.291853
13.919725	17.586694	66.244758
13.919601	18.018402	68.197609
13.927247	18.435164	70.153704
13.922899	18.860429	72.107969
13.922968	19.285558	74.062262
13.919579	19.717308	76.015104
13.918351	20.151457	77.967414
13.914412	20.593291	79.917999
13.918420	21.027304	81.870340
13.919802	21.458619	83.823278
13.919608	21.890312	85.776132
13.923262	22.314868	87.730551
13.922772	22.740381	89.684762
13.920550	23.170234	91.638022
13.919261	23.602605	93.590727
13.920320	24.032907	95.543888
14.389861	23.532881	97.480373
14.389253	23.034031	99.417161
14.389067	22.535543	101.354043
14.388326	22.038489	103.291293
14.390740	21.536760	105.227337
14.391667	21.033236	107.162915
14.387519	20.537746	109.100566
15.172917	19.677501	109.610447
15.958315	17.739850	109.114958
16.743713	16.720088	107.394468
17.069993	16.305582	105.437893
17.070037	15.891161	103.481300
16.500111	14.486526	102.057573
17.091011	14.113230	100.092720
17.091194	13.740294	98.127798
17.092574	13.370070	96.162363
17.088868	12.992565	94.198314
17.089993	12.617269	92.233842
17.083128	12.228497	90.271992
17.083671	11.840790	88.309931
17.079338	11.444585	86.349569
17.072702	11.035381	84.391878
17.076645	10.633898	82.432590
17.084052	10.246939	80.470381
17.084860	9.861566	78.507860
17.084965	9.476399	76.545299
17.083458	9.088275	74.583321
17.080854	8.695041	72.622361
17.085489	8.310902	70.659600
17.079924	7.915846	68.699005
17.075915	7.512933	66.740011
17.073056	7.104422	64.782176
17.070214	6.690348	62.825511
17.077755	6.291040	60.865778
17.077822	5.891864	58.906018
17.074251	5.485693	56.947696
17.077826	5.086523	54.987936
17.078105	4.687903	53.028063
17.086220	4.305199	51.065020
17.086880	3.923791	49.101725
17.083952	3.536635	47.139556
17.356982	3.692920	45.145671
17.059355	3.257624	43.193618
17.060003	2.823593	41.241282
17.060562	2.390652	39.288703
17.064257	1.964929	37.334539
17.064125	1.538948	35.380430
17.065916	1.116468	33.425562
17.075002	0.711766	31.466936
17.065071	0.287634	29.512426
17.054711	-0.156723	27.562414
17.057567	-0.595509	25.611142
17.842966	-0.060764	24.766129
18.628364	1.890509	24.327343
19.413762	3.580536	25.396833
19.858062	4.646786	27.088906
19.855644	5.717126	28.778395
19.858447	6.782725	30.470878
19.849070	7.864147	32.153294
19.853500	8.938106	33.840485
19.854123	10.011014	35.528344
19.855703	11.081254	37.217896
19.851464	12.158644	38.902897
19.852207	13.234783	40.588698
19.858310	14.300615	42.281034
19.859963	15.363647	43.975131
19.858589	16.429005	45.667766
19.856623	17.497689	47.358302
19.858113	18.563853	49.050428
19.861151	19.624872	50.745787
19.856877	20.693126	52.436595
19.851841	21.769882	54.122002
19.852344	22.845789	55.807950
19.856148	23.915277	57.497979
20.641546	23.476489	59.449251
19.856155	24.545963	61.139288
19.824653	25.668138	62.794801
19.825501	26.788909	64.451265
19.822497	27.914651	66.104354
19.822911	29.039709	67.757909
19.826157	30.159393	69.415108
19.824389	31.282006	71.070324
19.820881	32.410418	72.721592
19.821831	33.537260	74.373931
19.820377	34.666504	76.024631
19.824657	35.788673	77.680147
19.822998	36.913586	79.333801
19.825763	38.033924	80.990558
19.824994	39.155535	82.646453
19.816264	40.291559	84.292493
19.811664	41.435143	85.933290
19.788669	42.616151	87.547360
19.812717	43.758007	89.189360
19.801811	44.917702	90.818810
19.808831	46.065928	92.456361
20.594230	45.719923	94.426204
20.962017	44.688798	96.139908
20.964156	43.654008	97.851401
20.968637	42.611559	99.558241
20.969569	41.567521	101.264108
20.973991	40.515950	102.965342
20.973103	39.465890	104.667510
20.970228	38.420728	106.372689
20.967348	37.380480	108.080871
20.967309	36.340300	109.789093
20.968527	35.298038	111.496047
20.970262	34.252818	113.201191
20.966584	33.213876	114.910167
20.962920	32.181203	116.622939
20.959400	31.154565	118.339334
20.964258	30.119602	120.050723
20.958976	29.093692	121.767554
20.957636	28.070083	123.485758
20.958142	27.045605	125.203444
20.955796	26.025160	126.923528
20.956695	25.003169	128.642695
20.959180	23.976909	130.359317
20.954568	22.958577	132.080654
20.954448	21.940452	133.802112
20.956336	20.919078	135.521646
20.954752	19.900430	137.242795
20.948782	18.892074	138.969995
20.948732	17.883804	140.697244
20.959396	16.857172	142.413644
20.946588	15.852609	144.143052
20.936821	14.864983	145.882189
20.937943	13.875407	147.620216
20.934815	12.891272	149.361330
21.043245	11.724498	150.985719
21.061291	10.528602	152.588789
21.041841	9.364110	154.214814
21.023234	8.230073	155.862224
21.046275	7.058382	157.483069
21.022782	6.356010	158.504389
21.808142	5.372708	158.686376
21.022744	4.806094	159.510359
20.237346	4.988080	160.493660
19.451948	5.812063	161.060276
18.666550	6.834889	160.870974
17.881152	7.789134	159.483294
17.095754	7.571823	158.309126
16.310356	6.747840	157.742510
15.524957	5.764539	157.924496
14.739560	5.197923	158.748479
13.954162	5.379909	159.731780
13.168765	6.203892	160.298398
12.383367	7.187194	160.116414
11.597969	7.753820	159.292421
10.812571	7.568184	158.289377
10.027173	6.744203	157.722759
9.241775	5.760901	157.904742
8.456377	5.194283	158.728722
7.670980	5.376265	159.712026
6.885582	6.200244	160.278645
6.100184	7.183547	160.096664
5.314786	7.750167	159.272684
4.529388	7.563764	158.265491
3.743990	6.739784	157.698872
2.958592	5.756482	157.880853
2.173194	5.189862	158.704832
1.387796	5.371843	159.688135
0.602398	6.195823	160.254755
-0.183000	7.179126	160.072774
-0.968398	7.745747	159.248793
-1.753796	7.563761	158.265456
-2.539194	6.739781	157.698835
-3.324592	5.756479	157.880814
-4.109990	5.189858	158.704793
-4.895388	5.371837	159.688096
-5.680786	6.195816	160.254717
-6.466184	7.179119	160.072738
-7.251582	7.745742	159.248758
-8.036980	7.563442	158.263717
-8.822378	6.739464	157.697095
-9.607776	5.756162	157.879074
-10.393174	5.189540	158.703052
-11.178572	5.371518	159.686354
-11.963970	6.195496	160.252976
-12.749368	7.178799	160.070998
-13.534766	7.745430	159.247009
-14.320163	7.563138	158.262002
-15.105562	6.739160	157.695379
-15.890960	5.755858	157.877356
-16.676358	5.189235	158.701333
-17.461756	5.371211	159.684636
-18.247153	6.195190	160.251261
-19.032551	7.178494	160.069285
-19.817949	7.745118	159.245309
-20.603347	7.563137	158.261979
-21.388745	6.739161	157.695354
-22.174142	5.755856	157.877329
-22.959540	5.189230	158.701304
-23.744938	5.371204	159.684608
-24.530336	6.195180	160.251234
-25.315734	7.178483	160.069260
-26.101132	7.745117	159.245275
-26.886530	7.563126	158.261872
-27.671928	6.739150	157.695244
-28.457326	5.755847	157.877217
-29.242724	5.189219	158.701191
-30.028122	5.371191	159.684495
-30.813520	6.195166	160.251122
-31.598918	7.178470	160.069150
-32.384315	7.745105	159.245167
-33.169713	7.560903	158.249804
-33.955111	6.736929	157.683176
-34.740508	5.753623	157.865146
-35.525906	5.186994	158.689119
-36.311304	5.368963	159.672423
-37.096702	6.192936	160.239053
-37.882100	7.176241	160.057084
-38.667498	7.742871	159.233112
-39.452896	7.560898	158.249787
-40.238294	6.736926	157.683157
-41.023692	5.753622	157.865125
-41.809091	5.186992	158.689097
-42.594488	5.368960	159.672402
-43.379886	6.192932	160.239033
-44.165284	7.176237	160.057065
-44.950682	7.742868	159.233093
-45.736080	7.560899	158.249780
-46.521479	6.736927	157.683149
-47.306877	5.753623	157.865116
-48.092275	5.186992	158.689088
-48.877673	5.368959	159.672393
-49.663071	6.192931	160.239024
-50.448469	7.176236	160.057057
-51.233867	7.742868	159.233086
-52.019265	7.560899	158.249771
-52.804663	6.736928	157.683139
-53.590061	5.753623	157.865106
-54.375459	5.186991	158.689077
-55.160857	5.368958	159.672382
-55.946255	6.192929	160.239014
-56.731654	7.176234	160.057047
-57.517051	7.742867	159.233075
-58.302449	7.560899	158.249755
-59.087848	6.736928	157.683123
-59.873246	5.753623	157.865089
-60.658644	5.186991	158.689060
-61.444042	5.368957	159.672365
-62.229439	6.192929	160.238999
-63.014837	7.176234	160.057034
-63.800235	7.742868	159.233064
-64.585633	7.560901	158.249747
-65.371031	6.736930	157.683113
-66.156429	5.753625	157.865077
-66.941827	5.186992	158.689047
-67.727226	5.368956	159.672352
-68.512624	6.192926	160.238986
-69.298021	7.176232	160.057022
-70.083419	7.742867	159.233051
-70.868817	7.560902	158.249734
-71.654215	6.736931	157.683099
-72.439614	5.753626	157.865062
-73.225012	5.186991	158.689031
-74.010410	5.368954	159.672337
-74.795808	6.192924	160.238972
-75.581206	7.176229	160.057009
-76.366604	7.742864	159.233040
-77.152002	7.560900	158.249724
-77.937399	6.736927	157.683085
-78.722797	5.753621	157.865047
-79.508195	5.186985	158.689015
-80.293592	5.368946	159.672323
-81.078991	6.192914	160.238960
-81.864388	7.176220	160.056999
-82.649787	7.742857	159.233032
-83.435185	7.560896	158.249715
-84.220583	6.736927	157.683077
-85.005979	5.753619	157.865036
-85.791377	5.186981	158.689003
-86.576775	5.368939	159.672309
-87.362173	6.192905	160.238948
-88.147571	7.176212	160.056990
-88.932969	7.742853	159.233023
-89.718367	7.560894	158.249709
-90.503765	6.736928	157.683070
-91.289162	5.753620	157.865026
-92.074561	5.186979	158.688992
-92.859959	5.368935	159.672298
-93.645357	6.192901	160.238939
-94.430755	7.176208	160.056983
-95.216153	7.742849	159.233018
-96.001551	7.560893	158.249710
-96.786949	6.736928	157.683069
-97.572347	5.753621	157.865025
-98.357745	5.186980	158.688990
-99.143142	5.368934	159.672298
-99.928539	6.192900	160.238943
-100.713937	7.176208	160.056990
-101.499335	7.742851	159.233026
-102.284733	7.560897	158.249711
-103.070131	6.736934	157.683068
-103.855529	5.753626	157.865021
-104.640927	5.186982	158.688984
-105.426325	5.368935	159.672291
-106.211724	6.192898	160.238935
-106.997122	7.176205	160.056982
-107.782519	7.742855	159.233012
-108.567917	7.560903	158.249699
-109.353315	6.736940	157.683054
-110.138713	5.753632	157.865005
-110.924111	5.186988	158.688967
-111.709509	5.368938	159.672275
-112.494906	6.192902	160.238922
-113.280304	7.176210	160.056972
-114.065702	7.742857	159.233009
-114.851100	7.560907	158.249697
-115.636497	6.736943	157.683047
-116.421895	5.753634	157.864994
-117.207293	5.186987	158.688955
-117.992691	5.368935	159.672263
-118.778089	6.192895	160.238911
-119.563487	7.176204	160.056963
-120.348885	7.742858	159.232996
-121.134283	7.560910	158.249682
-121.919680	6.736950	157.683033
-122.705079	5.753642	157.864979
-123.490477	5.186993	158.688938
-124.275875	5.368939	159.672247
-125.061273	6.192898	160.238896
-125.846671	7.176208	160.056951
-126.632069	7.742857	159.232991
-127.417467	7.560911	158.249676
-128.202864	6.736948	157.683023
-128.988262	5.753639	157.864967
-129.773660	5.186989	158.688926
-130.559058	5.368933	159.672235
-131.344456	6.192891	160.238885
-132.129854	7.176201	160.056941
-132.915252	7.742852	159.232982
-133.700650	7.560908	158.249668
-134.486048	6.736950	157.683017
-135.271447	5.753641	157.864960
-136.056845	5.186990	158.688918
-136.842243	5.368933	159.672227
-137.627641	6.192891	160.238878
-138.413039	7.176200	160.056935
-139.198437	7.742851	159.232977
-139.983835	7.560907	158.249662
-140.769233	6.736949	157.683011
-141.554632	5.753640	157.864954
-142.340030	5.186989	158.688912
-143.125428	5.368931	159.672221
-143.910826	6.192889	160.238872
-144.696224	7.176199	160.056929
-145.481622	7.742851	159.232972
-146.267020	7.560907	158.249656
-147.052418	6.736950	157.683004
-147.837816	5.753640	157.864947
-148.623214	5.186988	158.688904
-149.408612	5.368930	159.672213
-150.194010	6.192887	160.238865
-150.979408	7.176197	160.056923
-151.764806	7.742855	159.232960
-152.550204	7.560913	158.249644
-153.335602	6.736957	157.682991
-154.120999	5.753645	157.864931
-154.906397	5.186991	158.688886
-155.691794	5.368930	159.672198
-156.477192	6.192885	160.238853
-157.262590	7.176194	160.056915
-158.047988	7.742850	159.232960
-158.833386	7.560911	158.249644
-159.618784	6.736956	157.682988
-160.404182	5.753646	157.864926
-161.189581	5.186990	158.688881
-161.974979	5.368928	159.672191
-162.760377	6.192883	160.238847
-163.545775	7.176193	160.056909
-164.331173	7.742850	159.232953
-165.116571	7.560912	158.249637
-165.901969	6.736957	157.682981
-166.687367	5.753647	157.864918
-167.472765	5.186991	158.688873
-168.258163	5.368928	159.672183
-169.043560	6.192884	160.238841
-169.828958	7.176195	160.056905
-170.614356	7.742853	159.232950
-171.399754	7.560917	158.249635
-172.185152	6.736963	157.682978
-172.970551	5.753653	157.864913
-173.755949	5.186995	158.688867
-174.541347	5.368931	159.672177
-175.326744	6.192885	160.238837
-176.112142	7.176197	160.056902
-176.897539	7.742861	159.232944
-177.682937	7.560926	158.249626
-178.468335	6.736974	157.682966
-179.253733	5.753663	157.864900
-180.039131	5.187004	158.688852
-180.824529	5.368937	159.672163
-181.609927	6.192889	160.238823
-182.395325	7.176200	160.056891
-183.180722	7.742866	159.232933
-183.966120	7.560934	158.249615
-184.751518	6.736982	157.682953
-185.536916	5.753670	157.864884
-186.322314	5.187009	158.688835
-187.107713	5.368939	159.672146
-187.893111	6.192890	160.238808
-188.678508	7.176205	160.056877
-189.463906	7.742867	159.232927
-190.249304	7.560937	158.249610
-191.034702	6.736986	157.682946
-191.820100	5.753674	157.864876
-192.605498	5.187012	158.688826
-193.390896	5.368941	159.672138
-194.176293	6.192891	160.238803
-194.961691	7.176204	160.056875
-195.747088	7.742873	159.232920
-196.532486	7.560946	158.249602
-197.317884	6.736998	157.682937
-198.103282	5.753685	157.864863
-198.888681	5.187020	158.688812
-199.674079	5.368946	159.672124
-200.459477	6.192894	160.238789
-201.244875	7.176207	160.056863
-202.030272	7.742877	159.232909
-202.815670	7.560951	158.249589
-203.601068	6.737004	157.682923
-204.386466	5.753691	157.864848
-205.171864	5.187025	158.688795
-205.957263	5.368950	159.672108
-206.742661	6.192897	160.238774
-207.528058	7.176210	160.056850
-208.313456	7.742878	159.232902
-209.098854	7.560953	158.249583
-209.884252	6.737005	157.682915
-210.669651	5.753693	157.864839
-211.455048	5.187025	158.688786
-212.240446	5.368948	159.672099
-213.025844	6.192895	160.238767
-213.811242	7.176208	160.056843
-214.596641	7.742876	159.232897
-215.382039	7.560952	158.249579
-216.167437	6.737006	157.682911
-216.952835	5.753693	157.864834
-217.738233	5.187025	158.688780
-218.523630	5.368947	159.672095
-219.309027	6.192893	160.238766
-220.094425	7.176207	160.056846
-220.879822	7.742882	159.232896
-221.665220	7.560963	158.249578
-222.450618	6.737019	157.682906
-223.236016	5.753705	157.864825
-224.021414	5.187034	158.688769
-224.806812	5.368953	159.672082
-225.592210	6.192897	160.238754
-226.377608	7.176210	160.056836
-227.163007	7.742882	159.232892
-227.948405	7.560962	158.249573
-228.733803	6.737019	157.682901
-229.519201	5.753705	157.864819
-230.304599	5.187032	158.688763
-231.089997	5.368950	159.672076
-231.875395	6.192894	160.238749
-232.660793	7.176207	160.056831
-233.446190	7.742885	159.232881
-234.231588	7.560968	158.249562
-235.016986	6.737024	157.682888
-235.802384	5.753710	157.864805
-236.587782	5.187037	158.688747
-237.373181	5.368953	159.672061
-238.158579	6.192896	160.238735
-238.943977	7.176210	160.056818
-239.729375	7.742884	159.232876
-240.514773	7.560968	158.249561
-241.300171	6.737026	157.682887
-242.085569	5.753712	157.864804
-242.870967	5.187038	158.688746
-243.656365	5.368954	159.672060
-244.441763	6.192896	160.238735
-245.227161	7.176210	160.056819
-246.012560	7.742885	159.232877
-246.797958	7.560968	158.249555
-247.583356	6.737026	157.682881
-248.368754	5.753711	157.864796
-249.154152	5.187037	158.688738
-249.939550	5.368952	159.672053
-250.724948	6.192894	160.238728
-251.510346	7.176209	160.056813
-252.295744	7.742885	159.232870
-253.081142	7.560969	158.249548
-253.866540	6.737028	157.682872
-254.651938	5.753714	157.864787
-255.437336	5.187038	158.688728
-256.222733	5.368952	159.672044
-257.008131	6.192892	160.238720
-257.793529	7.176208	160.056807
-258.578927	7.742886	159.232865
-259.364325	7.560972	158.249544
-260.149723	6.737031	157.682866
-260.935121	5.753716	157.864779
-261.720519	5.187039	158.688719
-262.505917	5.368951	159.672033
-263.291315	6.192892	160.238713
-264.076712	7.176208	160.056801
-264.862110	7.742887	159.232861
-265.647508	7.560976	158.249540
-266.432907	6.737037	157.682862
-267.218304	5.753721	157.864772
-268.003702	5.187042	158.688711
-268.789100	5.368952	159.672027
-269.574498	6.192891	160.238706
-270.359896	7.176206	160.056796
-271.145295	7.742886	159.232858
-271.930692	7.560975	158.249537
-272.716090	6.737036	157.682857
-273.501489	5.753721	157.864766
-274.286887	5.187041	158.688704
-275.072285	5.368950	159.672020
-275.857683	6.192889	160.238700
-276.643081	7.176204	160.056792
-277.428478	7.742890	159.232847
-278.213876	7.560981	158.249527
-278.999274	6.737043	157.682845
-279.784671	5.753726	157.864751
-280.570069	5.187043	158.688688
-281.355467	5.368950	159.672004
-282.140865	6.192886	160.238686
-282.926263	7.176203	160.056780
-283.711661	7.742885	159.232844
-284.497059	7.560979	158.249523
-285.282457	6.737042	157.682840
-286.067856	5.753726	157.864746
-286.853254	5.187044	158.688682
-287.638652	5.368949	159.671998
-288.424050	6.192886	160.238681
-289.209448	7.176202	160.056776
-289.994845	7.742891	159.232834
-290.780243	7.560987	158.249516
-291.565641	6.737050	157.682831
-292.351039	5.753734	157.864735
-293.136437	5.187049	158.688670
-293.921835	5.368953	159.671987
-294.707233	6.192888	160.238671
-295.492631	7.176206	160.056768
-296.278028	7.742896	159.232827
-297.063426	7.560993	158.249504
-297.848823	6.737054	157.682814
-298.634222	5.753737	157.864715
-299.419620	5.187051	158.688649
-300.205018	5.368952	159.671966
-300.990416	6.192885	160.238653
-301.775814	7.176203	160.056752
-302.561212	7.742891	159.232817
-303.346610	7.560989	158.249492
-304.132008	6.737056	157.682805
-304.917406	5.753739	157.864705
-305.702804	5.187052	158.688639
-306.488202	5.368952	159.671956
-307.273600	6.192885	160.238643
-308.058998	7.176203	160.056743
-308.844395	7.742897	159.232803
-309.629793	7.560997	158.249477
-310.415191	6.737064	157.682788
-311.200590	5.753747	157.864687
-311.985988	5.187059	158.688619
-312.771386	5.368957	159.671937
-313.556784	6.192889	160.238625
-314.342182	7.176207	160.056727
-315.127580	7.742897	159.232794
-315.912978	7.560996	158.249460
-316.698376	6.737065	157.682770
-317.483774	5.753747	157.864668
-318.269172	5.187057	158.688599
-319.054570	5.368954	159.671917
-319.839968	6.192886	160.238607
-320.625366	7.176203	160.056710
-321.410764	7.742895	159.232777
-322.196162	7.560996	158.249449
-322.981560	6.737064	157.682758
-323.766958	5.753746	157.864654
-324.552356	5.187056	158.688585
-325.337753	5.368951	159.671904
-326.123151	6.192881	160.238596
-326.908549	7.176199	160.056701
-327.693946	7.742897	159.232764
-328.479344	7.561002	158.249438
-329.264742	6.737072	157.682745
-330.050140	5.753753	157.864638
-330.835538	5.187060	158.688567
-331.620937	5.368954	159.671886
-332.406334	6.192884	160.238581
-333.191732	7.176203	160.056688
-333.977129	7.742903	159.232753
-334.762527	7.561011	158.249425
-335.547925	6.737082	157.682730
-336.333323	5.753764	157.864620
-337.118721	5.187068	158.688548
-337.904119	5.368959	159.671867
-338.689517	6.192887	160.238562
-339.474915	7.176206	160.056672
-340.260312	7.742908	159.232738
-341.045710	7.561017	158.249410
-341.831107	6.737087	157.682709
-342.616504	5.753766	157.864597
-343.401902	5.187067	158.688522
-344.187301	5.368954	159.671841
-344.972698	6.192879	160.238540
-345.758096	7.176200	160.056654
-346.543494	7.742900	159.232727
-347.328892	7.561012	158.249401
-348.114290	6.737088	157.682702
-348.899687	5.753766	157.864587
-349.685086	5.187066	158.688511
-350.470484	5.368950	159.671831
-351.255882	6.192874	160.238532
-352.041280	7.176195	160.056647
-352.826678	7.742896	159.232723
-353.612076	7.561010	158.249398
-354.397474	6.737086	157.682696
-355.182872	5.753766	157.864580
-355.968270	5.187065	158.688504
-356.753668	5.368948	159.671824
-357.539065	6.192873	160.238527
-358.324463	7.176194	160.056645
-359.109861	7.742896	159.232722
-359.895259	7.561013	158.249397
-360.680657	6.737090	157.682693
-361.466055	5.753769	157.864575
-362.251453	5.187066	158.688498
-363.036851	5.368947	159.671818
-363.822249	6.192870	160.238522
-364.607647	7.176191	160.056641
-365.393044	7.742900	159.232713
-366.178442	7.561019	158.249387
-366.963840	6.737098	157.682683
-367.749238	5.753777	157.864562
-368.534636	5.187072	158.688484
-369.320034	5.368951	159.671805
-370.105432	6.192872	160.238510
-370.890830	7.176194	160.056630
-371.676228	7.742899	159.232710
-372.461626	7.561019	158.249381
-373.247024	6.737097	157.682675
-374.032422	5.753776	157.864554
-374.817820	5.187071	158.688475
-375.603217	5.368948	159.671797
-376.388615	6.192868	160.238504
-377.174013	7.176190	160.056627
-377.959411	7.742896	159.232707
-378.744809	7.561018	158.249377
-379.530208	6.737098	157.682670
-380.315606	5.753777	157.864546
-381.101004	5.187070	158.688466
-381.886402	5.368947	159.671787
-382.671799	6.192867	160.238496
-383.457197	7.176189	160.056621
-384.242594	7.742903	159.232694
-385.027992	7.561027	158.249364
-385.813390	6.737109	157.682655
-386.598789	5.753787	157.864529
-387.384187	5.187078	158.688448
-388.169584	5.368952	159.671770
-388.954981	6.192871	160.238481
-389.740379	7.176193	160.056608
-390.525777	7.742910	159.232684
-391.311175	7.561037	158.249353
-392.096573	6.737121	157.682642
-392.881971	5.753798	157.864513
-393.667369	5.187087	158.688429
-394.452767	5.368958	159.671752
-395.238165	6.192874	160.238463
-396.023563	7.176197	160.056592
-396.808962	7.742908	159.232675
-397.594360	7.561036	158.249345
-398.379757	6.737116	157.682629
-399.165155	5.753793	157.864499
-399.950553	5.187080	158.688415
-400.735951	5.368950	159.671737
-401.521349	6.192866	160.238450
-402.306747	7.176189	160.056580
-403.092145	7.742902	159.232665
-403.877543	7.561030	158.249329
-404.662941	6.737114	157.682616
-405.448340	5.753792	157.864485
-406.233738	5.187079	158.688400
-407.019135	5.368947	159.671725
-407.804533	6.192862	160.238439
-408.589931	7.176185	160.056571
-409.375329	7.742900	159.232656
-410.160727	7.561029	158.249317
-410.946125	6.737114	157.682603
-411.731523	5.753791	157.864470
-412.516921	5.187077	158.688385
-413.302319	5.368944	159.671708
-414.087717	6.192859	160.238423
-414.873115	7.176183	160.056556
-415.658513	7.742899	159.232641
-416.443911	7.561030	158.249305
-417.229309	6.737115	157.682589
-418.014706	5.753790	157.864455
-418.800104	5.187073	158.688368
-419.585502	5.368939	159.671691
-420.370900	6.192852	160.238408
-421.156298	7.176176	160.056543
-421.941695	7.742899	159.232624
-422.727093	7.561032	158.249285
-423.512491	6.737120	157.682567
-424.297890	5.753796	157.864430
-425.083288	5.187079	158.688342
-425.868686	5.368942	159.671666
-426.654084	6.192854	160.238384
-427.439482	7.176179	160.056521
-428.224879	7.742903	159.232601
-429.010277	7.561038	158.249265
-429.795675	6.737127	157.682546
-430.581073	5.753803	157.864408
-431.366472	5.187084	158.688319
-432.151870	5.368946	159.671644
-432.937267	6.192858	160.238365
-433.722664	7.176186	160.056505
-434.508062	7.742907	159.232595
-435.293460	7.561043	158.249248
-436.078858	6.737134	157.682527
-436.864256	5.753809	157.864386
-437.649654	5.187088	158.688296
-438.435052	5.368947	159.671620
-439.220451	6.192857	160.238342
-440.005849	7.176182	160.056482
-440.791247	7.742904	159.232573
-441.576645	7.561042	158.249232
-442.362043	6.737131	157.682509
-443.147441	5.753807	157.864368
-443.932839	5.187085	158.688277
-444.718237	5.368943	159.671602
-445.503635	6.192853	160.238325
-446.289033	7.176178	160.056466
-447.074430	7.742907	159.232550
-447.859828	7.561047	158.249210
-448.645226	6.737138	157.682486
-449.430624	5.753813	157.864343
-450.216022	5.187090	158.688251
-451.001420	5.368947	159.671576
-451.786817	6.192856	160.238302
-452.572215	7.176182	160.056446
-453.357613	7.742908	159.232537
-454.143011	7.561047	158.249183
-454.928409	6.737140	157.682458
-455.713808	5.753815	157.864313
-456.499206	5.187089	158.688220
-457.284604	5.368944	159.671545
-458.070002	6.192851	160.238270
-458.855400	7.176177	160.056416
-459.640798	7.742904	159.232507
-460.426196	7.561046	158.249161
-461.211594	6.737139	157.682435
-461.996992	5.753813	157.864289
-462.782390	5.187087	158.688195
-463.567788	5.368941	159.671521
-464.353186	6.192848	160.238247
-465.138584	7.176174	160.056393
-465.923982	7.742901	159.232485
-466.709380	7.561045	158.249144
-467.494778	6.737139	157.682418
-468.280175	5.753811	157.864270
-469.065573	5.187084	158.688176
-469.850972	5.368936	159.671501
-470.636370	6.192841	160.238229
-471.421768	7.176168	160.056377
-472.207165	7.742902	159.232464
-472.992563	7.561048	158.249122
-473.777961	6.737143	157.682394
-474.563359	5.753817	157.864245
-475.348757	5.187088	158.688149
-476.134155	5.368939	159.671475
-476.919553	6.192843	160.238205
-477.704951	7.176169	160.056354
-478.490349	7.742899	159.232450
-479.275747	7.561046	158.249111
-480.061145	6.737142	157.682382
-480.846544	5.753816	157.864232
-481.631942	5.187086	158.688136
-482.417340	5.368937	159.671462
-483.202737	6.192842	160.238194
-483.988135	7.176169	160.056345
-484.773533	7.742899	159.232441
-485.558931	7.561046	158.249091
-486.344329	6.737143	157.682360
-487.129727	5.753816	157.864209
-487.915125	5.187086	158.688112
-488.700524	5.368934	159.671439
-489.485922	6.192838	160.238170
-490.271320	7.176165	160.056322
-491.056718	7.742897	159.232417
-491.842115	7.561039	158.249032
-492.627513	6.737135	157.682300
-493.412912	5.753808	157.864147
-494.198310	5.187077	158.688050
-494.983708	5.368924	159.671377
-495.769106	6.192827	160.238108
-496.554504	7.176154	160.056261
-497.339902	7.742886	159.232358
-498.125300	7.561035	158.249008
-498.910698	6.737132	157.682277
-499.696096	5.753806	157.864124
-500.481495	5.187074	158.688026
-501.266892	5.368921	159.671353
-502.052290	6.192824	160.238087
-502.837687	7.176151	160.056242
-503.623085	7.742886	159.232339
-504.408483	7.561037	158.248989
-505.193882	6.737135	157.682256
-505.979280	5.753808	157.864101
-506.764678	5.187075	158.688002
-507.550076	5.368920	159.671329
-508.335473	6.192822	160.238065
-509.120871	7.176150	160.056221
-509.906269	7.742886	159.232319
-510.691667	7.561038	158.248968
-511.477065	6.737138	157.682233
-512.262463	5.753810	157.864076
-513.047861	5.187075	158.687976
-513.833259	5.368918	159.671304
-514.618657	6.192818	160.238039
-515.404056	7.176145	160.056196
-516.189453	7.742887	159.232289
-516.974851	7.561042	158.248945
-517.760249	6.737142	157.682209
-518.545646	5.753812	157.864050
-519.331044	5.187075	158.687948
-520.116442	5.368915	159.671276
-520.901840	6.192814	160.238014
-521.687238	7.176143	160.056174
-522.472635	7.742887	159.232269
-523.258033	7.561046	158.248930
-524.043431	6.737149	157.682192
-524.828829	5.753820	157.864030
-525.614227	5.187080	158.687928
-526.399625	5.368919	159.671256
-527.185023	6.192816	160.237995
-527.970421	7.176144	160.056157
-528.755819	7.742884	159.232260
-529.541217	7.561044	158.248924
-530.326615	6.737146	157.682183
-531.112013	5.753818	157.864021
-531.897412	5.187078	158.687918
-532.682810	5.368916	159.671247
-533.468208	6.192813	160.237987
-534.253606	7.176142	160.056149
-535.039004	7.742883	159.232251
-535.824402	7.561045	158.248914
-536.609800	6.737148	157.682174
-537.395198	5.753819	157.864011
-538.180596	5.187079	158.687907
-538.965994	5.368915	159.671236
-539.751392	6.192812	160.237976
-540.536790	7.176141	160.056140
-541.322187	7.742888	159.232237
-542.107585	7.561051	158.248900
-542.892983	6.737155	157.682158
-543.678381	5.753826	157.863993
-544.463779	5.187083	158.687888
-545.249177	5.368918	159.671218
-546.034575	6.192814	160.237960
-546.819973	7.176143	160.056126
-547.605370	7.742892	159.232223
-548.390768	7.561056	158.248881
-549.176166	6.737161	157.682137
-549.961563	5.753830	157.863969
-550.746961	5.187085	158.687863
-551.532360	5.368917	159.671192
-552.317758	6.192810	160.237937
-553.103155	7.176141	160.056106
-553.888554	7.742886	159.232213
-554.673952	7.561053	158.248872
-555.459350	6.737160	157.682127
-556.244748	5.753830	157.863958
-557.030146	5.187085	158.687851
-557.815544	5.368916	159.671181
-558.600941	6.192810	160.237928
-559.386339	7.176140	160.056098
-560.171737	7.742887	159.232206
-560.957135	7.561055	158.248866
-561.742533	6.737163	157.682119
-562.527932	5.753833	157.863949
-563.313330	5.187086	158.687841
-564.098728	5.368916	159.671171
-564.884126	6.192808	160.237918
-565.669524	7.176138	160.056089
-566.454921	7.742890	159.232191
-567.240319	7.561061	158.248851
-568.025717	6.737169	157.682103
-568.811115	5.753839	157.863931
-569.596514	5.187091	158.687823
-570.381912	5.368919	159.671153
-571.167310	6.192810	160.237901
-571.952708	7.176141	160.056073
-572.738106	7.742889	159.232182
-573.523504	7.561060	158.248843
-574.308902	6.737167	157.682094
-575.094299	5.753835	157.863921
-575.879697	5.187086	158.687811
-576.665095	5.368912	159.671142
-577.450493	6.192803	160.237892
-578.235891	7.176134	160.056066
-579.021288	7.742890	159.232169
-579.806686	7.561063	158.248828
-580.592084	6.737173	157.682077
-581.377483	5.753842	157.863902
-582.162881	5.187092	158.687791
-582.948279	5.368917	159.671122
-583.733677	6.192806	160.237873
-584.519075	7.176138	160.056048
-585.304472	7.742894	159.232152
-586.089870	7.561069	158.248808
-586.875268	6.737180	157.682056
-587.660665	5.753846	157.863879
-588.446063	5.187094	158.687767
-589.231462	5.368916	159.671098
-590.016859	6.192805	160.237853
-590.802257	7.176137	160.056032
-591.587655	7.742891	159.232145
-592.373053	7.561068	158.248800
-593.158451	6.737181	157.682046
-593.943849	5.753849	157.863867
-594.729247	5.187095	158.687754
-595.514645	5.368915	159.671086
-596.300043	6.192803	160.237840
-597.085442	7.176134	160.056019
-597.870840	7.742888	159.232132
-598.656238	7.561066	158.248787
-599.441636	6.737179	157.682033
-600.227034	5.753847	157.863853
-601.012432	5.187092	158.687740
-601.797830	5.368912	159.671072
-602.583228	6.192799	160.237827
-603.368626	7.176131	160.056007
-604.154023	7.742891	159.232113
-604.939421	7.561069	158.248763
-605.724820	6.737183	157.682008
-606.510218	5.753851	157.863826
-607.295616	5.187095	158.687712
-608.081014	5.368913	159.671044
-608.866412	6.192799	160.237800
-609.651810	7.176132	160.055982
-610.437207	7.742894	159.232089
-611.222605	7.561075	158.248749
-612.008003	6.737190	157.681992
-612.793401	5.753857	157.863808
-613.578799	5.187100	158.687693
-614.364197	5.368916	159.671026
-615.149595	6.192801	160.237783
-615.934993	7.176134	160.055967
-616.720390	7.742898	159.232076
-617.505788	7.561081	158.248732
-618.291187	6.737197	157.681974
-619.076584	5.753864	157.863789
-619.861983	5.187105	158.687673
-620.647380	5.368919	159.671007
-621.432777	6.192802	160.237767
-622.218176	7.176135	160.055954
-623.003573	7.742901	159.232064
-623.788971	7.561087	158.248721
-624.574369	6.737205	157.681960
-625.359767	5.753871	157.863772
-626.145165	5.187110	158.687654
-626.930563	5.368922	159.670987
-627.715961	6.192804	160.237749
-628.501359	7.176138	160.055937
-629.286757	7.742901	159.232054
-630.072155	7.561087	158.248710
-630.857553	6.737206	157.681948
-631.642951	5.753872	157.863759
-632.428349	5.187110	158.687641
-633.213748	5.368921	159.670974
-633.999146	6.192802	160.237736
-634.784544	7.176137	160.055925
-635.569942	7.742900	159.232042
-636.355340	7.561088	158.248700
-637.140738	6.737207	157.681937
-637.926136	5.753873	157.863748
-638.711534	5.187110	158.687629
-639.496932	5.368920	159.670963
-640.282330	6.192801	160.237726
-641.067728	7.176135	160.055916
-641.853125	7.742904	159.232029
-642.638523	7.561095	158.248688
-643.423921	6.737214	157.681924
-644.209319	5.753880	157.863732
-644.994717	5.187116	158.687613
-645.780115	5.368925	159.670947
-646.565513	6.192806	160.237713
-647.350911	7.176141	160.055906
-648.136308	7.742907	159.232025
-648.921706	7.561099	158.248683
-649.707104	6.737215	157.681914
-650.492502	5.753881	157.863719
-651.277900	5.187115	158.687598
-652.063298	5.368920	159.670932
-652.848696	6.192799	160.237699
-653.634094	7.176134	160.055893
-654.419492	7.742901	159.232015
-655.204890	7.561094	158.248673
-655.990288	6.737216	157.681906
-656.775687	5.753881	157.863711
-657.561084	5.187114	158.687590
-658.346481	5.368918	159.670926
-659.131879	6.192795	160.237694
-659.917278	7.176130	160.055890
-660.702676	7.742898	159.232013
-661.488074	7.561093	158.248667
-662.273472	6.737216	157.681899
-663.058870	5.753881	157.863703
-663.844268	5.187112	158.687580
-664.629666	5.368915	159.670915
-665.415063	6.192794	160.237686
-666.200461	7.176129	160.055884
-666.985858	7.742905	159.232001
-667.771256	7.561103	158.248658
-668.556654	6.737227	157.681888
-669.342052	5.753891	157.863688
-670.127450	5.187120	158.687564
-670.912848	5.368920	159.670899
-671.698246	6.192796	160.237671
-672.483644	7.176132	160.055871
-673.269041	7.742909	159.231989
-674.054440	7.561110	158.248652
-674.839837	6.737235	157.681879
-675.625236	5.753899	157.863677
-676.410634	5.187126	158.687552
-677.196032	5.368924	159.670888
-677.981430	6.192798	160.237660
-678.766828	7.176135	160.055862
-679.552226	7.742909	159.231987
-680.337624	7.561110	158.248646
-681.123021	6.737233	157.681869
-681.908419	5.753896	157.863665
-682.693817	5.187122	158.687539
-683.479215	5.368919	159.670875
-684.264613	6.192792	160.237650
-685.050011	7.176128	160.055854
-685.835409	7.742904	159.231980
-686.620807	7.561107	158.248639
-687.406205	6.737234	157.681863
-688.191603	5.753897	157.863658
-688.977001	5.187122	158.687531
-689.762399	5.368918	159.670867
-690.547797	6.192791	160.237645
-691.333194	7.176129	160.055850
-692.118592	7.742906	159.231977
-692.903990	7.561111	158.248635
-693.689389	6.737239	157.681859
-694.474787	5.753903	157.863653
-695.260185	5.187126	158.687524
-696.045583	5.368920	159.670861
-696.830981	6.192791	160.237638
-697.616379	7.176129	160.055845
-698.401777	7.742907	159.231973
-699.187175	7.561113	158.248631
-699.972573	6.737242	157.681854
-700.757971	5.753906	157.863646
-701.543369	5.187128	158.687517
-702.328767	5.368921	159.670854
-703.114165	6.192792	160.237632
-703.899563	7.176129	160.055840
-704.684960	7.742912	159.231963
-705.470358	7.561120	158.248620
-706.255756	6.737250	157.681841
-707.041153	5.753911	157.863631
-707.826551	5.187131	158.687500
-708.611950	5.368921	159.670838
-709.397348	6.192790	160.237618
-710.182745	7.176128	160.055829
-710.968144	7.742908	159.231959
-711.753542	7.561118	158.248614
-712.538940	6.737249	157.681833
-713.324338	5.753911	157.863622
-714.109736	5.187131	158.687491
-714.895134	5.368920	159.670829
-715.680532	6.192789	160.237609
-716.465930	7.176127	160.055820
-717.251328	7.742909	159.231950
-718.036726	7.561119	158.248605
-718.822124	6.737251	157.681824
-719.607523	5.753913	157.863613
-720.392921	5.187132	158.687481
-721.178319	5.368920	159.670819
-721.963717	6.192789	160.237600
-722.749115	7.176127	160.055812
-723.534513	7.742908	159.231943
-724.319911	7.561118	158.248596
-725.105309	6.737249	157.681814
-725.890707	5.753911	157.863602
-726.676105	5.187129	158.687470
-727.461503	5.368917	159.670808
-728.246900	6.192786	160.237592
-729.032298	7.176124	160.055806
-729.817696	7.742909	159.231937
-730.603094	7.561122	158.248591
-731.388492	6.737255	157.681808
-732.173890	5.753917	157.863594
-732.959288	5.187133	158.687461
-733.744687	5.368919	159.670799
-734.530084	6.192786	160.237583
-735.315482	7.176125	160.055797
-736.100880	7.742914	159.231924
-736.886278	7.561129	158.248580
-737.671676	6.737262	157.681794
-738.457074	5.753924	157.863578
-739.242472	5.187139	158.687444
-740.027870	5.368922	159.670783
-740.813268	6.192788	160.237568
-741.598666	7.176127	160.055785
-742.384064	7.742913	159.231920
-743.169462	7.561129	158.248574
-743.954860	6.737263	157.681787
-744.740258	5.753924	157.863570
-745.525656	5.187138	158.687435
-746.311054	5.368920	159.670774
-747.096452	6.192786	160.237560
-747.881850	7.176124	160.055778
-748.667248	7.742911	159.231913
-749.452646	7.561127	158.248565
-750.238044	6.737261	157.681778
-751.023442	5.753922	157.863559
-751.808840	5.187135	158.687424
-752.594238	5.368916	159.670763
-753.379636	6.192781	160.237550
-754.165034	7.176120	160.055769
-754.950431	7.742914	159.231897
-755.735829	7.561132	158.248548
-756.521228	6.737269	157.681760
-757.306626	5.753929	157.863540
-758.092024	5.187141	158.687403
-758.877422	5.368920	159.670743
-759.662819	6.192784	160.237532
-760.448217	7.176124	160.055753
-761.233615	7.742914	159.231888
-762.019013	7.561134	158.248543
-762.804411	6.737271	157.681753
-763.589809	5.753931	157.863531
-764.375208	5.187142	158.687394
-765.160605	5.368920	159.670734
-765.946003	6.192783	160.237525
-766.731401	7.176123	160.055748
-767.516799	7.742914	159.231886
-768.302197	7.561136	158.248540
-769.087595	6.737273	157.681748
-769.872993	5.753933	157.863525
-770.658391	5.187142	158.687386
-771.443788	5.368917	159.670728
-772.229186	6.192778	160.237520
-773.014584	7.176119	160.055745
-773.799981	7.742917	159.231878
-774.585379	7.561142	158.248531
-775.370777	6.737282	157.681737
-776.156175	5.753942	157.863511
-776.941573	5.187148	158.687371
-777.726971	5.368921	159.670712
-778.512369	6.192781	160.237505
-779.297767	7.176122	160.055732
-780.083166	7.742916	159.231872
-780.868564	7.561142	158.248526
-781.653962	6.737282	157.681732
-782.439360	5.753942	157.863505
-783.224758	5.187148	158.687365
-784.010156	5.368921	159.670705
-784.795554	6.192780	160.237499
-785.580952	7.176122	160.055726
-786.366350	7.742917	159.231866
-787.151748	7.561143	158.248514
-787.937146	6.737283	157.681720
-788.722543	5.753940	157.863491
-789.507941	5.187145	158.687350
-790.293340	5.368916	159.670690
-791.078738	6.192774	160.237486
-791.864136	7.176116	160.055715
-792.649534	7.742912	159.231857
-793.434932	7.561139	158.248506
-794.220330	6.737280	157.681710
-795.005728	5.753939	157.863480
-795.791126	5.187143	158.687338
-796.576523	5.368912	159.670681
-797.361921	6.192769	160.237479
-798.147319	7.176111	160.055710
-798.932716	7.742915	159.231847
-799.718114	7.561146	158.248499
-800.503512	6.737289	157.681699
-801.288910	5.753947	157.863466
-802.074308	5.187149	158.687322
-802.859706	5.368915	159.670664
-803.645104	6.192772	160.237464
-804.430502	7.176113	160.055697
-805.215900	7.742913	159.231841
-806.001298	7.561146	158.248499
-806.786696	6.737290	157.681699
-807.572095	5.753948	157.863466
-808.357493	5.187149	158.687322
-809.142891	5.368915	159.670664
-809.928289	6.192771	160.237463
-810.713687	7.176114	160.055697
-811.499084	7.742918	159.231836
-812.284482	7.561153	158.248490
-813.069880	6.737297	157.681689
-813.855278	5.753955	157.863454
-814.640676	5.187154	158.687308
-815.426074	5.368919	159.670650
-816.211472	6.192774	160.237452
-816.996870	7.176116	160.055688
-817.782268	7.742919	159.231832
-818.567666	7.561154	158.248486
-819.353064	6.737300	157.681684
-820.138462	5.753957	157.863448
-820.923860	5.187156	158.687302
-821.709258	5.368919	159.670645
-822.494657	6.192773	160.237446
-823.280055	7.176116	160.055683
-824.065452	7.742923	159.231823
-824.850850	7.561161	158.248477
-825.636248	6.737307	157.681674
-826.421645	5.753962	157.863435
-827.207043	5.187158	158.687288
-827.992440	5.368918	159.670632
-828.777838	6.192771	160.237438
-829.563236	7.176114	160.055678
-830.348634	7.742920	159.231826
-831.134032	7.561160	158.248478
-831.919430	6.737307	157.681672
-832.704828	5.753964	157.863431
-833.490226	5.187158	158.687282
-834.275624	5.368917	159.670625
-835.061021	6.192769	160.237433
-835.846419	7.176113	160.055676
-836.631817	7.742921	159.231824
-837.417215	7.561163	158.248476
-838.202613	6.737313	157.681668
-838.988011	5.753969	157.863425
-839.773409	5.187162	158.687275
-840.558807	5.368918	159.670619
-841.344204	6.192769	160.237429
-842.129602	7.176113	160.055674
-842.915000	7.742922	159.231825
-843.700398	7.561167	158.248475
-844.485796	6.737317	157.681666
-845.271193	5.753971	157.863420
-846.056591	5.187161	158.687268
-846.841990	5.368915	159.670612
-847.627388	6.192763	160.237423
-848.412786	7.176108	160.055669
-849.198184	7.742918	159.231821
-849.983582	7.561164	158.248472
-850.768980	6.737316	157.681661
-851.554378	5.753972	157.863414
-852.339776	5.187161	158.687262
-853.125174	5.368914	159.670607
-853.910572	6.192763	160.237417
-854.695970	7.176107	160.055664
-855.481368	7.742924	159.231810
-856.266766	7.561171	158.248460
-857.052164	6.737323	157.681647
-857.837562	5.753979	157.863399
-858.622960	5.187167	158.687246
-859.408358	5.368918	159.670591
-860.193755	6.192766	160.237405
-860.979153	7.176111	160.055655
-861.764551	7.742926	159.231807
-862.549949	7.561175	158.248454
-863.335347	6.737329	157.681641
-864.120745	5.753984	157.863390
-864.906143	5.187170	158.687236
-865.691541	5.368920	159.670581
-866.476939	6.192766	160.237395
-867.262338	7.176111	160.055645
-868.047735	7.742930	159.231792
-868.833133	7.561181	158.248440
-869.618531	6.737335	157.681626
-870.403929	5.753990	157.863374
-871.189327	5.187175	158.687219
-871.974725	5.368924	159.670564
-872.760123	6.192769	160.237379
-873.545521	7.176115	160.055631
-874.330919	7.742931	159.231784
-875.116317	7.561181	158.248427
-875.901715	6.737335	157.681611
-876.687113	5.753990	157.863359
-877.472512	5.187175	158.687203
-878.257910	5.368922	159.670549
-879.043308	6.192767	160.237364
-879.828706	7.176113	160.055617
-880.614103	7.742935	159.231766
-881.399501	7.561187	158.248407
-882.184899	6.737343	157.681591
-882.970297	5.753997	157.863336
-883.755695	5.187180	158.687181
-884.541093	5.368926	159.670526
-885.326491	6.192770	160.237343
-886.111889	7.176116	160.055598
-886.897286	7.742939	159.231747
-887.682685	7.561194	158.248398
-888.468083	6.737350	157.681580
-889.253481	5.754004	157.863324
-890.038879	5.187186	158.687167
-890.824276	5.368929	159.670514
-891.609673	6.192773	160.237335
-892.395071	7.176120	160.055594
-893.180468	7.742946	159.231745
-893.965866	7.561203	158.248384
-894.751263	6.737358	157.681558
-895.536661	5.754011	157.863297
-896.322059	5.187189	158.687138
-897.107457	5.368928	159.670484
-897.892856	6.192768	160.237306
-898.678254	7.176116	160.055567
-899.463651	7.742945	159.231720
-900.249049	7.561204	158.248360
-901.034447	6.737365	157.681536
-901.819845	5.754018	157.863274
-902.605243	5.187194	158.687113
-903.390641	5.368932	159.670461
-904.176039	6.192772	160.237285
-904.961437	7.176119	160.055547
-905.746835	7.742944	159.231707
-906.532233	7.561206	158.248349
-907.317631	6.737366	157.681524
-908.103029	5.754018	157.863260
-908.888427	5.187194	158.687099
-909.673825	5.368930	159.670446
-910.459223	6.192769	160.237271
-911.244621	7.176116	160.055534
-912.030019	7.742942	159.231694
-912.815417	7.561203	158.248333
-913.600815	6.737365	157.681508
-914.386213	5.754017	157.863244
-915.171611	5.187192	158.687082
-915.957009	5.368927	159.670430
-916.742407	6.192765	160.237256
-917.527804	7.176116	160.055521
-918.313203	7.742943	159.231684
-919.098600	7.561206	158.248323
-919.883998	6.737368	157.681495
-920.669397	5.754021	157.863229
-921.454794	5.187193	158.687066
-922.240191	5.368926	159.670416
-923.025589	6.192762	160.237244
-923.810987	7.176111	160.055512
-924.596385	7.742939	159.231676
-925.381783	7.561204	158.248310
-926.167182	6.737369	157.681481
-926.952580	5.754021	157.863213
-927.737978	5.187192	158.687048
-928.523376	5.368923	159.670396
-929.308773	6.192760	160.237227
