0.000000	0.000000	0.000000
0.805076	0.693651	0.721305
1.599319	0.654242	1.830333
2.389836	-0.086887	2.519041
1.604193	-0.141787	4.519173
1.327963	0.338896	6.462537
1.496604	0.471471	8.457295
1.440432	0.709534	10.441406
0.658378	1.484318	11.053757
-0.056743	2.466198	11.000627
-0.840426	3.714631	9.611934
-1.621992	3.603930	7.622149
-2.179428	2.458835	5.982012
-2.177020	1.322446	4.340702
-2.180322	0.177217	2.699602
-2.371138	-1.257268	1.306221
-2.160389	-2.364776	-0.359837
-2.161623	-3.478812	-2.021817
-2.155121	-4.588597	-3.684043
-2.152904	-5.696849	-5.349654
-1.367182	-5.474556	-6.340370
-0.578394	-4.623634	-6.896560
0.209025	-2.672610	-6.482395
0.992421	-1.574922	-4.809262
1.245356	-0.929582	-2.915210
1.243379	-0.302757	-1.018681
1.190064	0.431184	0.842067
1.246208	1.055791	2.743917
1.243463	1.692848	4.639961
1.252410	2.318850	6.540061
1.246785	2.946367	8.440023
1.250719	3.544754	10.354436
1.463715	3.756337	12.344192
2.249846	2.502376	13.903268
1.982094	1.682260	15.738927
2.684408	-0.112661	16.618204
3.040091	-1.636117	16.775405
2.258243	-2.931576	18.323627
2.350504	-4.319470	19.754033
2.357148	-5.778488	21.154278
1.574743	-5.794304	23.152942
0.790697	-4.378679	24.574513
0.575908	-2.680518	25.660820
1.362430	-2.283818	27.613953
1.332765	-1.809146	29.554639
1.328158	-1.289699	31.492305
1.872266	-1.884037	33.402575
1.085447	-0.969510	35.172591
0.810101	0.437194	36.626689
0.819169	1.796288	38.088629
0.824049	3.165614	39.555795
0.825348	4.519245	41.021494
0.037658	6.515611	41.094524
0.002332	8.520318	41.112166
0.560618	10.247793	42.175631
0.554801	11.955927	43.215106
0.563103	13.623672	44.294503
0.568921	15.280992	45.372791
0.554339	16.976212	46.424044
0.559343	18.696005	47.473074
0.570095	20.352571	48.562715
0.546451	22.070811	49.599288
0.567447	23.745795	50.694089
0.100665	25.705100	50.903427
0.616966	27.320985	52.076994
0.625264	28.918001	53.272323
1.413617	29.249518	55.242168
1.593728	29.190479	57.254877
1.608366	29.089176	59.272308
1.609120	29.044872	61.253501
1.608906	28.949620	63.259238
1.613535	28.869514	65.254863
2.287533	27.596791	66.748834
2.288673	26.306689	68.242605
2.293987	25.002009	69.743160
2.294597	23.680954	71.241753
2.298572	22.361649	72.723019
2.295325	21.035310	74.211841
2.288514	19.714223	75.717699
2.282459	18.392858	77.228793
2.277286	17.117218	78.756418
2.045320	16.173544	80.542711
2.045924	15.284049	82.307656
2.034429	14.358950	84.100099
2.019678	13.459664	85.900726
2.035707	12.654508	87.684900
2.045005	11.709505	89.458384
2.044637	10.823304	91.233274
2.048013	9.960842	93.004730
2.045730	9.085847	94.776745
1.259424	9.671721	96.682114
1.088288	10.603124	98.446836
1.086082	11.547246	100.224980
1.090028	12.470619	101.998090
1.089646	13.455536	103.767306
1.164183	14.256479	105.601016
1.160637	15.002418	107.438223
1.157440	15.757907	109.273413
1.192746	16.491481	111.133476
1.160393	17.266845	112.967933
1.153783	18.047243	114.802498
0.374732	18.927574	115.178988
-0.408798	20.783004	114.371293
-1.192959	21.541142	112.510130
-1.821166	20.986704	110.577682
-1.822243	20.473014	108.639788
-1.827190	19.980196	106.700922
-1.809458	19.471176	104.768745
-1.819920	19.013998	102.833910
-1.819081	18.524575	100.904262
-1.828149	18.060465	98.966936
-1.825301	17.564771	97.027403
-1.817445	17.082041	95.087525
-1.832788	16.568929	93.150707
-1.819833	16.077410	91.211030
-1.827816	15.511631	89.285879
-1.684655	15.220819	87.313744
-1.829078	14.689183	85.385422
-1.827694	14.228458	83.448644
-1.831962	13.668919	81.529860
-1.822512	13.227771	79.589416
-1.828038	12.736651	77.647544
-1.828931	12.268123	75.700139
-1.829762	11.747142	73.795846
-1.825979	11.240341	71.869685
-1.829168	10.732646	69.922182
-1.828311	10.180946	67.962987
-1.830414	9.681474	66.059018
-1.828338	9.213724	64.118591
-1.825354	8.735332	62.123418
-1.835161	8.224672	60.258653
-1.835408	7.697638	58.367396
-1.834093	7.190465	56.487226
-1.831559	6.664628	54.546230
-1.829981	6.129455	52.620021
-1.831121	5.664547	50.702482
-1.832545	5.138256	48.772936
-1.830188	4.629614	46.833103
-1.836056	4.079981	44.900510
-1.826912	3.626215	42.940114
-1.835982	3.117679	40.995970
-1.834713	2.592550	39.055982
-1.837292	2.046768	37.109038
-1.827215	1.564054	35.166327
-1.840035	0.987250	33.253075
-1.832972	0.476030	31.314993
-1.826006	-0.014272	29.381057
-1.832399	-0.585517	27.480054
-1.828511	-1.078535	25.569614
-1.042613	-0.584910	24.719810
-0.253500	1.370966	24.202386
0.531620	3.091591	25.212393
1.057275	4.068911	26.959930
1.055554	5.070965	28.709657
1.454421	5.294375	30.719250
1.046289	6.298105	32.451644
1.046039	7.303300	34.176034
1.039031	8.324128	35.881539
1.042670	9.330821	37.614238
1.035201	10.355221	39.346439
1.037236	11.410500	41.075321
1.042299	12.416668	42.810637
1.043388	13.434992	44.533883
1.040902	14.428958	46.277332
1.039982	15.492675	47.974656
1.047105	16.448886	49.726888
1.043115	17.438164	51.462955
1.038808	18.472413	53.185895
1.042441	19.457440	54.910798
1.045435	20.469932	56.640623
1.047671	21.509944	58.356833
0.952234	22.680321	59.984351
1.050757	23.634609	61.740723
1.049935	24.615328	63.478848
1.047123	25.621210	65.208335
1.048768	26.622282	66.943084
1.054514	27.559971	68.711070
1.049262	28.577956	70.433897
1.048249	29.566558	72.168606
1.047016	30.585252	73.887317
1.051789	31.598055	75.612081
1.036166	32.572405	77.357769
1.040475	33.517062	79.115876
1.045143	34.541874	80.837198
1.042164	35.545503	82.570104
1.048214	36.505110	84.320827
1.046121	37.474169	86.072846
1.059408	38.468879	87.809411
1.036429	39.504047	89.517570
1.039646	40.517479	91.244747
1.824672	40.285401	92.201546
2.607986	39.466754	92.687519
-2.890650	37.524356	92.193294
-2.106966	36.490343	90.483987
-1.958940	35.749733	88.626265
-1.965684	34.972378	86.787429
-1.962976	34.198736	84.941512
-1.964298	33.416315	83.102086
-1.958850	32.659248	81.249163
-1.964592	31.890284	79.402913
-1.959035	31.134133	77.551784
-1.961359	30.366066	75.707141
-1.958798	29.620281	73.853528
-1.963068	28.869805	71.996918
-1.963629	28.113959	70.143807
-1.962896	27.350188	68.296134
-1.961491	26.594380	66.444214
-1.960705	25.859013	64.578631
-1.964141	25.081766	62.734615
-1.963960	24.313493	60.886870
-1.966886	23.503656	59.056711
-1.958801	22.778296	57.193692
-1.964769	21.992967	55.350321
-1.963268	21.225030	53.495184
-1.966154	20.445431	51.656212
-1.964563	19.690223	49.795040
-1.961296	18.934640	47.941140
-1.958792	18.178823	46.084092
-1.961803	17.441346	44.216510
-1.966084	16.665671	42.369045
-1.964646	15.918240	40.508871
-1.932320	15.200847	38.638831
-1.967138	14.395647	36.810981
-1.966714	13.660420	34.951026
-1.963411	12.926014	33.094076
-1.967449	12.143932	31.247635
-1.971977	11.314817	29.418964
-1.963181	10.577303	27.563155
-1.964571	9.811568	25.711621
-1.951882	9.084422	23.854955
-1.964962	8.341284	22.004939
-1.966770	7.603371	20.155152
-1.972299	6.792620	18.323417
-1.964802	6.012793	16.481955
-1.967139	5.258674	14.634486
-1.967739	4.470125	12.794233
-1.970477	3.702507	10.942388
-1.969138	2.932591	9.083875
-2.753373	1.979336	8.718684
2.742422	0.101165	9.499940
1.956232	-0.645676	11.339907
1.340864	-0.186567	13.287391
1.343195	0.255425	15.238848
1.344624	0.688787	17.189191
1.338981	1.144834	19.133179
1.341582	1.591271	21.085443
1.335441	2.078941	23.024438
1.341824	2.500683	24.985344
1.342589	2.973070	26.925373
1.342478	3.388609	28.883957
1.321636	3.884717	30.834433
1.340525	4.374081	32.775088
1.340954	4.814060	34.727191
1.340170	5.268761	36.679294
1.339618	5.724377	38.625601
1.338351	6.177467	40.573414
1.345631	6.610608	42.524667
1.337328	7.083341	44.469357
1.339075	7.521215	46.420851
1.339260	7.969590	48.366946
1.340977	8.408640	50.319587
1.333153	8.898752	52.261973
1.341687	9.335959	54.215600
1.340709	9.798157	56.161333
1.337910	10.204132	58.117669
1.337687	10.656977	60.067820
1.334260	11.151908	62.008275
1.341009	11.630549	63.949103
1.341169	12.095991	65.897460
1.334882	12.579073	67.839912
1.332921	13.047483	69.784185
1.344922	13.511000	71.721358
1.335292	13.929835	73.675299
1.335664	14.409183	75.616493
1.333627	14.925014	77.548762
1.338846	15.431212	79.483774
1.339015	15.913225	81.427179
1.347014	16.311627	83.389099
1.348759	16.767045	85.336298
1.339828	17.186098	87.292903
1.339540	17.722650	89.220009
1.345791	18.176781	91.166061
1.347862	18.621040	93.116422
1.343724	19.071239	95.067228
1.342691	19.588254	97.001843
1.784375	19.198233	98.948176
1.791062	18.766816	100.896847
1.782766	18.328038	102.857697
1.783828	17.944016	104.802958
1.786022	17.511147	106.753455
1.790294	17.041894	108.707803
1.791212	16.498560	110.673621
1.773441	16.077197	112.644561
1.783140	15.651040	114.598038
1.779867	15.282706	116.544721
1.782391	14.842537	118.502189
1.781417	14.448121	120.459226
1.784493	13.990509	122.412572
2.569358	13.147641	122.958197
-2.926379	11.164724	122.545537
-2.139290	10.063840	120.858546
-1.630645	9.924662	118.865577
-1.637933	9.836310	116.872369
-1.629163	9.651948	114.894727
-1.629013	9.537944	112.895831
-1.628307	9.481609	110.891842
-1.628648	9.419824	108.890522
-1.633153	9.309426	106.902437
-1.629843	9.199456	104.889807
-1.633723	9.049987	102.896469
-1.632437	8.930671	100.896416
-1.632784	8.855750	98.901604
-1.630732	8.728368	96.908584
-1.629490	8.638387	94.903687
-1.636077	8.533866	92.910694
-1.631734	8.411370	90.912540
-1.632677	8.296101	88.921200
-1.624279	8.220631	86.915592
-1.629982	8.142305	84.912339
-1.627970	8.053390	82.904574
-1.630271	7.987930	80.900178
-1.632414	7.878867	78.897825
-1.640868	7.737701	76.907416
-1.633944	7.638847	74.914668
-1.631065	7.480678	72.911991
-1.635518	7.324149	70.920049
-1.634776	7.190080	68.924583
-1.630478	7.043918	66.929550
-1.637749	6.900721	64.939554
-1.634834	6.803915	62.939897
-1.635809	6.669729	60.947897
-1.633104	6.526135	58.955645
-1.635471	6.429368	56.957053
-1.630849	6.346154	54.956319
-1.638122	6.174868	52.959955
-1.634692	6.060605	50.954362
-1.634790	5.937448	48.958987
-1.632591	5.823108	46.958885
-1.633192	5.723470	44.962924
-1.635994	5.584769	42.982151
-1.635629	5.454965	40.984585
-0.848150	6.095615	40.239165
-0.063036	8.127582	40.124044
0.719332	9.612098	41.429016
0.755289	11.023296	42.794649
0.755833	12.472814	44.159141
0.753685	13.911995	45.527934
0.759272	15.356269	46.904735
0.755900	16.822701	48.279550
0.755346	18.267041	49.666017
0.757355	19.713014	51.044919
0.759759	21.176434	52.414299
0.756211	22.624656	53.798953
0.756452	24.068391	55.181484
0.757406	25.525399	56.556014
0.761074	26.961259	57.942222
0.755639	28.401109	59.326193
0.755772	29.863517	60.703125
0.756521	31.319791	62.071644
0.760118	32.757222	63.457506
0.744202	34.224969	64.826783
0.778110	35.657306	66.230399
0.750178	37.128866	67.584302
0.758529	38.556731	68.983970
0.753230	40.051357	70.322800
0.756525	41.519373	71.686073
0.756934	42.969339	73.060115
0.759521	44.417747	74.438291
-0.027051	45.393102	74.436718
-0.812308	46.741171	73.012327
-1.598004	46.720869	70.988013
-2.167600	45.589382	69.329181
-2.165940	44.472822	67.661848
-2.170901	43.356160	66.002396
-2.167076	42.258729	64.327025
-2.165823	41.146254	62.671960
-2.160633	40.056773	60.996107
-2.162013	38.980508	59.314602
-2.168420	37.847580	57.671289
-2.169932	36.719610	56.016911
-2.159902	35.654912	54.335374
-2.167618	34.552503	52.672070
-2.165736	33.444995	51.008931
-2.169792	32.289978	49.362308
-2.167649	31.192752	47.698440
-2.169687	30.076380	46.041618
-2.165796	28.992375	44.365042
-2.168606	27.939235	42.674482
-2.171624	26.792126	41.033767
-2.169302	25.698946	39.360643
-2.175286	24.564909	37.709197
-2.172491	23.399359	36.070134
-2.170429	22.241994	34.433702
-2.168334	21.098634	32.783210
-2.174093	19.911807	31.155741
-2.166285	18.847499	29.467773
-2.170340	17.736907	27.807595
-2.163356	16.640327	26.136721
-2.170126	15.511321	24.498300
-2.173262	14.372066	22.848165
-2.175499	13.234781	21.197981
-2.170041	12.111265	19.555283
-2.171087	10.982294	17.897565
-2.167476	9.860424	16.226250
-2.172596	8.728984	14.567822
-2.174625	7.567812	12.938215
-2.167890	6.477274	11.269569
-2.176911	5.344588	9.638819
-1.389618	5.539990	8.653075
-0.598954	7.212736	7.524250
0.186251	9.160877	7.907893
0.863192	10.458479	9.437161
0.866619	11.756554	10.970257
0.864089	13.063731	12.484315
0.868910	14.339435	14.026720
0.867004	15.627438	15.545910
0.867861	16.920157	17.072174
0.861281	18.234287	18.587237
0.868798	19.523450	20.115257
0.864313	20.845182	21.620053
0.858568	22.169466	23.122762
0.864059	23.502892	24.614695
0.852813	24.830001	26.111881
0.860406	26.106590	27.651176
0.867318	27.399978	29.172271
0.858098	28.729991	30.666559
0.864750	30.007116	32.207860
0.864236	31.299265	33.735712
0.862871	32.604244	35.252178
0.870393	33.870134	36.800535
0.867135	35.132148	38.350760
0.867494	36.408108	39.887224
0.866824	37.658116	41.451310
0.862961	38.933345	42.993110
0.869347	40.202935	44.540043
0.864436	41.506934	46.058102
0.860813	42.815173	47.571141
0.862684	44.117515	49.089905
0.872090	45.392577	50.628862
0.860080	46.692322	52.149259
0.849069	48.028086	53.635779
0.864389	49.331737	55.155178
0.864471	50.636823	56.673982
0.866204	51.931071	58.195849
0.860801	53.249242	59.700247
0.866643	54.564935	61.210210
0.864285	55.898085	62.700274
0.868065	57.177402	64.238847
0.872054	58.484539	65.753862
0.864138	59.814590	67.248681
0.876296	61.067535	68.808247
0.873741	62.324241	70.366251
0.871364	63.623121	71.887851
0.869275	64.939867	73.392090
0.864735	66.275790	74.882704
1.647200	66.111430	76.883654
2.436303	64.559838	78.207545
2.495174	62.992642	79.382012
2.500205	61.387918	80.596030
2.506364	59.767415	81.783555
2.504574	58.153890	82.968282
2.509918	56.501646	84.143498
2.505794	54.856468	85.324949
2.505450	53.249041	86.511234
2.502222	51.738523	87.708206
2.501098	50.165918	88.898057
2.488966	48.484942	90.090722
2.501258	46.849984	91.216667
2.490378	45.292365	92.390614
2.499102	43.636606	93.552720
2.498011	42.027296	94.781376
2.502466	40.376373	95.994549
2.499558	38.752972	97.222820
2.498633	37.081499	98.376775
2.497173	35.472850	99.616098
2.494933	33.891680	100.817518
2.502174	32.267460	101.975674
2.493346	30.704327	103.219913
2.498254	29.104716	104.386399
2.493651	27.501809	105.608037
2.497739	25.899043	106.830778
2.491253	24.303123	108.040291
2.494644	22.670930	109.209578
2.491522	21.093876	110.410992
2.495187	19.488915	111.537769
2.491778	17.753156	112.737894
2.486976	16.162356	113.977430
2.484728	14.538640	115.191402
2.484980	12.949093	116.425461
2.479824	11.352569	117.669762
2.485619	9.799270	118.881633
2.480131	8.216455	120.118777
2.480330	6.586600	121.350517
2.479687	4.979935	122.595504
2.477747	3.354491	123.816723
2.472955	1.809866	125.062628
2.472547	0.187492	126.293507
2.461933	-1.383666	127.536459
2.464873	-2.914295	128.810852
-3.029628	-4.929941	128.580487
-2.523283	-6.104896	127.747163
-1.737495	-6.440304	125.785238
-1.455178	-6.212405	123.809577
-1.453902	-5.991022	121.805451
-1.449998	-5.737400	119.800364
-1.452072	-5.487697	117.824607
-1.453485	-5.248748	115.823228
-1.456080	-5.024953	113.854563
-1.456358	-4.817629	111.860796
-1.455709	-4.634827	109.895795
-1.451590	-4.382566	107.893773
-1.451393	-4.115964	105.908223
-1.456728	-3.921406	103.932313
-1.449711	-3.678277	101.946599
-1.456459	-3.458475	99.948899
-1.455045	-3.245166	97.956917
-1.448077	-3.034908	95.994166
-1.452208	-2.875968	94.028234
-1.446286	-2.619531	92.036337
-1.451155	-2.440124	90.075763
-1.454954	-2.252300	88.094636
-1.449500	-2.056475	86.125237
-1.447493	-1.714704	84.093858
-1.449317	-1.437525	82.111012
-1.453691	-1.204636	80.120022
-1.451972	-1.055257	78.156731
-1.449540	-0.824528	76.168643
-1.445753	-0.500475	74.157674
-1.457073	-0.337551	72.173432
-1.448679	-0.128342	70.183462
-1.448994	0.130878	68.204595
-1.445710	0.450454	66.226531
-1.450808	0.705710	64.252118
-1.457054	0.882494	62.265963
-1.452857	1.061704	60.284674
-1.437203	1.380794	58.298946
-1.446800	1.641687	56.291866
-1.448661	1.876889	54.299440
-1.446409	2.141169	52.322851
-1.446654	2.397960	50.328948
-1.450807	2.660073	48.365723
-1.449567	2.871146	46.381579
-1.450889	3.105662	44.398508
-1.453954	3.323922	42.408263
-1.445686	3.591891	40.430493
-0.657117	4.411980	39.824168
0.131727	6.391813	40.091240
0.918852	7.625859	41.688396
1.479134	7.790234	43.675654
1.480787	7.962686	45.664949
1.481427	8.143152	47.658448
1.483003	8.329786	49.640487
1.480147	8.534615	51.627100
1.485166	8.712975	53.616856
1.480775	8.902159	55.611789
1.480434	9.110868	57.598207
1.479741	9.298160	59.589566
1.480729	9.450997	61.579042
1.483935	9.604681	63.572968
1.483006	9.753826	65.568814
1.480440	9.954160	67.557333
1.478295	10.160471	69.543651
1.476861	10.343291	71.533487
1.479297	10.515364	73.522441
1.480114	10.653045	75.510461
1.479447	10.807878	77.502642
1.480938	10.958067	79.496308
1.482592	11.101804	81.487227
0.704922	11.846881	82.131030
-0.082090	12.890364	82.046503
-0.868463	14.181569	80.523733
-1.644206	14.052961	78.532665
-1.752814	13.702165	76.567212
-1.753640	13.350011	74.602362
-1.753688	12.986124	72.643759
-1.758851	12.585692	70.686206
-1.755447	12.209736	68.716147
-1.751062	11.842809	66.751732
-1.760695	11.473205	64.781603
-1.755657	11.106149	62.810049
-1.752062	10.750494	60.846338
-1.752262	10.365095	58.882325
-1.752032	9.988057	56.919455
-1.753448	9.618994	54.951257
-1.755439	9.250455	52.983184
-1.756226	8.866245	51.018962
-1.755093	8.476673	49.055530
-1.755191	8.092799	47.095837
-1.752090	7.739525	45.127694
-1.753858	7.370160	43.160634
-1.751301	6.998535	41.198020
-1.753196	6.593340	39.246215
-1.752482	6.216939	37.276289
-1.751323	5.847197	35.313551
-1.753818	5.464486	33.358894
-1.665943	5.327251	31.344290
-1.754551	4.985060	29.370567
-1.756533	4.622244	27.407311
-1.756836	4.234374	25.441590
-1.758058	3.878322	23.470775
-1.760810	3.489701	21.507770
-1.758088	3.129907	19.550647
-1.758501	2.748458	17.591351
-1.758295	2.362664	15.626590
-1.760090	1.963513	13.665296
-1.753320	1.620412	11.690920
-1.756136	1.226201	9.726143
-0.970327	1.801195	8.901328
-0.182043	2.809871	8.723164
0.609901	4.488429	9.862096
1.393341	4.828396	11.825329
1.402344	5.149836	13.795556
1.399267	5.482823	15.768836
1.400672	5.811027	17.740630
1.399398	6.158648	19.710326
1.404689	6.506141	21.676113
1.403966	6.849709	23.638761
1.403898	7.179487	25.612749
1.400799	7.549633	27.576936
1.403711	7.896653	29.552994
1.406562	8.220427	31.523821
1.399076	8.590901	33.487432
1.406665	8.879526	35.472236
1.403700	9.173740	37.460405
1.400234	9.515855	39.430719
1.404495	9.825946	41.406587
1.399691	10.177821	43.373607
1.400363	10.533132	45.345346
1.404295	10.861342	47.315677
1.404914	11.192401	49.285284
1.402936	11.577119	51.248071
1.404207	11.896559	53.219086
1.405152	12.218015	55.193652
1.397320	12.564968	57.165157
1.399561	12.889708	59.136847
1.398886	13.240164	61.105178
1.401613	13.548082	63.077879
1.405217	13.871511	65.053376
1.401284	14.165504	67.028775
1.398874	14.539796	68.995008
1.406248	14.875107	70.965771
1.401207	15.194486	72.939092
1.403200	15.489260	74.918107
1.401050	15.830523	76.887698
1.403707	16.170123	78.858933
1.397144	16.544420	80.823140
1.399958	16.887222	82.795175
1.400745	17.209442	84.766655
1.398022	17.569816	86.735791
1.401539	17.897175	88.708039
1.402789	18.229493	90.682506
1.400871	18.556798	92.653511
1.401103	18.925477	94.623294
1.403837	19.225466	96.601956
1.873673	18.630281	98.508466
1.873154	18.046039	100.418760
1.872735	17.408668	102.334194
1.869031	16.806190	104.240018
1.870184	16.208000	106.148222
1.873956	15.581580	108.055355
1.874355	14.943821	109.966133
2.656352	14.080874	110.438139
-2.839541	12.175269	109.844286
-2.055169	11.257681	108.081135
-1.729041	10.946064	106.107486
-1.733436	10.609302	104.145517
-2.307173	9.260112	102.680950
-1.716358	8.974067	100.703699
-1.717701	8.700813	98.725273
-1.712961	8.438510	96.732966
-1.717560	8.131578	94.763974
-1.710030	7.881079	92.773110
-1.717388	7.587210	90.803000
-1.712853	7.325513	88.810298
-1.711937	7.106504	86.803146
-1.722188	6.789413	84.836497
-1.725291	6.470072	82.869773
-1.718747	6.178288	80.893026
-1.717593	5.855855	78.928766
-1.715785	5.549483	76.954201
-1.715458	5.301067	74.973854
-1.722238	4.979105	73.003010
-1.712758	4.724104	71.015666
-1.715099	4.470434	69.032214
-1.716081	4.164238	67.056022
-1.716408	3.882224	65.081490
-1.725896	3.537003	63.118513
-1.718519	3.233199	61.141462
-1.715960	2.982748	59.155926
-1.723010	2.690700	57.170026
-1.719817	2.402929	55.191868
-1.726156	2.050975	53.223784
-1.719477	1.781836	51.242093
-1.716796	1.510739	49.253101
-1.716146	1.204630	47.280420
-1.441841	1.471700	45.293430
-1.740429	1.161866	43.321730
-1.739484	0.801705	41.346603
-1.742332	0.458135	39.371822
-1.738788	0.127421	37.396541
-1.741228	-0.201814	35.426632
-1.745265	-0.591446	33.465801
-1.730413	-0.861178	31.479652
-1.734742	-1.142371	29.498136
-1.746661	-1.503796	27.536275
-1.745098	-1.868063	25.567918
-0.960024	-1.306543	24.747031
-0.174421	0.709810	24.394325
0.608746	2.338078	25.532251
1.056567	3.319005	27.283455
1.060782	4.291640	29.025109
1.061493	5.255553	30.746218
1.048053	6.265170	32.464659
1.051985	7.254158	34.209213
1.051846	8.259249	35.939601
1.052248	9.215288	37.705108
1.050002	10.217452	39.432180
1.047569	11.269782	41.142239
1.051716	12.257970	42.888676
1.054479	13.228129	44.629284
1.054482	14.182945	46.386713
1.051429	15.190757	48.114781
1.049703	16.172705	49.855909
1.055680	17.146443	51.599230
1.055527	18.086831	53.375208
1.050346	19.054424	55.120871
1.049056	20.081180	56.842672
1.052636	21.050391	58.598249
1.837350	20.509169	60.527588
1.052007	21.489249	62.274613
1.019880	22.542147	63.977107
1.023278	23.567902	65.695058
1.019995	24.615084	67.394249
1.017494	25.669167	69.091117
1.021896	26.685477	70.811993
1.023096	27.688765	72.539018
1.018823	28.761064	74.230378
1.021017	29.800005	75.942288
1.015806	30.857410	77.639985
1.022454	31.917501	79.335670
1.018573	32.973649	81.039147
1.023392	34.042950	82.737822
1.029198	35.040898	84.476399
1.023817	36.055752	86.200533
1.019555	37.110605	87.892425
0.996191	38.156721	89.584127
1.023363	39.106282	91.332154
1.008771	40.198212	93.012123
1.018535	41.233461	94.726397
1.801096	40.767611	96.675315
2.166745	39.659718	98.324336
2.164240	38.541857	99.979576
2.167490	37.417041	101.630056
2.168215	36.277471	103.284861
2.170769	35.185234	104.935198
2.170365	34.063977	106.578110
2.169402	32.920365	108.225384
2.166428	31.815923	109.886015
2.164764	30.701586	111.536519
2.163547	29.569634	113.189160
2.168109	28.435878	114.837607
2.166970	27.298715	116.477047
2.165897	26.169725	118.122421
2.157459	25.078150	119.793800
2.166676	23.954232	121.440290
2.161707	22.825466	123.102396
2.159669	21.742703	124.788653
2.161231	20.600240	126.462171
2.157814	19.497917	128.124324
2.157274	18.432990	129.813450
2.158862	17.305096	131.465352
2.154831	16.220627	133.137848
2.155262	15.148421	134.818586
2.157826	14.030706	136.483032
2.160674	12.891056	138.133433
2.153783	11.777925	139.788935
2.151438	10.703850	141.475924
2.161778	9.567389	143.134525
2.153591	8.419526	144.796028
2.144361	7.383721	146.485526
2.144388	6.277948	148.160676
2.138136	5.213660	149.850192
2.244777	4.021843	151.434309
2.260452	2.697993	152.970657
2.243507	1.440964	154.529050
2.221710	0.272704	156.130503
2.243694	-0.990582	157.701068
2.222185	-1.732503	158.694623
3.009128	-2.730744	158.851725
2.226362	-3.340452	159.632950
1.445371	-3.243279	160.600633
0.653930	-2.476163	161.227167
-0.130408	-1.448285	161.086706
-0.917182	-0.430055	159.739689
-1.699591	-0.603999	158.536473
-2.490824	-1.403091	157.922421
3.006987	-2.400357	158.046315
2.224806	-3.008171	158.833463
1.442532	-2.879866	159.823301
0.655187	-2.071345	160.450870
-0.135266	-1.087868	160.316753
-0.917626	-0.473364	159.532297
-1.701498	-0.613033	158.526422
-2.485116	-1.406605	157.904903
3.009258	-2.396036	158.039521
2.223715	-3.013189	158.840718
1.435156	-2.881192	159.854386
0.647723	-2.078296	160.474363
-0.138760	-1.089441	160.340620
-0.924815	-0.490313	159.544343
-1.711009	-0.634752	158.524163
-2.491872	-1.440549	157.912826
3.009143	-2.419743	158.048103
2.220422	-3.015876	158.851757
1.430520	-2.877163	159.846911
0.647188	-2.083797	160.429777
-0.138053	-1.106588	160.283687
-0.924979	-0.506878	159.479977
-1.712863	-0.659961	158.473010
-2.498716	-1.467067	157.870527
3.003365	-2.453971	158.014240
2.220002	-3.054807	158.814061
1.432979	-2.920509	159.801746
0.647018	-2.122402	160.410681
-0.136517	-1.129159	160.281303
-0.924973	-0.532938	159.473834
-1.706692	-0.668886	158.488476
-2.487771	-1.462399	157.883146
3.010896	-2.463092	158.012999
2.232337	-3.061898	158.809599
1.445957	-2.936575	159.807064
0.658261	-2.142483	160.426287
-0.133092	-1.144344	160.304338
-0.921074	-0.539987	159.505321
-1.706052	-0.683701	158.502514
-2.489969	-1.491532	157.896507
3.008762	-2.491277	158.026243
2.221768	-3.095661	158.822809
1.439441	-2.967854	159.805528
0.650752	-2.158013	160.422196
-0.133141	-1.177783	160.275211
-0.919586	-0.573579	159.469535
-1.702053	-0.705325	158.474411
-2.489640	-1.484903	157.868268
3.007644	-2.478136	158.006561
2.219318	-3.064475	158.812993
1.436828	-2.930290	159.798745
0.654260	-2.130205	160.408945
-0.132471	-1.135216	160.276295
-0.916259	-0.528485	159.487013
-1.704756	-0.670421	158.490789
-2.488518	-1.460758	157.882226
3.007518	-2.461608	158.013019
2.227420	-3.064759	158.808618
1.440887	-2.934641	159.802593
0.656782	-2.146303	160.404001
-0.131126	-1.152771	160.276385
-0.920275	-0.534542	159.479205
-1.702651	-0.665739	158.481109
-2.487302	-1.460992	157.872494
3.012672	-2.467766	157.995891
2.231208	-3.095617	158.784977
1.444197	-2.983910	159.769320
0.656861	-2.194770	160.373698
-0.127145	-1.202938	160.238546
-0.914664	-0.597086	159.441603
-1.697230	-0.720188	158.457091
-2.485189	-1.523131	157.842108
3.011250	-2.510466	157.972061
2.229021	-3.146397	158.759835
1.443942	-3.029570	159.747571
0.656730	-2.242248	160.362344
-0.123538	-1.252011	160.237261
-0.906722	-0.633293	159.453331
-1.691332	-0.753773	158.457458
-2.474868	-1.547899	157.839248
3.017262	-2.538173	157.959450
2.235423	-3.145521	158.749805
1.448845	-3.027604	159.740356
0.665296	-2.241662	160.354558
-0.121728	-1.247329	160.233846
-0.905065	-0.624170	159.449139
-1.692651	-0.747857	158.447723
-2.482969	-1.515671	157.836741
3.013042	-2.508755	157.965188
2.225243	-3.106656	158.764770
1.440218	-2.971698	159.758514
0.659813	-2.184514	160.365581
-0.132799	-1.187699	160.243373
-0.918233	-0.582788	159.444023
-1.701372	-0.723349	158.450474
-2.488276	-1.511515	157.845718
3.007975	-2.504364	157.981545
2.221589	-3.112180	158.775340
1.435598	-2.974308	159.773650
0.653231	-2.185081	160.374644
-0.134837	-1.202110	160.241163
-0.917951	-0.599929	159.447669
-1.704068	-0.731386	158.454104
-2.485557	-1.526565	157.849994
3.008556	-2.515436	157.979341
2.224369	-3.126325	158.770053
1.438506	-2.999552	159.762332
0.654592	-2.210016	160.369832
-0.131339	-1.218285	160.234554
-0.918262	-0.609252	159.439141
-1.703159	-0.740329	158.446993
-2.484489	-1.511665	157.841558
3.010447	-2.506336	157.970376
2.229065	-3.122676	158.759498
1.440982	-3.000423	159.748810
0.652739	-2.192836	160.356890
-0.136318	-1.196563	160.224981
-0.919971	-0.589927	159.427725
-1.708856	-0.739614	158.430596
-2.495625	-1.530334	157.829302
3.009732	-2.518752	157.963294
2.224259	-3.138622	158.753967
1.439628	-2.999042	159.748765
0.658917	-2.202062	160.356749
-0.127053	-1.201391	160.224932
-0.910833	-0.574246	159.437088
-1.696260	-0.691320	158.437745
-2.478917	-1.506000	157.823689
3.024187	-2.492675	157.944187
2.238834	-3.111706	158.735543
1.450673	-3.007492	159.732277
0.666266	-2.234406	160.351253
-0.119265	-1.243085	160.231636
-0.906486	-0.624638	159.444298
-1.699604	-0.757034	158.444971
-2.485527	-1.527360	157.830637
3.010747	-2.516346	157.961939
2.228467	-3.133857	158.754441
1.444275	-3.010515	159.746780
0.657794	-2.207084	160.354968
-0.125332	-1.207498	160.228372
-0.911249	-0.592188	159.439355
-1.701420	-0.717874	158.445640
-2.480480	-1.492873	157.832371
3.014981	-2.497666	157.954587
2.228249	-3.100314	158.750566
1.439058	-2.968365	159.741900
0.652915	-2.172736	160.353939
-0.132143	-1.183324	160.221197
-0.914337	-0.570596	159.435722
-1.697274	-0.698892	158.442658
-2.487627	-1.511831	157.825399
3.011058	-2.500337	157.958732
2.225244	-3.110105	158.749151
1.438064	-2.977592	159.740236
0.653783	-2.187705	160.344997
-0.136942	-1.206343	160.215973
-0.922385	-0.598741	159.420435
-1.708315	-0.742700	158.422554
-2.496062	-1.544042	157.819666
3.004919	-2.545290	157.960600
2.217418	-3.147437	158.757175
1.430933	-3.016499	159.747701
0.643901	-2.208685	160.349708
-0.139196	-1.213839	160.212186
-0.925248	-0.606768	159.405814
-1.711129	-0.743151	158.420972
-2.492054	-1.508951	157.820867
3.005586	-2.505732	157.960601
2.217300	-3.117538	158.752806
1.430194	-2.971924	159.741798
0.644464	-2.179448	160.343971
-0.137336	-1.188262	160.204996
-0.923193	-0.585316	159.412033
-1.703454	-0.716973	158.425407
-2.492067	-1.502015	157.817312
3.003170	-2.495241	157.951547
2.220802	-3.095075	158.748226
1.436711	-2.962598	159.737266
0.653068	-2.164911	160.342012
-0.128006	-1.176673	160.213497
-0.914085	-0.565754	159.421718
-1.699718	-0.693791	158.428934
-2.486259	-1.486680	157.820822
3.011296	-2.476546	157.950558
2.228722	-3.080763	158.745012
1.438404	-2.950744	159.737065
0.653667	-2.164500	160.340602
-0.130450	-1.169417	160.208267
-0.913466	-0.563880	159.418698
-1.700364	-0.692819	158.429142
-2.485698	-1.479954	157.821959
3.007671	-2.475502	157.954005
2.225446	-3.079784	158.747423
1.439849	-2.947008	159.738175
0.656739	-2.156130	160.346636
-0.126140	-1.164263	160.216261
-0.909648	-0.551269	159.422365
-1.692743	-0.676136	158.430067
-2.475778	-1.468526	157.815680
3.026151	-2.456044	157.931691
2.237428	-3.076577	158.721121
1.451912	-2.954535	159.715774
0.667013	-2.163151	160.332911
-0.118685	-1.164006	160.216801
-0.901487	-0.549480	159.431734
-1.684515	-0.666221	158.443657
-2.470915	-1.448971	157.819282
3.026129	-2.445461	157.937202
2.240108	-3.064779	158.723740
1.448511	-2.943007	159.720697
0.656212	-2.152705	160.338250
-0.128875	-1.155967	160.209706
-0.911130	-0.541648	159.424299
-1.697487	-0.670890	158.421829
-2.485541	-1.469387	157.809292
3.010130	-2.455141	157.942065
2.227013	-3.062583	158.734871
1.439389	-2.930691	159.727775
0.652133	-2.136733	160.339842
-0.136213	-1.146046	160.203373
-0.924941	-0.546076	159.401827
-1.711959	-0.688926	158.406654
-2.498005	-1.491340	157.804639
2.996188	-2.485552	157.946081
2.205233	-3.084214	158.749430
1.419369	-2.933070	159.743698
0.636390	-2.129812	160.334228
-0.143319	-1.151395	160.190385
-0.929730	-0.556273	159.387582
-1.714438	-0.698646	158.398402
-2.498421	-1.499334	157.798992
3.000227	-2.484349	157.939533
2.209667	-3.084080	158.739506
1.420404	-2.935056	159.731405
0.635721	-2.132872	160.322800
-0.144914	-1.148022	160.175844
-0.930883	-0.548541	159.370741
-1.716168	-0.697812	158.386780
-2.498094	-1.501966	157.790470
3.005434	-2.492908	157.930733
2.218318	-3.093270	158.725611
1.435786	-2.954896	159.716454
0.650825	-2.161751	160.321302
-0.132967	-1.172134	160.188033
-0.922995	-0.567703	159.394717
-1.707861	-0.696880	158.411529
-2.490828	-1.489940	157.808424
3.007970	-2.468938	157.942988
2.222308	-3.075138	158.730329
1.438661	-2.941057	159.726549
0.651054	-2.146267	160.334352
-0.131432	-1.163673	160.200249
-0.912361	-0.568422	159.409481
-1.697730	-0.692418	158.416068
-2.483533	-1.486056	157.804967
3.017882	-2.467570	157.932773
2.226679	-3.077693	158.727692
1.440111	-2.949876	159.717980
0.656106	-2.150797	160.324957
-0.131028	-1.157490	160.192167
-0.919052	-0.544777	159.397364
-1.704764	-0.679858	158.406702
-2.492675	-1.481366	157.805860
3.003085	-2.470237	157.938349
2.217916	-3.064061	158.737641
1.430005	-2.924156	159.731955
0.643019	-2.122007	160.332861
-0.142006	-1.136546	160.189636
-0.925462	-0.530711	159.390181
-1.709449	-0.672127	158.399406
-2.494472	-1.468974	157.802564
3.002662	-2.456992	157.942300
2.218962	-3.056791	158.737783
1.440389	-2.921603	159.727019
0.654425	-2.133801	160.335192
-0.130889	-1.136097	160.203486
-0.919273	-0.528088	159.407395
-1.702573	-0.669371	158.415533
-2.485197	-1.465736	157.807985
3.011548	-2.455619	157.937638
2.226723	-3.068513	158.731788
1.438662	-2.941390	159.718773
0.656227	-2.149576	160.324568
-0.131287	-1.157335	160.192374
-0.918414	-0.547594	159.400981
-1.697180	-0.682543	158.410202
-2.483468	-1.481251	157.795153
3.014261	-2.471737	157.926460
2.227468	-3.079695	158.719666
1.444785	-2.951351	159.706344
0.659456	-2.161677	160.320399
-0.125253	-1.168541	160.193819
-0.911288	-0.558223	159.403724
-1.689941	-0.682675	158.414852
-2.468231	-1.462199	157.798364
3.028788	-2.454568	157.915372
2.236163	-3.075616	158.713465
1.453317	-2.954750	159.703022
0.662842	-2.157817	160.323776
-0.120752	-1.165972	160.201583
-0.905989	-0.552555	159.411778
-1.693958	-0.679839	158.413243
-2.478068	-1.465721	157.795677
3.021119	-2.448620	157.921241
2.237127	-3.065343	158.714459
1.450985	-2.946168	159.705698
0.664065	-2.160849	160.324172
-0.122510	-1.161120	160.200679
-0.910511	-0.547448	159.409768
-1.697613	-0.676236	158.413949
-2.480473	-1.469476	157.804721
3.015620	-2.460151	157.926731
2.227364	-3.070883	158.724316
1.440180	-2.940214	159.716248
0.646628	-2.145097	160.325263
-0.139768	-1.150207	160.186215
-0.921100	-0.536673	159.394105
-1.712460	-0.673906	158.404523
-2.498943	-1.479178	157.807870
2.998631	-2.473869	157.947386
2.209002	-3.058750	158.757509
1.424109	-2.914389	159.745599
0.636744	-2.108005	160.342730
-0.149930	-1.112304	160.191915
-0.934736	-0.524407	159.389150
-1.718197	-0.674074	158.402024
-2.498539	-1.467177	157.807126
3.001840	-2.449836	157.948423
2.215126	-3.046522	158.753302
1.433071	-2.906875	159.738310
0.647107	-2.120509	160.343181
-0.137204	-1.120667	160.209039
-0.919769	-0.513553	159.413374
-1.703812	-0.645893	158.419834
-2.487219	-1.450711	157.813731
3.008829	-2.448914	157.945077
2.223032	-3.058558	158.739086
1.439200	-2.926998	159.731043
0.654578	-2.136891	160.340573
-0.133693	-1.141155	160.207898
-0.918136	-0.530276	159.415865
-1.700946	-0.657715	158.428463
-2.485398	-1.436664	157.818841
3.014845	-2.423014	157.949825
2.231710	-3.034679	158.736772
1.442689	-2.918638	159.731554
0.654703	-2.113307	160.340639
-0.132962	-1.124484	160.208767
-0.916836	-0.525586	159.414386
-1.699397	-0.654912	158.425476
-2.482633	-1.449946	157.817588
3.020735	-2.439736	157.945990
2.229387	-3.054479	158.739611
1.440359	-2.925441	159.730938
0.652403	-2.133111	160.339806
-0.127467	-1.138950	160.207745
-0.913874	-0.524398	159.412938
-1.699290	-0.654058	158.420340
-2.486969	-1.465996	157.812009
3.011665	-2.439965	157.944799
2.226002	-3.050582	158.740113
1.438000	-2.919611	159.730830
0.647186	-2.136095	160.341486
-0.139544	-1.148703	160.203366
-0.919984	-0.548283	159.404132
-1.704242	-0.679059	158.410850
-2.489681	-1.473842	157.804098
3.007918	-2.467977	157.933162
2.218191	-3.068619	158.734976
1.437732	-2.930326	159.725574
0.649803	-2.148829	160.331150
-0.134348	-1.170755	160.200171
-0.921732	-0.567953	159.398285
-1.708765	-0.709561	158.405636
-2.495603	-1.504418	157.803971
3.001583	-2.497742	157.940955
2.217637	-3.089308	158.744160
1.434049	-2.957956	159.728793
0.650507	-2.157557	160.331611
-0.138246	-1.170426	160.193752
-0.919627	-0.567227	159.397116
-1.705249	-0.708511	158.402855
-2.490342	-1.495038	157.800918
3.005872	-2.485453	157.935059
2.219742	-3.082354	158.732848
1.435064	-2.930467	159.728311
0.649956	-2.130740	160.334569
-0.141564	-1.127641	160.200308
-0.930645	-0.531509	159.400772
-1.711728	-0.679853	158.414974
-2.495684	-1.477865	157.813679
3.001246	-2.488476	157.949012
2.211364	-3.082031	158.754563
1.430846	-2.936911	159.740785
0.645646	-2.141043	160.342670
-0.140763	-1.142436	160.203066
-0.924351	-0.546371	159.405302
-1.712227	-0.692068	158.411978
-2.493359	-1.492914	157.815239
3.007491	-2.488425	157.953013
2.222616	-3.081627	158.753289
1.436116	-2.954498	159.745244
0.646671	-2.155871	160.352091
-0.142082	-1.172951	160.213579
-0.928709	-0.570821	159.414349
-1.714148	-0.704489	158.432972
-2.499366	-1.511648	157.837381
3.000575	-2.510405	157.976446
2.216456	-3.114323	158.770993
1.431540	-2.975759	159.762079
0.648105	-2.181936	160.362443
-0.143587	-1.196941	160.220890
-0.927752	-0.598214	159.419243
-1.714624	-0.730580	158.427317
-2.499753	-1.533759	157.827937
2.995427	-2.505259	157.975004
2.214134	-3.082992	158.780680
1.428901	-2.937228	159.770849
0.638573	-2.139900	160.370465
-0.144807	-1.157844	160.226187
-0.931310	-0.558622	159.426366
-1.713485	-0.697956	158.438022
-2.497492	-1.502557	157.836780
3.001330	-2.488649	157.976330
2.218247	-3.102011	158.768218
1.435305	-2.961587	159.759400
0.648240	-2.164221	160.366653
-0.132344	-1.173912	160.233722
-0.913904	-0.569450	159.442620
-1.700057	-0.702289	158.446346
-2.489193	-1.496401	157.833529
3.006868	-2.489282	157.964454
2.221291	-3.094259	158.766704
1.438260	-2.960129	159.754447
0.649190	-2.162561	160.360585
-0.134943	-1.171692	160.221237
-0.922625	-0.563728	159.419038
-1.705813	-0.697794	158.431409
-2.488736	-1.496339	157.827680
3.009253	-2.487880	157.958880
2.222932	-3.091767	158.760694
1.437295	-2.958240	159.747861
0.651748	-2.166122	160.354261
-0.131563	-1.179089	160.224113
-0.919143	-0.571911	159.430256
-1.699908	-0.702698	158.444373
-2.488023	-1.495778	157.834000
3.012084	-2.496140	157.964944
2.236169	-3.108620	158.751674
1.446444	-2.990884	159.747049
0.660387	-2.200073	160.360926
-0.117269	-1.211165	160.235972
-0.905069	-0.594176	159.451414
-1.694590	-0.725172	158.448895
-2.483872	-1.524152	157.830894
3.013530	-2.528204	157.960482
2.226645	-3.139284	158.755580
1.445112	-3.010482	159.744365
0.652410	-2.209444	160.356275
-0.128035	-1.217819	160.224075
-0.908162	-0.608056	159.438132
-1.690868	-0.731417	158.443670
-2.480576	-1.511882	157.827744
3.011071	-2.506316	157.954214
2.220368	-3.114206	158.748304
1.434704	-2.975440	159.738865
0.649220	-2.180522	160.344959
-0.136410	-1.193086	160.210445
-0.919102	-0.591863	159.413610
-1.706928	-0.726327	158.427357
-2.492875	-1.526959	157.822196
3.004662	-2.516826	157.960355
2.219801	-3.121445	158.752347
1.430235	-2.990197	159.741992
0.645152	-2.191123	160.342897
-0.140171	-1.193587	160.199924
-0.923469	-0.592625	159.403557
-1.702915	-0.723952	158.414589
-2.485758	-1.517510	157.808481
3.009685	-2.507759	157.936837
2.221618	-3.117210	158.734847
1.435639	-2.981898	159.724014
0.653097	-2.190151	160.329918
-0.132460	-1.201630	160.197901
-0.921838	-0.596597	159.403235
-1.705631	-0.730620	158.417027
-2.491523	-1.526257	157.812451
3.003497	-2.519661	157.956212
2.221201	-3.121541	158.754246
1.437430	-2.992046	159.745761
0.647621	-2.194269	160.353405
-0.132466	-1.207762	160.222654
-0.918653	-0.600515	159.429052
-1.703183	-0.726774	158.436544
-2.482772	-1.523718	157.831276
3.016338	-2.511728	157.961570
2.228589	-3.121398	158.750244
1.449740	-3.001634	159.740430
0.661439	-2.211090	160.358577
-0.126844	-1.215091	160.233705
-0.912371	-0.600959	159.445178
-1.698196	-0.728559	158.449835
-2.480904	-1.511941	157.837367
3.013376	-2.510861	157.961194
2.229650	-3.120053	158.753949
1.445349	-2.993643	159.746688
0.658201	-2.202454	160.359480
-0.128383	-1.212215	160.233690
-0.913839	-0.596990	159.443248
-1.703943	-0.731945	158.447087
-2.490811	-1.534478	157.841180
3.008771	-2.520781	157.973389
2.222245	-3.125667	158.766675
1.437035	-2.995122	159.759525
0.652677	-2.200786	160.366703
-0.132835	-1.210638	160.232325
-0.916490	-0.605451	159.439369
-1.707958	-0.739218	158.446574
-2.493606	-1.541180	157.842037
3.003479	-2.532910	157.979300
2.214198	-3.135189	158.777399
1.425503	-2.994661	159.768333
0.644501	-2.196203	160.364989
-0.141023	-1.202294	160.222512
-0.924240	-0.602944	159.424411
-1.710927	-0.735508	158.437707
-2.491926	-1.524430	157.836555
3.007824	-2.518002	157.967161
2.224971	-3.127688	158.761806
1.442621	-2.992184	159.753906
0.657960	-2.202824	160.365572
-0.123683	-1.215559	160.239592
-0.914576	-0.600275	159.447642
-1.701926	-0.727684	158.450400
-2.485733	-1.515889	157.844975
3.014327	-2.513478	157.973512
2.230825	-3.118172	158.761202
1.449122	-2.991953	159.751664
0.661804	-2.200295	160.366568
-0.121533	-1.212082	160.245353
-0.901121	-0.594701	159.466166
-1.687332	-0.716255	158.472564
-2.470035	-1.498239	157.850231
3.022560	-2.494150	157.971098
2.236787	-3.113708	158.756099
1.454047	-2.997166	159.748066
0.669653	-2.214792	160.369769
-0.111624	-1.219834	160.253690
-0.900418	-0.593610	159.462911
-1.685926	-0.699797	158.471791
-2.467301	-1.485506	157.851599
3.031699	-2.479134	157.962984
2.245031	-3.104054	158.743415
1.459048	-2.991016	159.740842
0.673546	-2.203963	160.364370
-0.115873	-1.212796	160.251720
-0.902503	-0.593543	159.464042
-1.686882	-0.708936	158.475113
-2.469328	-1.496570	157.850765
3.022765	-2.496886	157.968588
2.238305	-3.116136	158.753734
1.452708	-2.999343	159.749055
0.663745	-2.211735	160.366644
-0.128519	-1.215994	160.243328
-0.912577	-0.604002	159.451246
-1.695154	-0.729676	158.465815
-2.477821	-1.521486	157.849989
3.020602	-2.515010	157.975009
2.232203	-3.130450	158.764496
1.445212	-3.004902	159.759148
0.659496	-2.216966	160.374079
-0.125634	-1.229618	160.249659
-0.913523	-0.611519	159.461925
-1.700498	-0.738767	158.464335
-2.486114	-1.528850	157.854244
3.009083	-2.517194	157.985617
2.225195	-3.125035	158.782667
1.439389	-2.994298	159.774790
0.647919	-2.188800	160.382949
-0.139357	-1.201492	160.247148
-0.923991	-0.604826	159.444212
-1.705682	-0.744921	158.455958
-2.489416	-1.539973	157.848761
3.007059	-2.531002	157.984692
2.220358	-3.148167	158.779522
1.438779	-3.011824	159.770930
0.655246	-2.222144	160.379117
-0.131108	-1.229142	160.244758
-0.921871	-0.621136	159.448959
-1.706390	-0.751140	158.461883
-2.495778	-1.551329	157.855753
3.002324	-2.542908	157.991364
2.215335	-3.140054	158.790996
1.435806	-2.990370	159.777379
0.651460	-2.198761	160.385385
-0.136429	-1.205963	160.251486
-0.918189	-0.604133	159.460199
-1.705520	-0.738354	158.469865
-2.490570	-1.540456	157.864310
3.007964	-2.525680	157.996135
2.220657	-3.135831	158.793349
1.432925	-2.999392	159.783629
0.649927	-2.204069	160.387653
-0.133818	-1.210840	160.250098
-0.924137	-0.604821	159.449233
-1.703701	-0.739745	158.463039
-2.482847	-1.524064	157.857605
3.011833	-2.513299	157.983761
2.227154	-3.120053	158.778337
1.442387	-2.996401	159.769578
0.656696	-2.196474	160.378023
-0.129950	-1.204641	160.251146
-0.913914	-0.591415	159.454841
-1.695887	-0.720181	158.463783
-2.482166	-1.519048	157.853373
3.011300	-2.507489	157.982978
2.225931	-3.109126	158.779609
1.438552	-2.983995	159.771153
0.656723	-2.190587	160.379123
-0.127283	-1.193611	160.249377
-0.911458	-0.582184	159.460539
-1.699025	-0.711660	158.469214
-2.481203	-1.509688	157.858073
3.016139	-2.499801	157.982526
2.227596	-3.112220	158.774643
1.436776	-2.978441	159.766791
0.654033	-2.185704	160.372611
-0.132965	-1.197557	160.242009
-0.920813	-0.585603	159.446970
-1.707309	-0.722910	158.458564
-2.492857	-1.523816	157.854437
3.007501	-2.510722	157.982861
2.226093	-3.117882	158.776373
1.443531	-2.986791	159.766811
0.659686	-2.193845	160.379857
-0.126913	-1.202574	160.254577
-0.914074	-0.585196	159.464061
-1.701534	-0.716076	158.471376
-2.485206	-1.509937	157.859290
3.013898	-2.504610	157.989976
2.225021	-3.117077	158.778178
1.441559	-2.982793	159.771553
0.656142	-2.190590	160.384188
-0.126460	-1.202086	160.257493
-0.913600	-0.588358	159.471097
-1.692591	-0.714018	158.484104
-2.479753	-1.500593	157.869048
3.013734	-2.498705	157.989816
2.228241	-3.107010	158.778305
1.442535	-2.979670	159.771564
0.659212	-2.191756	160.382773
-0.125039	-1.199692	160.256850
-0.911117	-0.585273	159.464915
-1.698014	-0.710805	158.467340
-2.487043	-1.509526	157.852654
3.008201	-2.499857	157.982744
2.220866	-3.105791	158.774948
1.447354	-2.974418	159.758134
0.659026	-2.179230	160.373327
-0.123787	-1.178916	160.247949
-0.914976	-0.567507	159.457040
-1.703516	-0.699450	158.463770
-2.493298	-1.492527	157.854289
3.002807	-2.481260	157.989838
2.217609	-3.086719	158.784912
1.432623	-2.944554	159.774667
0.648520	-2.139824	160.377661
-0.139863	-1.154389	160.241217
-0.926466	-0.556069	159.442153
-1.709747	-0.695721	158.454549
-2.491460	-1.505937	157.850925
3.007756	-2.491341	157.983874
2.220604	-3.103752	158.779289
1.431822	-2.973332	159.768660
0.644294	-2.180244	160.371919
-0.144181	-1.197999	160.230188
-0.932531	-0.605091	159.435439
-1.717958	-0.752440	158.447134
-2.498584	-1.553047	157.851800
3.004007	-2.535514	157.991386
2.213414	-3.137225	158.790673
1.428129	-2.998275	159.780208
0.639470	-2.206759	160.381077
-0.148200	-1.213787	160.233111
-0.929968	-0.620659	159.430556
-1.715695	-0.760143	158.443647
-2.501262	-1.578300	157.845571
3.001157	-2.557536	157.982381
2.217759	-3.154975	158.778668
1.434139	-3.015257	159.766001
0.650999	-2.217267	160.369320
-0.134194	-1.219273	160.234945
-0.910961	-0.614348	159.444967
-1.693622	-0.727286	158.460120
-2.479668	-1.522746	157.845509
3.019905	-2.518708	157.970278
2.231352	-3.140960	158.759323
1.445583	-3.022208	159.749562
0.658387	-2.227301	160.364919
-0.122568	-1.233054	160.239678
-0.909783	-0.615698	159.449415
-1.691810	-0.728851	158.462110
-2.478739	-1.518885	157.843300
3.017493	-2.512293	157.967840
2.236017	-3.125003	158.757360
1.450834	-3.011831	159.743972
0.665582	-2.227679	160.361792
-0.121346	-1.243305	160.242328
-0.905698	-0.623771	159.453008
-1.693216	-0.744761	158.465827
-2.477771	-1.531223	157.849770
3.018669	-2.523734	157.972033
2.232913	-3.138982	158.763404
1.449834	-3.015631	159.756136
0.661997	-2.226720	160.373952
-0.124112	-1.238422	160.251233
-0.910493	-0.620718	159.459123
-1.690897	-0.744142	158.468262
-2.475679	-1.521114	157.854915
3.021417	-2.515694	157.975966
2.234396	-3.135818	158.762343
1.451579	-3.017725	159.750334
0.672081	-2.233571	160.368440
-0.111241	-1.243150	160.254998
-0.898298	-0.619282	159.468808
-1.685625	-0.730776	158.474860
-2.472670	-1.518312	157.852253
3.024525	-2.509930	157.966277
2.237467	-3.127912	158.755242
1.451906	-3.008141	159.744151
0.667318	-2.221226	160.364116
-0.122320	-1.228107	160.244877
-0.906468	-0.612456	159.456729
-1.689315	-0.732326	158.466784
-2.478263	-1.523545	157.845758
3.016527	-2.509893	157.965270
2.231768	-3.123400	158.753123
1.444495	-2.993759	159.743995
0.658846	-2.196926	160.356451
-0.130443	-1.206516	160.233011
-0.915317	-0.600469	159.442295
-1.700824	-0.728961	158.449916
-2.488418	-1.530751	157.834850
3.006843	-2.522939	157.967807
2.216137	-3.129058	158.768815
1.428595	-2.988216	159.763897
0.644744	-2.191845	160.360752
-0.139856	-1.199460	160.219803
-0.927698	-0.600013	159.421946
-1.716102	-0.742154	158.433173
-2.504737	-1.539908	157.836938
2.995315	-2.530250	157.985483
2.203243	-3.128393	158.793991
1.422857	-2.980130	159.779708
0.636770	-2.174766	160.374550
-0.145174	-1.187711	160.229754
-0.927927	-0.588484	159.426661
-1.714939	-0.728663	158.436995
-2.500630	-1.526600	157.836474
2.997919	-2.510520	157.976924
2.212788	-3.109020	158.779422
1.429262	-2.965694	159.769584
0.639402	-2.163878	160.372489
-0.144653	-1.175141	160.228093
-0.927914	-0.576354	159.429478
-1.715104	-0.717932	158.439418
-2.498473	-1.520035	157.840375
3.000467	-2.504049	157.985609
2.214672	-3.104741	158.784170
1.431231	-2.964537	159.771298
0.649048	-2.167798	160.374587
-0.135193	-1.177937	160.239321
-0.920840	-0.569755	159.439792
-1.711744	-0.710312	158.449268
-2.494283	-1.508010	157.848477
3.002271	-2.504606	157.988839
2.216149	-3.103066	158.786005
1.430614	-2.964137	159.774353
0.642888	-2.160252	160.377159
-0.139076	-1.172413	160.235210
-0.921739	-0.567225	159.440087
-1.700771	-0.693584	158.449508
-2.485129	-1.492002	157.842485
3.011439	-2.479269	157.970963
2.228734	-3.096432	158.770487
1.445190	-2.965272	159.760158
0.661937	-2.170871	160.373149
-0.121963	-1.182020	160.252808
-0.904419	-0.567104	159.466144
-1.692593	-0.685576	158.470972
-2.480508	-1.470062	157.848785
3.018951	-2.461450	157.972949
2.234752	-3.062810	158.756673
1.445286	-2.942449	159.749897
0.657555	-2.154933	160.362369
-0.127317	-1.166338	160.236575
-0.913006	-0.552202	159.441786
-1.699423	-0.690138	158.452479
-2.490282	-1.488766	157.841647
3.009550	-2.480157	157.973952
2.225746	-3.090247	158.766841
1.440014	-2.954894	159.760017
0.654820	-2.158726	160.369625
-0.129639	-1.166473	160.238165
-0.917847	-0.549934	159.441293
-1.704695	-0.689123	158.454891
-2.488643	-1.480923	157.847270
3.006461	-2.476090	157.981354
2.222881	-3.073588	158.769395
1.437398	-2.943842	159.759443
0.648636	-2.146386	160.365800
-0.136313	-1.159662	160.231208
-0.921052	-0.553079	159.437700
-1.704504	-0.691268	158.448156
-2.496644	-1.490645	157.837329
3.003816	-2.472631	157.975892
2.224396	-3.069345	158.767072
1.439001	-2.936520	159.762014
0.652354	-2.144101	160.369342
-0.137191	-1.151631	160.234762
-0.920709	-0.548855	159.440727
-1.701866	-0.685579	158.452867
-2.489229	-1.474920	157.844380
3.010203	-2.470945	157.981029
2.227198	-3.078485	158.770136
1.443258	-2.952228	159.756595
0.656695	-2.160527	160.367808
-0.130624	-1.171866	160.238430
-0.917339	-0.552370	159.440156
-1.702909	-0.685253	158.447361
-2.489864	-1.496514	157.838649
3.008477	-2.470673	157.970054
2.220023	-3.075169	158.763214
1.436061	-2.937069	159.753849
0.655565	-2.137462	160.360408
-0.133449	-1.136979	160.227870
-0.915173	-0.526983	159.434223
-1.702003	-0.657455	158.438274
-2.489042	-1.473468	157.827642
3.008366	-2.444220	157.959579
2.222884	-3.052472	158.753188
1.439278	-2.923426	159.739336
0.658714	-2.124917	160.350727
-0.125168	-1.139317	160.226284
-0.915992	-0.527106	159.435215
-1.699483	-0.657755	158.446700
-2.486598	-1.427230	157.839842
3.009478	-2.408044	157.968220
2.220748	-3.014824	158.768982
1.434032	-2.881846	159.759899
0.647971	-2.091029	160.363440
-0.140648	-1.093760	160.223040
-0.924920	-0.490544	159.423801
-1.709760	-0.628319	158.435044
-2.494200	-1.412740	157.836271
3.002786	-2.403606	157.975391
2.215423	-3.002870	158.779241
1.430629	-2.866610	159.767327
0.646579	-2.070439	160.367181
-0.139157	-1.085927	160.230621
-0.927922	-0.480810	159.429883
-1.710476	-0.623568	158.440029
-2.495633	-1.428414	157.836258
3.004792	-2.419781	157.976452
2.216557	-3.024457	158.774276
1.428676	-2.886237	159.762852
0.645942	-2.084676	160.365015
-0.140569	-1.097046	160.226206
-0.925684	-0.493647	159.422832
-1.708685	-0.631393	158.434008
-2.492973	-1.428321	157.832558
3.011220	-2.410883	157.963975
2.227771	-3.019705	158.755553
1.444433	-2.887027	159.750499
0.661587	-2.104684	160.362035
-0.122674	-1.113520	160.238683
-0.911151	-0.498204	159.447302
-1.694562	-0.630065	158.446433
-2.477324	-1.414173	157.832079
3.020553	-2.412150	157.953455
2.232355	-3.030468	158.744507
1.442033	-2.907083	159.737738
0.658558	-2.116287	160.349856
-0.131284	-1.121743	160.220749
-0.910270	-0.514522	159.431473
-1.691297	-0.637893	158.441008
-2.480226	-1.424437	157.823329
3.016296	-2.404859	157.943638
2.234383	-3.019015	158.731195
1.445535	-2.893555	159.725285
0.661948	-2.104295	160.338553
-0.122204	-1.116120	160.215932
-0.910488	-0.502861	159.426379
-1.691795	-0.627929	158.434269
-2.483724	-1.422594	157.816074
3.018823	-2.406944	157.940100
2.231837	-3.023136	158.734633
1.444680	-2.896840	159.730108
0.658851	-2.109295	160.342081
-0.131151	-1.118556	160.215109
-0.912774	-0.514427	159.429348
-1.693044	-0.637873	158.443060
-2.485086	-1.430665	157.825511
3.012365	-2.426826	157.955400
2.226684	-3.035226	158.743282
1.443432	-2.909447	159.730603
0.660900	-2.117651	160.342604
-0.124249	-1.131982	160.220594
-0.912057	-0.517899	159.430809
-1.694751	-0.656933	158.445903
-2.484583	-1.450948	157.833052
3.016121	-2.443899	157.962414
2.231386	-3.058408	158.750610
1.446093	-2.937637	159.745105
0.658683	-2.148853	160.356584
-0.127274	-1.151926	160.228466
-0.916631	-0.538335	159.437237
-1.703561	-0.669440	158.444809
-2.489251	-1.464514	157.836384
3.012848	-2.451018	157.966798
2.227802	-3.064776	158.761129
1.445676	-2.937519	159.751344
0.661012	-2.146349	160.363300
-0.120789	-1.159640	160.241974
-0.905259	-0.548601	159.459921
-1.692905	-0.673141	158.467288
-2.479735	-1.460304	157.848659
3.015710	-2.459867	157.973315
2.235623	-3.081365	158.763781
1.447984	-2.956472	159.755523
0.661159	-2.164753	160.371117
-0.129916	-1.169477	160.243664
-0.913883	-0.557543	159.447661
-1.700922	-0.689376	158.459112
-2.483527	-1.481738	157.847386
3.014047	-2.467891	157.973086
2.229216	-3.080778	158.770137
1.442335	-2.954764	159.764312
0.657621	-2.163537	160.376357
-0.129127	-1.164588	160.246358
-0.911734	-0.555243	159.457617
-1.693133	-0.683678	158.463377
-2.479704	-1.474934	157.846530
3.016737	-2.465264	157.967043
2.230438	-3.080987	158.760564
1.445040	-2.955888	159.755872
0.655507	-2.162687	160.368239
-0.133195	-1.170369	160.239101
-0.920751	-0.562260	159.442141
-1.705348	-0.697912	158.449290
-2.489568	-1.487641	157.845684
3.005801	-2.479466	157.980527
2.216803	-3.086745	158.777401
1.427036	-2.947157	159.767992
0.643006	-2.144350	160.365769
-0.138822	-1.152835	160.222930
-0.923572	-0.552917	159.424827
-1.704083	-0.682684	158.441963
-2.485059	-1.474448	157.836453
3.015590	-2.471143	157.961586
2.229222	-3.080663	158.758496
1.442756	-2.953548	159.756746
0.652138	-2.160701	160.367249
-0.131489	-1.170928	160.237233
-0.914716	-0.561530	159.449503
-1.705055	-0.703325	158.450178
-2.496939	-1.504280	157.842399
2.998810	-2.482082	157.986995
2.214308	-3.079210	158.787486
1.432058	-2.941567	159.775978
0.641101	-2.140888	160.379232
-0.142958	-1.156046	160.235698
-0.927610	-0.551183	159.436859
-1.717279	-0.695729	158.446220
-2.505023	-1.502365	157.846819
2.992177	-2.485337	158.001538
2.207527	-3.082673	158.802346
1.422891	-2.932229	159.792823
0.637888	-2.131209	160.387637
-0.148621	-1.147471	160.240441
-0.929987	-0.553653	159.438517
-1.715142	-0.695533	158.447078
-2.501436	-1.491809	157.848390
2.992247	-2.483670	157.992328
2.206254	-3.079770	158.791940
1.423029	-2.932629	159.778784
0.637144	-2.129043	160.373514
-0.146923	-1.138489	160.223109
-0.931495	-0.542863	159.418350
-1.711269	-0.683546	158.435134
-2.493169	-1.483820	157.834538
3.002937	-2.473303	157.976356
2.217719	-3.076952	158.778173
1.429890	-2.939413	159.773116
0.642845	-2.137247	160.374024
-0.140975	-1.153570	160.232304
-0.928867	-0.551565	159.426795
-1.715494	-0.692308	158.436200
-2.499547	-1.493149	157.839293
3.002346	-2.465765	157.981460
2.213940	-3.069859	158.781389
1.425441	-2.930205	159.771676
0.638773	-2.127114	160.369752
-0.147724	-1.134338	160.220273
-0.931136	-0.535595	159.418470
-1.715099	-0.684688	158.427697
-2.501722	-1.486191	157.830172
2.992416	-2.472761	157.977997
2.204970	-3.071233	158.781538
1.418298	-2.918895	159.770999
0.633230	-2.111445	160.363730
-0.152258	-1.119088	160.214550
-0.934012	-0.537259	159.410271
-1.721954	-0.682850	158.424675
-2.507064	-1.488293	157.833131
2.991131	-2.485670	157.980352
2.204297	-3.073604	158.788573
1.423247	-2.920866	159.775936
0.644398	-2.122660	160.369797
-0.138928	-1.127012	160.234095
-0.925784	-0.521413	159.439364
-1.710439	-0.661886	158.452098
-2.496586	-1.447621	157.848788
3.001611	-2.433110	157.993409
2.216000	-3.033783	158.787754
1.437353	-2.890783	159.771928
0.647241	-2.096573	160.377695
-0.137355	-1.102488	160.238938
-0.919340	-0.498687	159.447820
-1.701797	-0.632804	158.456970
-2.485283	-1.435551	157.850866
3.009841	-2.433687	157.976032
2.222747	-3.042000	158.768314
1.436504	-2.905616	159.760765
0.647355	-2.111714	160.367706
-0.139267	-1.119614	160.230410
-0.923505	-0.518306	159.431649
-1.707394	-0.652978	158.443648
-2.489521	-1.447322	157.839247
3.003811	-2.441949	157.973078
2.219326	-3.044908	158.767904
1.433599	-2.910409	159.755549
0.647638	-2.111937	160.358451
-0.131449	-1.124209	160.220558
-0.914675	-0.515446	159.425263
-1.701625	-0.644984	158.431906
-2.483445	-1.439121	157.824170
3.013954	-2.429615	157.951596
2.227034	-3.039649	158.737321
1.438843	-2.911095	159.728100
0.654483	-2.117723	160.334090
-0.133819	-1.127188	160.202347
-0.917447	-0.524824	159.406884
-1.703732	-0.654559	158.419322
-2.491556	-1.449378	157.812385
3.003826	-2.442680	157.950204
2.211869	-3.048420	158.748827
1.427930	-2.904456	159.735987
0.646368	-2.105775	160.336327
-0.136446	-1.119543	160.201162
-0.922739	-0.516001	159.405112
-1.710495	-0.655275	158.412174
-2.490735	-1.451880	157.811348
3.008508	-2.449197	157.947983
2.220659	-3.058992	158.746347
1.437531	-2.917187	159.735752
0.653231	-2.126172	160.339788
-0.132705	-1.137231	160.209061
-0.914956	-0.529996	159.415360
-1.697596	-0.659178	158.424532
-2.481215	-1.451460	157.813617
3.014167	-2.442994	157.936733
2.228894	-3.065454	158.736360
1.447338	-2.937126	159.729288
0.661566	-2.145095	160.341505
-0.121323	-1.158059	160.222336
-0.908218	-0.546326	159.439401
-1.692107	-0.674333	158.452693
-2.474140	-1.458286	157.835277
3.020638	-2.446500	157.959730
2.233174	-3.059897	158.745430
1.446246	-2.939181	159.741636
0.654686	-2.153579	160.356451
-0.129121	-1.168222	160.223237
-0.915069	-0.558439	159.429573
-1.698107	-0.684871	158.438228
-2.480985	-1.472956	157.826948
3.016832	-2.471029	157.954792
2.234774	-3.087993	158.745890
1.445675	-2.959803	159.740110
0.659073	-2.171686	160.354242
-0.123472	-1.184120	160.228860
-0.915761	-0.566524	159.437841
-1.696049	-0.698815	158.446955
-2.485730	-1.483495	157.832817
3.017326	-2.473264	157.961799
2.227689	-3.088779	158.753355
1.441106	-2.959640	159.745590
0.656757	-2.173195	160.355181
-0.131594	-1.178311	160.222854
-0.914223	-0.570769	159.433078
-1.700854	-0.697870	158.440637
-2.485635	-1.494014	157.833034
3.010638	-2.489982	157.961844
2.223732	-3.098908	158.757981
1.440628	-2.966655	159.747387
0.656698	-2.168936	160.355315
-0.131126	-1.171047	160.230671
-0.917283	-0.562635	159.436392
-1.699785	-0.707006	158.453729
-2.487578	-1.496792	157.842801
3.011391	-2.496319	157.966207
2.229551	-3.107107	158.760956
1.440790	-2.982825	159.757735
0.654413	-2.190879	160.367075
-0.133058	-1.188085	160.236484
-0.921517	-0.575340	159.441179
-1.709138	-0.710982	158.449910
-2.490958	-1.509616	157.849466
3.004859	-2.507929	157.983864
2.217607	-3.116124	158.775525
1.432788	-2.977155	159.767164
0.645801	-2.179377	160.368717
-0.137187	-1.188829	160.232081
-0.921722	-0.583582	159.436187
-1.704791	-0.718059	158.450588
-2.493801	-1.514278	157.842394
3.010872	-2.502074	157.977518
2.227840	-3.101836	158.773661
1.446248	-2.975489	159.764259
0.659559	-2.187688	160.379275
-0.130176	-1.195720	160.252204
-0.916238	-0.589626	159.455988
-1.699793	-0.718105	158.466344
-2.487225	-1.513200	157.857237
3.013043	-2.497591	157.989812
2.227748	-3.118795	158.774348
1.443137	-2.990630	159.767167
0.660606	-2.202910	160.376899
-0.125935	-1.210575	160.251886
-0.911491	-0.597301	159.464257
-1.697387	-0.723081	158.469581
-2.484367	-1.518680	157.858723
3.009383	-2.514275	157.987531
2.223368	-3.119042	158.781956
1.439144	-2.985196	159.768907
0.649798	-2.188847	160.377739
-0.135131	-1.192954	160.243480
-0.920579	-0.588802	159.449507
-1.704330	-0.719883	158.462730
-2.489103	-1.511885	157.853685
3.005794	-2.507413	157.987903
2.221149	-3.111826	158.786658
1.438005	-2.979262	159.776288
0.649968	-2.185110	160.384065
-0.130661	-1.195894	160.250379
-0.913827	-0.587382	159.461446
-1.701388	-0.715002	158.472538
-2.485517	-1.507000	157.863405
3.010059	-2.500974	157.991397
2.220369	-3.109372	158.787730
1.437028	-2.971585	159.779657
0.649290	-2.180961	160.387023
-0.136355	-1.193430	160.250052
-0.922569	-0.587891	159.447014
-1.707637	-0.731718	158.458355
-2.493023	-1.529927	157.855197
3.002398	-2.521411	157.990137
2.217441	-3.127785	158.791774
1.432280	-2.992245	159.779130
0.648599	-2.194501	160.381574
-0.137059	-1.204477	160.244398
-0.920699	-0.599869	159.445832
-1.709477	-0.730160	158.450714
-2.490925	-1.531275	157.850032
3.006653	-2.526792	157.990140
2.229491	-3.123858	158.776705
1.446493	-2.996155	159.763318
0.660643	-2.207604	160.377784
-0.123963	-1.212902	160.252450
-0.911238	-0.599899	159.464247
-1.698214	-0.720062	158.470723
-2.484295	-1.512924	157.861879
3.008501	-2.510133	157.994580
2.222406	-3.106007	158.783624
1.433529	-2.974008	159.777215
0.648162	-2.174684	160.381956
-0.135474	-1.188027	160.249867
-0.920036	-0.583847	159.453433
-1.709166	-0.730919	158.464893
-2.495426	-1.522315	157.858616
3.004676	-2.501065	157.993991
2.223323	-3.091633	158.787088
1.439695	-2.961149	159.780242
0.657989	-2.169556	160.387809
-0.129312	-1.174356	160.258956
-0.917577	-0.564300	159.462472
-1.701634	-0.686108	158.468173
-2.486332	-1.485800	157.856304
3.007856	-2.483654	157.987363
2.220300	-3.081840	158.780994
1.437233	-2.947640	159.772303
0.648964	-2.151134	160.377591
