0.077205
0.107261
0.217581
0.129275
0.090026
0.079418
0.162548
0.089000
0.152647
0.116961
0.097159
0.160977
0.141188
0.102690
0.137087
0.092343
0.084746
0.109503
0.085430
0.096175
0.083150
0.103719
0.132217
0.125100
0.092903
0.083677
0.082091
0.105989
0.131696
0.109971
0.088569
0.081678
0.559496
0.082952
0.115397
0.078721
0.122356
0.078985
0.106823
0.080441
0.111005
0.287679
0.086099
0.098633
0.100701
0.097715
0.124156
0.096858
0.086708
0.307652
0.091768
0.088914
0.087678
0.083236
0.084714
0.088112
0.087806
0.087837
0.084651
0.097935
0.088793
0.144296
0.088533
0.076853
0.137051
0.135879
0.151639
0.128001
0.090194
0.079844
0.080658
0.086330
0.077020
0.093706
0.089634
0.079231
0.094356
0.078484
0.095924
0.087365
0.157239
0.093051
0.078415
0.113211
0.116345
0.078807
0.078098
0.079208
0.076224
0.138747
0.075362
0.091793
0.095303
0.077445
0.075397
0.079145
0.079311
0.080413
0.088892
0.084861
0.074220
0.087695
0.074605
0.075781
0.074896
0.083657
0.077088
0.085886
0.087594
0.077647
0.074876
0.085250
0.075042
0.062770
0.102564
0.111002
0.089798
0.076096
0.085488
0.082220
0.077355
0.088524
0.094729
0.082070
0.081868
0.096155
0.095049
0.081554
0.075070
0.073211
0.082852
0.083564
0.090882
0.123536
0.096874
0.107005
0.075883
0.075079
0.086244
0.092936
0.083411
0.117656
0.089497
0.083628
0.077884
0.091044
0.076732
0.125226
0.088538
0.102710
0.110159
0.096693
0.098021
0.072981
0.070555
0.074747
0.098089
0.081374
0.075494
0.074998
0.089486
0.085165
0.124251
0.101462
0.080594
0.111221
0.089912
0.100973
0.089755
0.091669
0.075227
0.076714
0.091730
0.076787
0.113191
0.105777
0.085441
0.085853
0.090375
0.076012
0.126822
0.099385
0.078238
0.123219
0.099660
0.063627
0.081655
0.072936
0.093653
0.103904
0.095603
0.106509
0.089399
0.077713
0.093832
0.092594
0.096011
0.081045
0.092067
0.091338
0.079027
0.122036
0.097715
0.087115
0.089232
0.072204
0.145572
0.102171
0.085179
0.079472
0.086786
0.079446
0.084283
0.091259
0.097034
0.095166
0.098316
0.083123
0.091836
0.114227
0.114138
0.097425
0.143283
0.113163
0.082647
0.098996
0.083759
0.084687
0.150540
0.088591
0.088829
0.080156
0.076526
0.101708
0.069783
0.085968
0.093130
0.086318
0.092857
0.090360
0.100338
0.096236
0.090894
0.090700
0.115756
0.122048
0.086921
0.087568
0.095051
0.112299
0.080929
0.101470
0.110262
0.101435
0.112038
0.094709
0.099778
0.137690
0.127505
0.112018
0.100562
0.116679
0.101595
0.155867
0.143114
0.095703
0.095787
0.103974
0.519866
0.109994
0.138932
0.099667
0.139259
0.127726
0.127800
0.127175
0.100572
0.106578
0.115715
0.136386
0.114014
0.133687
0.128540
0.127574
0.124184
0.122903
0.114829
0.117304
0.124265
0.130354
0.122122
0.107156
0.131402
0.165175
0.133643
0.125703
0.228405
0.183758
0.168028
0.160741
0.091645
0.121718
0.244452
0.229426
0.123634
0.109821
0.097138
0.142182
0.140836
0.141087
0.107224
0.133829
0.115095
0.144616
0.124028
0.145309
0.144969
0.119657
0.115902
0.152824
0.126323
0.148012
0.143862
0.137297
0.145675
0.144053
0.178129
0.150439
0.271794
0.136350
0.124257
0.135380
0.135650
0.146934
0.125777
0.113774
0.132401
0.166965
0.117953
0.141058
0.133455
0.128825
0.126712
0.129474
0.129262
0.127067
0.126465
0.111472
0.108116
0.105748
0.138747
0.141119
0.093445
0.139660
0.109523
0.096777
0.159574
0.130679
0.111637
0.113297
0.114170
0.151303
0.113092
0.115554
0.118322
0.109365
0.117101
0.110062
0.113886
0.122960
0.123249
0.114098
0.127812
0.109821
0.170545
0.112081
0.097661
0.151166
0.201989
0.177693
0.138068
0.153032
0.093175
0.101568
0.122463
0.127305
0.144607
0.134926
0.115030
0.123807
0.117144
0.095395
0.110181
0.117663
0.120449
0.112144
0.129234
0.089306
0.088789
0.090351
0.091482
0.106919
0.110109
0.147066
0.098422
0.102897
0.124572
0.111989
0.159592
0.122177
0.143225
0.103455
0.130897
0.144250
0.095016
0.116202
0.138847
0.144295
0.108111
0.121331
0.110859
0.096811
0.133760
0.411900
0.106586
0.111490
0.105273
0.119626
0.118432
0.124785
0.094547
0.113400
0.110956
0.122638
0.153749
0.109219
0.110507
0.157222
0.110548
0.105758
0.126770
0.116893
0.124936
0.133977
0.111017
0.119557
0.120538
0.158376
0.136730
0.129092
0.124554
0.104060
0.092361
0.090710
0.123551
0.091293
0.092116
0.120747
0.109752
0.131164
0.123345
0.127393
0.120884
0.124242
0.125367
0.122872
0.124671
0.122002
0.101588
0.139233
0.176734
0.145557
0.147363
0.110351
0.142225
0.141214
0.130086
0.109828
0.113067
0.109430
0.110932
0.121301
0.109007
0.113669
0.111952
0.143307
0.130916
0.116552
0.118275
0.119733
0.130088
0.118862
0.130054
0.155097
0.119078
0.171552
0.146856
0.112487
0.125869
0.125455
0.222338
0.124042
0.129927
0.119215
0.145546
0.132420
0.110457
0.152198
0.133434
0.142528
0.178693
0.163658
0.160947
0.184988
0.163462
0.159703
0.141237
0.187899
0.145671
0.168143
0.152756
0.208888
0.161530
0.177169
0.270051
0.160776
0.175891
0.195457
0.166795
0.179929
0.197674
0.202093
0.203081
0.162450
0.230270
0.174416
0.184205
0.199984
0.186672
0.178763
0.316157
0.195438
0.151406
0.179876
0.166949
0.145796
0.179034
0.227996
0.236617
0.166135
0.217510
0.178106
0.149836
0.183422
0.223589
0.203192
0.227613
0.155798
0.186772
0.184188
0.225914
0.193766
0.237092
0.219201
0.222057
1.100384
0.198788
0.171146
0.189101
0.160104
0.145588
0.141886
0.113703
0.137490
0.139149
0.126397
0.128553
0.180974
0.182489
0.158524
0.127707
0.134879
0.156048
0.130027
0.139288
0.169865
0.138055
0.736372
0.202945
0.191979
0.122027
0.175170
0.152287
0.151528
0.146648
0.138058
0.258655
0.142577
0.152625
0.139949
0.135857
0.287353
0.272736
0.174010
0.134262
0.146691
0.154461
0.163421
0.157668
0.162084
0.130965
0.155890
0.143045
0.135491
0.143951
0.124333
0.135802
0.114112
0.167484
0.144647
0.146974
0.143031
0.145547
0.136228
0.887902
0.144124
0.188207
0.299977
0.144811
0.174180
0.172043
0.154972
0.286564
0.325751
0.178067
0.191250
0.219158
0.258437
0.170643
0.609297
0.167946
0.180971
0.288164
0.163716
0.179270
0.140492
0.142266
0.157431
0.141429
0.216341
0.147032
0.119230
0.120776
0.142325
0.109703
0.121189
0.120828
0.143931
0.139013
0.149691
0.133493
0.122339
0.122040
0.136513
0.118844
0.118927
0.133748
0.108407
0.133367
0.117456
0.170146
0.154659
0.228299
0.170485
0.126461
0.159192
0.130244
0.140713
0.123796
0.233480
0.132127
0.144515
0.121363
0.119522
0.131496
0.166590
0.140707
0.131242
0.121968
0.147717
0.118723
0.157520
0.154938
0.161635
0.139294
0.120992
0.118998
0.123343
0.122998
0.118922
0.214289
0.210606
0.189302
0.169068
0.174024
0.229537
0.279653
0.200052
0.183651
0.239388
0.658693
0.178574
0.162464
0.173124
0.146910
0.177177
0.158365
0.157654
0.141389
0.166299
0.217896
0.175352
0.178081
0.136289
0.132867
0.144584
0.159047
0.113190
0.138624
0.134824
0.126053
0.109952
0.119361
0.149306
0.124597
0.123869
0.122073
0.120923
0.130932
0.134783
0.141289
0.121894
0.197080
0.186214
0.215759
0.120472
0.124174
0.122837
0.152379
0.126130
0.172440
0.144259
0.151459
0.125214
0.131927
0.161516
0.155564
0.132469
0.143744
0.139145
0.178805
0.146374
0.135657
0.138621
0.123550
0.142318
0.204749
0.123423
0.141154
0.147449
0.152777
0.111232
0.127856
0.141374
0.128748
0.133579
0.145907
0.157987
0.176340
0.153697
0.223640
0.208590
0.178803
0.159532
0.143605
0.176568
0.163539
0.185378
0.238676
0.213821
0.135219
0.203694
0.165272
0.161510
0.169074
0.166327
0.156168
0.152615
0.144031
0.155298
0.152038
0.158519
0.169355
0.154406
0.123255
0.109720
0.122097
0.144262
0.109385
0.119579
0.167080
0.146486
0.127678
0.129515
0.146697
0.151452
0.143671
0.136052
0.139506
0.239266
0.136867
0.137721
0.144523
0.222335
0.165478
0.178756
0.175903
0.173839
0.159127
0.136870
0.174295
0.149467
0.132591
0.173699
0.148346
0.155129
0.144217
0.145215
0.154139
0.140236
0.135440
0.131659
0.161338
0.143011
0.132085
0.132975
0.146442
0.137763
0.136104
0.731776
0.214388
0.210376
0.229199
0.174789
0.155227
0.307909
0.328647
0.244743
0.239538
0.223878
0.217640
0.604599
0.149334
0.136858
0.139753
0.199807
0.147194
0.143703
0.164459
0.147176
0.145768
0.131227
0.150465
0.163961
0.188546
0.098433
0.127556
0.116599
0.179929
0.145066
0.129534
0.127399
0.151587
0.128959
0.115712
0.129209
0.143740
0.187260
0.166292
0.137625
0.149127
0.151834
0.135923
0.138491
0.152276
0.133993
0.155751
0.158948
0.176916
0.143211
0.133973
0.233518
0.168768
0.147134
0.149270
0.160735
0.142649
0.190344
0.135733
0.174499
0.162564
0.269561
0.209661
0.264284
0.155960
0.165834
0.209715
0.161596
0.277332
0.168375
0.188237
0.171012
0.152622
0.157619
0.173702
0.152627
0.234153
0.181461
0.154929
0.198767
0.156136
0.176434
0.230277
0.198500
0.189771
0.159132
0.170908
0.190814
0.187213
0.172251
0.174200
0.150410
0.155394
0.164112
0.158088
0.159451
0.187351
0.178214
0.135140
0.151910
0.169778
0.131452
0.175035
0.165716
0.283340
0.183160
0.146666
0.172768
0.193714
0.150551
0.205614
0.208238
0.222679
0.262291
0.238024
0.210170
0.279363
0.238127
0.211052
0.213552
0.210195
0.260121
0.281908
0.216492
1.548355
0.227385
0.191782
0.259057
0.238883
0.255291
0.260736
0.181635
0.169786
0.214155
0.189700
0.213273
0.207388
0.227787
0.192602
0.203746
0.325455
0.248807
0.214602
0.270668
0.214834
0.215232
0.204087
0.172358
0.173850
0.179935
0.206695
0.211647
0.185368
0.201428
0.208779
0.220165
0.324214
0.165766
0.188466
0.188192
0.211165
0.253892
0.212035
0.211290
0.195760
0.202348
0.321425
0.206502
0.195008
0.181890
0.224645
0.179470
0.179019
0.188164
0.237090
0.185957
0.183154
0.203803
0.190467
0.201164
0.181918
0.224941
0.237843
0.260573
0.206902
0.212263
0.195460
0.208259
0.203675
0.215463
0.158177
0.181461
0.198798
0.188578
0.185400
0.207827
0.213426
0.192985
0.214661
0.209855
0.207363
0.201109
0.193624
0.163414
0.217711
0.194260
0.208902
0.213589
0.241169
0.208052
0.503023
0.339409
0.294865
0.270575
2.176158
0.261516
0.317934
0.209757
0.206323
0.234379
0.253746
0.228289
0.273864
0.178760
0.184052
0.209489
0.215689
0.180640
0.178311
0.222189
0.207849
0.175276
0.218865
0.279532
0.177752
0.191844
0.291944
0.257488
0.203527
0.201204
0.216001
0.164093
0.158803
0.177920
0.182897
0.217306
0.209594
0.262665
0.157340
0.184210
0.185518
0.180039
0.180624
0.171197
0.161898
0.235132
0.162464
0.228185
0.162626
0.184119
0.170885
0.286740
0.169979
0.385801
0.362644
0.231882
0.245613
0.344153
0.231454
0.217936
0.201237
0.263896
0.216886
0.192271
0.241507
0.238189
0.205670
0.275322
0.216377
0.172182
0.204255
0.209091
0.173340
0.202390
0.285639
0.214890
0.218167
0.204312
0.245188
0.237268
0.198165
0.247638
0.313879
0.390599
0.254819
0.239821
0.207556
0.259838
0.181209
0.211444
0.209613
0.228880
0.236925
0.244178
0.275911
0.256521
0.229109
0.255495
0.320066
0.235336
0.253514
0.262979
0.205783
0.218839
0.323080
0.427064
0.183470
0.232096
0.204892
0.244422
0.209505
0.259302
1.186051
1.156681
0.264762
0.220683
0.295291
0.237370
0.230582
0.318055
0.184300
1.225702
0.217801
0.213759
0.239817
0.292872
0.230792
0.252480
0.230726
0.221626
0.230068
0.203050
0.212854
0.223208
0.225444
0.236575
0.178763
0.233431
0.216343
0.203543
0.241227
0.201413
0.230096
0.224917
0.249810
0.284232
0.213612
0.217484
0.228974
0.230647
0.174945
0.220425
0.357439
0.231194
0.221363
1.273957
0.204747
0.284553
0.250164
0.292791
0.312082
0.188282
0.239716
0.211522
0.334706
0.195919
0.261414
0.222236
0.307670
0.261194
0.346924
0.401615
0.225083
0.325486
0.340146
0.253992
0.309331
0.261284
0.217494
0.351935
0.459319
0.198023
0.333983
0.251597
0.227970
0.283152
0.281817
0.260600
0.392570
0.395527
0.224550
0.255889
0.228160
0.345318
0.209401
0.196322
0.223007
0.243829
0.315508
0.281312
0.263794
0.297511
0.261912
0.293921
1.351725
0.396483
0.268700
0.295547
0.265119
0.292257
0.355503
0.259700
0.269118
0.239836
0.230164
0.229543
0.308014
0.385057
0.226624
0.235094
0.289465
0.267819
0.353950
0.304794
0.266197
0.366752
0.247985
0.223509
0.262141
0.250353
0.277461
0.244128
0.242169
0.247631
0.216289
0.258329
0.245013
0.218150
0.330278
0.238656
0.222180
0.292285
0.281424
0.360796
0.428610
0.239728
0.211890
0.212259
0.259607
0.215607
0.410046
0.213244
0.223937
0.212345
0.240184
0.189814
0.244380
0.437212
0.215542
0.273705
0.227105
0.244598
0.240544
0.294158
0.318455
0.274350
0.306821
0.260688
0.306476
0.246859
0.275324
0.229290
0.281292
0.307043
0.266815
0.262196
0.261074
0.352882
0.251984
0.262782
0.271424
0.263885
0.251784
0.364273
0.255848
0.253772
0.347673
0.332152
0.441650
0.298778
0.235387
0.272980
0.269357
0.282872
0.317721
0.228752
0.250138
0.257669
0.231483
0.257188
0.291415
0.278533
0.468340
0.408856
0.230120
0.248775
0.289161
0.289291
0.213497
0.258821
0.289787
0.438544
0.331619
0.218527
1.569783
0.276309
0.301320
0.237961
0.318687
0.245643
0.243665
0.257241
0.276799
0.323231
0.273179
0.275143
0.271661
0.451810
0.240231
0.291565
0.311601
0.284322
0.271583
0.268065
0.296896
0.213110
0.285772
0.253575
0.243117
0.233820
0.341518
0.286034
0.325479
0.233793
0.232569
0.254015
0.237122
0.252770
0.257727
0.227768
0.302186
0.260470
0.375535
0.366383
0.284137
0.226646
0.276083
0.239158
0.217397
0.306366
0.221841
0.224195
0.234034
1.337069
0.273802
0.343233
0.237595
0.233223
0.277065
0.288413
0.255752
0.200843
0.226136
0.375628
0.347674
0.289138
0.291390
0.240174
0.517330
0.225233
0.269775
0.279095
0.236468
0.314856
0.275531
0.292160
0.339794
0.275598
0.270289
0.377924
0.240738
0.296618
0.241507
0.246511
0.270492
0.318495
0.226361
0.284126
0.357498
0.283618
0.245143
0.250083
0.274720
0.267199
0.282853
0.283988
0.321371
0.306597
0.278247
0.351461
0.334984
0.391025
0.278065
0.301448
0.274868
0.278833
0.307219
0.246774
0.288425
0.405553
0.290832
0.274545
0.272131
0.232698
0.342993
0.243005
0.243351
0.333028
0.309125
1.260464
0.287513
0.290048
0.237316
0.234533
0.295858
0.235270
0.255099
0.240620
0.201874
0.331730
0.262980
0.259684
0.288790
0.235408
0.247666
0.237643
0.354712
0.422320
0.252229
0.227568
0.301738
0.344587
0.321201
0.352805
0.345903
0.300416
0.280654
0.350868
0.280391
0.270946
0.259062
0.280529
0.352355
0.323935
0.266855
0.314512
0.286701
0.289401
0.343494
0.287847
0.284264
0.353216
0.325731
0.505840
0.302341
0.262871
0.304828
0.244909
0.281336
0.312766
0.314564
0.399337
0.623122
0.268133
0.349131
0.363528
0.277629
0.247223
0.268060
0.182672
0.293986
0.307985
0.311932
0.315722
0.275030
0.456278
0.334629
0.276261
0.266371
0.337455
0.303941
0.284361
0.348307
0.363072
0.645688
0.414756
0.334955
0.242730
0.241483
0.252586
0.256532
0.399790
0.358156
0.365997
0.253561
0.474914
0.278115
0.287036
0.270856
0.284904
0.315535
0.266515
0.267035
0.313632
0.349639
0.312099
0.226276
0.321735
0.269327
0.202984
0.283895
0.269378
0.307747
0.256961
0.206850
0.314803
0.274002
0.243657
0.232263
0.391956
0.341730
0.259575
0.257549
0.227590
0.255171
0.340057
0.371024
0.306498
0.487286
0.314821
0.305455
0.254250
0.392027
0.347574
0.352680
0.310089
0.339954
0.225944
0.303425
0.231002
0.224532
0.203465
0.317186
0.260760
0.260279
0.284137
0.282103
0.251815
0.377112
0.572858
0.308681
0.232560
0.268335
0.293463
0.267958
0.231835
1.423844
0.299121
0.301691
0.281028
0.289190
0.337638
0.251795
0.252107
0.294237
1.224358
0.275732
0.272116
0.267740
0.453064
0.314737
0.261255
0.276133
0.290047
0.262850
0.296346
0.275197
0.252649
0.212930
0.252856
0.282260
0.245788
0.302339
0.332668
0.309740
0.433488
0.314011
0.242630
0.303046
0.314622
0.269187
0.267854
0.283221
0.251253
0.276695
0.284452
0.293354
0.287000
0.295703
0.266748
0.281531
0.241602
0.243542
0.238309
0.294404
0.256090
0.396804
0.256859
0.312209
0.310557
0.231738
0.330491
0.254186
0.260443
0.329509
0.262113
0.262294
0.265531
0.295609
0.230701
0.231315
0.416408
0.296338
0.227262
0.268187
0.283003
0.264880
0.299150
1.896183
0.174058
0.285007
0.277222
0.301328
0.337560
0.284545
0.282637
0.280947
0.232087
0.234800
0.253960
0.368815
0.298964
0.649918
0.261143
0.390596
0.282538
0.289520
0.316789
0.248663
0.273307
0.288134
0.287011
0.268311
0.262717
0.264080
0.297425
0.323815
0.278628
0.282913
0.255351
0.338092
0.258646
0.282212
0.255640
0.567669
0.423661
0.281414
0.280234
0.313952
0.348403
0.301191
0.294820
0.306250
0.332021
0.362703
0.316382
0.307501
0.347146
0.364694
0.356538
0.333076
0.288139
0.314451
0.294234
0.296758
0.339120
0.521193
0.360303
0.360206
0.395523
0.321110
0.290096
0.260020
0.363646
0.296748
0.289441
0.474483
0.305566
0.300464
0.245085
0.492069
0.380089
0.279124
0.320805
0.287529
0.312737
0.322820
0.256267
0.302569
0.254020
0.333396
0.371035
0.292995
0.245014
0.242801
0.231047
0.257719
0.340249
0.299054
0.223461
0.454667
0.276179
0.250094
0.333055
0.369182
0.314139
0.280321
0.323909
0.343637
0.392781
1.610662
0.300482
0.339867
0.342426
0.302985
0.304528
0.337049
0.287707
0.379471
0.282782
0.310490
0.316472
0.256773
0.318919
0.318483
0.287817
0.384638
0.285655
0.339736
0.314402
0.320010
0.266490
0.296565
0.301544
0.312027
0.325010
0.252742
0.314064
0.246011
0.314963
0.283248
0.304798
0.304328
0.383560
0.288037
0.273600
0.830678
0.354047
0.274739
0.392630
0.394502
0.276110
0.296682
0.323549
0.294529
0.298305
0.329264
0.428640
0.301153
0.686056
0.317563
0.370876
1.621407
0.333329
0.308620
0.280640
0.301905
0.454233
0.474885
0.357477
0.281492
0.404422
0.296818
0.249791
0.344838
0.280805
0.547528
0.414039
0.312982
0.565732
0.310689
0.334156
0.359514
0.322678
0.555461
0.523100
0.420749
0.259452
0.252826
0.395662
0.290589
0.297834
0.284549
0.317388
0.277781
0.385453
0.223587
0.311595
0.251679
0.320385
0.296475
0.304728
0.316964
0.261807
0.219858
0.278201
0.287193
0.288065
0.434301
0.303388
0.389390
0.280605
1.610726
0.306788
0.298135
0.279120
0.255061
0.313992
0.410153
0.317003
0.375377
0.256341
0.282538
0.245789
0.241570
0.237011
0.434654
0.287791
0.397207
0.417367
0.256294
0.340420
0.437856
0.451066
0.381087
0.575257
0.363646
0.342571
0.357157
0.292071
0.358840
0.314381
0.395078
0.364211
0.346640
0.314736
0.424282
0.332213
0.302458
0.289914
0.292525
1.835053
0.256449
0.259480
0.285166
0.252307
0.376734
1.791470
0.344646
1.441960
0.328374
0.302686
0.414216
0.417750
0.302581
0.284739
0.397733
0.316030
0.337272
0.248421
0.282960
0.365517
0.327454
0.245092
0.280754
0.309610
0.275265
0.272066
0.489566
0.324222
0.333491
0.320338
0.530200
0.293127
0.315245
0.289649
0.425969
0.328382
0.427183
0.345933
0.267441
0.268032
0.306193
0.280246
0.408445
0.298883
0.269043
0.298878
1.613130
