0.000000	0.000000	0.000000
0.785397	0.707110	0.707109
1.570795	0.707111	1.707109
2.356193	-0.707101	3.121324
3.141591	-2.707101	3.121327
3.408562	-4.636250	2.593708
3.395323	-6.572216	2.091675
2.609925	-8.296141	3.105619
2.295118	-9.621395	4.603516
2.310901	-10.970125	6.080312
2.296566	-12.297548	7.576289
2.309680	-13.644474	9.054731
1.524284	-13.597978	10.053661
0.738887	-12.119543	11.400589
0.249151	-10.181299	11.893753
-0.347861	-8.301091	11.211977
-0.356755	-6.427023	10.513506
-0.319295	-4.528111	9.885713
-0.345237	-2.646122	9.208875
-0.243831	-0.705283	8.726030
-0.320110	1.193116	8.096688
-0.348754	3.072715	7.413234
-0.374487	4.934105	6.681644
-0.394131	6.780767	5.913633
0.391267	8.629620	6.676354
0.708409	10.148416	7.977606
0.773177	11.579806	9.374432
0.974981	12.702174	11.029813
0.189583	14.666340	11.406711
-0.041036	16.664655	11.324662
-0.154290	18.640896	11.017304
-0.206792	20.598283	10.606661
-0.239018	22.541425	10.133165
-0.230516	24.483885	9.677293
-0.288529	26.401212	9.108209
-0.295775	28.314363	8.525246
-0.170701	30.285295	8.185500
-0.239274	32.228315	7.711505
-0.272127	34.154718	7.173944
-0.291061	36.070598	6.600006
-0.305757	37.977837	5.997976
-0.326027	39.872479	5.357413
0.459371	41.665142	6.244182
0.845025	42.992567	7.740157
0.845164	44.319785	9.236316
0.841808	45.652016	10.728013
0.965331	46.790305	12.372488
0.179933	48.758016	12.730416
-0.256229	50.692721	12.223546
-0.277453	52.616232	11.675732
-0.264432	54.541865	11.154322
-0.312669	56.444896	10.539125
-0.316620	58.345482	9.916413
-0.316705	60.246014	9.293539
-0.318151	62.145645	8.667917
-0.318185	64.045252	8.042231
-0.316653	65.945816	7.419455
-0.318668	67.845123	6.792852
-0.318810	69.744341	6.165978
-0.319660	71.643026	5.537491
-0.320603	73.541116	4.907213
0.464795	75.328943	5.803691
0.868773	76.620471	7.330765
0.866837	77.914953	8.855336
0.864191	79.213465	10.376476
0.867795	80.506486	11.902286
0.082397	81.503094	11.984589
-0.703001	83.028902	10.691572
-1.488398	83.193511	8.698358
-1.238605	83.845742	6.807698
-1.237548	84.499971	4.917729
-1.237953	85.153434	3.027495
-1.239861	85.803290	1.136017
-1.241409	86.450217	-0.756464
-1.239180	87.101360	-2.647499
-1.240772	87.749491	-4.539566
-1.239336	88.400340	-6.430702
-1.240768	89.048480	-8.322768
-1.240626	89.696888	-10.214742
-1.235068	90.355803	-12.103083
-1.235565	91.013778	-13.991751
-2.020963	90.143548	-15.792500
-2.278069	88.844022	-17.312774
-2.279644	87.542103	-18.830999
-2.279759	86.240011	-20.349075
-2.731716	84.405671	-21.146067
-2.731273	82.571684	-21.943872
-2.729587	80.739045	-22.744768
-2.729452	78.906515	-23.545912
-2.731931	77.072004	-24.342510
-2.729294	75.239600	-25.143944
-2.726570	73.409386	-25.950364
-2.728492	71.577625	-26.753266
-2.726506	69.747463	-27.559805
-2.726256	67.917503	-28.366801
-2.725258	66.088348	-29.175624
-2.730427	64.255037	-29.974980
-2.732202	62.420310	-30.771081
-2.731730	60.585959	-31.568048
-1.946333	59.852416	-33.428668
-1.401383	60.189624	-35.400035
-1.400187	60.529190	-37.370998
-1.403356	60.862508	-39.343027
-1.406872	61.188889	-41.316216
-1.407060	61.514902	-43.289466
-1.406541	61.841936	-45.262547
-1.405879	62.170277	-47.235411
-1.403747	62.502823	-49.207570
-1.401813	62.839183	-51.179082
-2.187211	61.682956	-52.810995
-2.342645	60.288033	-54.244239
-2.341594	58.894618	-55.678950
-2.339475	57.504245	-57.116609
-2.343623	56.107921	-58.548489
-2.338704	54.718657	-59.987220
-1.553306	54.753636	-61.986913
-0.767908	56.192366	-63.376177
-0.356944	58.066304	-64.075002
-0.358390	59.939230	-64.776535
-0.357140	61.813031	-65.475727
-0.355651	63.687871	-66.172129
-0.355003	65.563162	-66.867315
-0.353536	67.439470	-67.559750
-0.350718	69.317723	-68.246893
-0.350974	71.195799	-68.934519
-0.351083	73.073801	-69.622348
-1.136481	73.915380	-71.436665
-1.687232	73.683035	-73.423123
-1.687634	73.449891	-75.409486
-1.687390	73.217232	-77.395908
-1.686884	72.985579	-79.382446
-1.686727	72.754237	-81.369022
-1.686640	72.523067	-83.355616
-1.688026	72.289144	-85.341889
-1.690225	72.050855	-87.327642
-1.690725	71.811571	-89.313277
-0.905328	73.046427	-90.886532
-0.750644	74.508927	-92.250751
-0.750935	75.971029	-93.615396
-0.752095	77.431548	-94.981736
-0.753600	78.890008	-96.350273
-0.755138	80.346362	-97.721051
-1.540536	80.406874	-99.720135
-2.325934	79.036096	-101.176490
-2.764600	77.176546	-101.912742
-2.762868	75.318272	-102.652212
-2.760006	73.462122	-103.396999
-2.761636	71.604761	-104.138759
-2.762333	69.746882	-104.879224
-2.762097	67.889180	-105.620128
-2.761008	66.032285	-106.363054
-2.762811	64.174053	-107.102631
-2.763620	62.315224	-107.840705
-2.764739	60.455570	-108.576699
-2.763748	58.596647	-109.314536
-2.764428	56.737221	-110.051107
-2.766168	54.876517	-110.784443
-2.770094	53.012949	-111.510468
-2.768261	51.150714	-112.239908
-2.764738	49.291062	-112.975903
-2.766149	47.430372	-113.709273
-2.767268	45.568863	-114.440562
-2.765262	43.708825	-115.175582
-3.550660	41.873841	-114.380075
-4.336058	41.138820	-112.520036
-4.744534	41.203098	-110.521069
-4.743166	41.264642	-108.522017
-4.742379	41.324612	-106.522916
-4.740428	41.380682	-104.523702
-4.739947	41.435791	-102.524462
-4.739965	41.490936	-100.525222
-4.742828	41.551805	-98.526150
-4.741507	41.610034	-96.526998
-4.740095	41.665439	-94.527766
-4.740884	41.722422	-92.528579
-4.738303	41.774244	-90.529251
-4.737864	41.825188	-88.529900
-4.741203	41.882809	-86.530730
-4.742204	41.942431	-84.531619
-4.742991	42.003626	-82.532555
-4.739588	42.058017	-80.533295
-4.739428	42.112088	-78.534026
-4.740558	42.168418	-76.534820
-4.736622	42.216878	-74.535408
-4.738848	42.269791	-72.536108
-4.737415	42.319839	-70.536734
-4.738143	42.371340	-68.537398
-4.736111	42.418779	-66.537960
-4.738297	42.470589	-64.538632
-4.740194	42.526192	-62.539406
-4.734297	42.570004	-60.539886
-4.734703	42.614627	-58.540384
-4.735228	42.660302	-56.540905
-4.734230	42.703981	-54.541382
-4.734000	42.747200	-52.541850
-4.737898	42.798213	-50.542501
-4.736729	42.846889	-48.543094
-4.735374	42.892854	-46.543622
-4.734118	42.936308	-44.544094
-4.715578	42.942687	-42.544104
-4.724279	42.966466	-40.544246
-4.729759	43.001205	-38.544547
-4.733392	43.043208	-36.544990
-4.735944	43.090314	-34.545544
-4.733507	43.132546	-32.545991
-4.733508	43.174779	-30.546438
-4.684979	43.119967	-28.547190
-3.899581	41.667526	-27.172266
-3.114183	39.668278	-27.227079
-2.746999	37.821972	-27.995944
-2.737389	35.983141	-28.782518
-2.837530	34.074885	-29.381317
-2.797593	32.192059	-30.055828
-2.789119	30.315016	-30.746268
-2.765648	28.454694	-31.480571
-2.763221	26.596159	-32.219386
-2.148473	25.504000	-33.894853
-2.113416	24.471238	-35.607571
-2.089626	23.479510	-37.344371
-2.073254	22.516348	-39.097174
-2.051240	21.592003	-40.870754
-2.037762	20.691644	-42.656630
-2.029339	19.806361	-44.450027
-2.031663	18.916914	-46.241361
-2.012791	18.061427	-48.049161
-2.010220	17.210591	-49.859155
-2.007414	16.364837	-51.671529
-2.007502	15.518925	-53.483829
-2.005614	14.676435	-55.297723
-2.791012	12.798088	-55.984609
-3.378251	10.853834	-55.515698
-3.375713	8.908397	-55.051724
-3.380883	6.965386	-54.577697
-3.375374	5.019791	-54.114381
-3.375537	3.074273	-53.650749
-3.382349	1.131957	-53.173874
-3.379379	-0.811765	-52.702770
-3.374995	-2.757536	-52.240193
-3.374831	-4.703381	-51.777935
-2.589433	-6.406168	-52.826990
-2.265895	-7.687091	-54.362970
-2.279884	-8.989374	-55.880883
-2.267983	-10.273501	-57.414185
-2.262244	-11.548806	-58.954831
-2.255969	-12.814420	-60.503450
-3.041368	-14.804384	-60.703565
-3.416619	-16.729219	-60.160421
-3.424019	-18.649983	-59.603048
-3.417766	-20.574195	-59.057697
-3.409576	-22.502809	-58.528122
-3.416103	-24.427925	-57.985971
-3.411677	-26.355421	-57.452346
-3.426015	-28.275069	-56.891140
-3.415911	-30.200288	-56.349358
-3.412707	-32.127235	-55.813748
-3.407382	-34.057005	-55.288406
-3.435237	-35.971396	-54.709522
-3.404274	-37.902790	-54.190181
-2.618876	-39.635722	-55.188653
-2.280821	-40.939427	-56.705343
-2.275613	-42.235214	-58.228803
-2.294438	-43.559450	-59.727602
-2.280807	-44.863134	-61.244311
-2.278907	-46.163934	-62.763495
-3.064305	-48.157963	-62.917917
-3.429063	-50.075892	-62.350863
-3.415086	-52.001557	-61.810670
-3.437979	-53.914354	-61.226538
-3.448607	-55.820834	-60.622111
-3.625535	-57.548827	-59.713823
-3.445134	-59.457394	-59.116021
-3.441042	-61.368392	-58.526033
-3.439534	-63.280278	-57.938927
-3.430696	-65.197277	-57.368741
-3.409477	-67.125944	-56.839357
-3.421364	-69.048180	-56.287086
-3.425652	-70.968030	-55.726577
-3.423162	-72.889271	-55.170849
-3.403049	-74.821299	-54.653874
-3.417124	-76.745860	-54.109758
-3.414150	-78.672031	-53.571367
-3.421986	-80.593924	-53.017899
-3.422336	-82.515624	-52.463760
-3.408167	-84.444982	-51.936904
-3.416856	-86.369689	-51.393304
-3.416004	-88.294858	-50.851343
-3.424645	-90.215273	-50.292767
-3.807447	-91.788051	-49.057305
-3.808377	-93.359679	-47.820381
-3.813248	-94.925264	-46.575817
-3.814271	-96.489575	-45.329651
-3.816507	-98.051096	-44.079990
-3.781148	-99.655817	-42.886313
-3.786341	-101.254319	-41.684318
-3.806725	-102.827989	-40.449992
-3.806623	-104.401785	-39.215825
-3.823545	-105.954472	-37.955206
-4.608943	-106.160994	-35.965912
-5.394341	-104.900375	-34.413224
-6.179711	-102.911073	-34.206644
-6.187998	-100.920127	-34.016556
-6.195808	-98.927757	-33.842025
-6.199031	-96.934835	-33.673915
-6.196866	-94.942281	-33.501491
-6.204085	-92.948535	-33.343456
-6.203304	-90.954913	-33.183863
-6.198609	-88.962063	-33.014912
-6.199803	-86.969011	-32.848341
-6.187151	-84.978227	-32.656569
-6.189597	-82.986979	-32.469665
-6.196105	-80.994558	-32.295725
-6.191765	-79.002911	-32.113140
-6.184828	-77.012577	-31.916741
-6.161963	-75.027255	-31.674890
-6.173896	-73.039187	-31.456747
-6.171368	-71.051678	-31.233579
-6.167945	-69.064944	-31.003607
-6.169259	-67.077910	-30.776247
-6.187030	-65.087149	-30.584232
-6.225729	-63.090451	-30.469382
-6.172183	-61.102759	-30.247834
-6.161854	-59.117463	-30.005767
-6.165464	-57.131305	-29.770868
-6.173529	-55.143317	-29.551996
-6.186269	-53.152703	-29.358466
-6.212496	-51.157698	-29.217204
-6.283539	-49.157698	-29.217912
-6.161597	-47.172464	-28.975334
-6.124797	-45.197499	-28.659881
-5.339399	-44.024046	-27.040311
-4.554001	-44.339499	-25.065346
-4.323682	-45.097482	-23.214546
-4.326315	-45.850591	-21.361758
-4.324066	-46.607864	-19.510667
-4.323340	-47.366482	-17.660127
-4.321191	-48.129074	-15.811222
-4.314507	-48.904007	-13.967454
-4.305570	-49.695386	-12.130686
-4.304777	-50.488222	-10.294546
-4.305728	-51.279312	-8.457653
-4.314719	-52.053854	-6.613721
-4.319277	-52.819984	-4.766280
-4.313594	-53.596599	-2.923221
-4.308394	-54.382790	-1.084226
-4.311701	-55.162894	0.757359
-4.316090	-55.934907	2.602350
-3.668822	-57.663316	3.608632
-3.661748	-59.398800	4.602661
-3.664085	-61.131956	5.600744
-3.659360	-62.869809	6.590627
-3.655102	-64.611860	7.573102
-3.655562	-66.353459	8.556377
-3.655963	-68.094664	9.540352
-3.654582	-69.837226	10.521920
-3.653932	-71.580426	11.502356
-3.653470	-73.324080	12.481985
-3.654637	-75.066588	13.463649
-4.440035	-75.604587	15.389929
-4.842128	-75.345836	17.373121
-4.841818	-75.087699	19.356392
-4.843053	-74.827114	21.339342
-4.847509	-74.557695	23.321112
-4.844693	-74.293857	25.303633
-4.847327	-74.024800	27.285451
-4.849096	-73.752236	29.266791
-4.838671	-73.500343	31.250864
-4.838420	-73.248947	33.235000
-4.836922	-73.000523	35.219512
-4.837156	-72.751636	37.203965
-4.834508	-72.508005	39.189070
-4.833807	-72.265764	41.174346
-4.834034	-72.023073	43.159566
-4.834893	-71.778678	45.144577
-4.832517	-71.539000	47.130164
-4.826972	-71.310336	49.117049
-4.823380	-71.088810	51.104742
-4.819223	-70.875548	53.093339
-4.821323	-70.658110	55.081484
-4.821635	-70.440052	57.069561
-4.036237	-71.065848	57.849547
-3.250839	-73.053924	58.067606
-2.465441	-74.613898	56.816014
-1.945614	-75.346103	54.954865
-1.946137	-76.079281	53.094099
-1.946105	-76.812401	51.233311
-1.943314	-77.540323	49.370483
-1.941482	-78.264833	47.506325
-1.943007	-78.992183	45.643274
-1.940388	-79.714653	43.778324
-1.939251	-80.435000	41.912555
-1.937225	-81.151568	40.045329
-1.933377	-81.860943	38.175361
-1.930985	-82.565845	36.303700
-1.931993	-83.272632	34.432751
-1.934699	-83.984481	32.563721
-1.931464	-84.690278	30.692398
-1.930823	-85.394877	28.820623
-1.929687	-86.097348	26.948050
-1.931416	-86.803056	25.076694
-1.932840	-87.511430	23.206344
-1.930834	-88.216048	21.334577
-1.928615	-88.916512	19.461251
-1.929354	-89.618361	17.588443
-1.929430	-90.320350	15.715689
-1.144032	-89.492494	13.895069
-0.358633	-87.619740	13.193080
-0.097175	-85.629175	12.999035
-0.097984	-83.638768	12.803381
-0.196302	-81.677180	12.413294
-0.173415	-79.707178	12.068200
-0.258252	-77.773503	11.557419
-0.210380	-75.817600	11.139755
-0.173095	-73.847487	10.795291
-0.155203	-71.871527	10.486130
-0.152803	-69.894830	10.181711
-0.146978	-67.916394	9.888812
-0.167052	-65.944236	9.556259
-0.159717	-63.969692	9.238182
0.625681	-62.348563	10.409481
1.029736	-61.318473	12.123806
1.065084	-60.349611	13.873465
1.089839	-59.424356	15.646570
1.106576	-58.528904	17.434912
1.116733	-57.651663	19.232256
1.122527	-56.785777	21.032727
1.120349	-55.915040	22.833232
1.120011	-55.043696	24.633442
1.117485	-54.167806	26.431446
1.121044	-53.298320	28.232555
1.133253	-52.450889	30.044145
1.136197	-51.608796	31.858222
1.145063	-50.782819	33.679694
1.144225	-49.955316	35.500474
1.147620	-49.133999	37.324051
1.152198	-48.321040	39.151370
1.149220	-47.502641	40.976260
0.556442	-45.804362	42.032597
0.559651	-44.109481	43.094378
0.561164	-42.416209	44.158721
0.553530	-40.714862	45.210107
0.550336	-39.010165	46.256054
0.547910	-37.302936	47.297862
0.552001	-35.599982	48.346646
0.539437	-33.883986	49.373952
0.548829	-32.177715	50.417329
0.557953	-30.481034	51.476231
0.557408	-28.783776	52.534207
0.565678	-27.095325	53.606183
1.351076	-26.659411	55.558099
1.767567	-27.050419	57.519505
1.779738	-27.465267	59.476007
1.779537	-27.879723	61.432593
1.780647	-28.296351	63.388717
1.780479	-28.712650	65.344911
1.781190	-29.130340	67.300808
1.783440	-29.552429	69.255761
1.785993	-29.979508	71.209630
1.784413	-30.403499	73.164171
1.787082	-30.832706	75.117573
1.786672	-31.261112	77.071152
1.785809	-31.687831	79.025099
1.786819	-32.116523	80.978614
1.786268	-32.544139	82.932366
1.786850	-32.972893	84.885867
1.786336	-33.400642	86.839590
1.783869	-33.823570	88.794361
1.785763	-34.250199	90.748328
1.786360	-34.677995	92.702040
1.784080	-35.101335	94.656722
1.789942	-35.536127	96.608889
1.004544	-34.999653	97.452806
0.219146	-33.047487	97.887598
-0.566252	-31.359652	96.814652
-0.999496	-30.278199	95.132255
-0.997059	-29.192650	93.452498
-0.998285	-28.109162	91.771411
-0.997658	-27.024619	90.091005
-0.999004	-25.942339	88.409140
-0.999298	-24.860554	86.726956
-1.000435	-23.780682	85.043545
-0.998503	-22.697559	83.362223
-0.999439	-21.616011	81.679887
-0.996152	-20.528938	80.001116
-0.995122	-19.440137	78.323465
-0.993669	-18.348899	76.647399
-0.985350	-17.243755	74.980468
-0.980716	-16.130900	73.318677
-1.000893	-15.051799	71.634770
-0.998813	-13.969198	69.953112
-1.014098	-12.912426	68.255104
-1.013808	-11.855163	66.557403
-1.011429	-10.793863	64.862221
-1.024318	-9.754499	63.153502
-1.031497	-8.727429	61.437366
-0.879519	-7.452386	59.896502
-0.866916	-6.158025	58.371829
-0.081519	-4.164668	58.208970
0.243399	-2.223620	58.690977
0.278769	-0.300830	59.241320
0.286235	1.617796	59.806005
0.305677	3.525083	60.407882
1.018997	4.573524	62.111047
1.025668	5.610579	63.821168
1.015869	6.664343	65.521045
1.002594	7.740577	67.206785
1.019778	8.787688	68.910769
1.024330	9.827031	70.619501
1.030508	10.855798	72.334621
1.040462	11.867441	74.059897
1.064975	12.836493	75.809451
1.054411	13.823974	77.548670
1.053942	14.812270	79.287425
1.060887	15.788465	81.033002
1.051518	16.780972	82.769357
0.266120	18.710569	83.295338
-0.245957	20.650378	82.808369
-0.266570	22.579738	82.281521
-0.289336	24.496604	81.710890
-0.302588	26.405741	81.114907
-0.312011	28.309176	80.500961
-0.316092	30.210091	79.879251
-0.286948	32.128315	79.313200
-0.286080	34.047029	78.748811
-0.288162	35.964565	78.180430
-0.283450	37.884757	77.621091
0.501948	39.638051	78.583359
0.870087	40.927571	80.112129
0.879881	42.202056	81.653456
0.897736	43.448820	83.217291
0.872864	44.734089	84.749636
0.908197	45.964426	86.326427
0.879318	47.239779	87.867036
0.861028	48.543095	89.384061
0.871490	49.830468	90.914639
0.887363	51.093386	92.465458
0.893737	52.346393	94.024295
0.891005	53.603655	95.579703
0.872346	54.889719	97.111381
0.866686	56.184431	98.635757
0.871703	57.471478	100.166609
0.868213	58.763860	101.692960
1.653611	58.598420	103.686105
2.439009	57.072070	104.978488
2.965354	55.103049	105.329143
2.963639	53.134634	105.683175
2.964197	51.166022	106.036108
2.983353	49.191010	106.351267
2.993779	47.212820	106.645818
2.996205	45.233921	106.935570
2.979173	43.260244	107.258982
2.987806	41.283848	107.565345
2.998844	39.304191	107.849873
2.984667	37.328767	108.162437
2.983731	35.353636	108.476850
2.981844	33.379103	108.794991
2.196446	32.207855	110.416156
1.691224	31.967582	112.401671
1.666040	31.777383	114.392607
1.661261	31.596700	116.384427
2.090339	30.603733	118.120519
2.081365	29.626387	119.865453
2.077965	28.654978	121.613698
2.087624	27.666728	123.352480
2.095395	26.664996	125.083530
2.094032	25.665625	126.815943
2.092848	24.668305	128.549539
2.463639	23.169802	129.756256
2.019481	22.302241	131.558293
2.804879	20.414550	132.219068
2.872394	18.486581	132.750986
2.874431	16.557533	133.278976
2.877007	14.627132	133.801994
2.872158	12.699288	134.334366
2.873285	10.770847	134.864567
2.874406	8.841812	135.392604
2.872093	6.914003	135.925103
2.876309	4.983967	136.449468
2.876486	3.053838	136.973493
2.091088	2.059572	138.708841
1.377453	2.443853	140.671576
1.376630	2.829750	142.633994
1.373969	3.220868	144.595377
1.368709	3.622297	146.554677
1.363773	4.033392	148.511971
1.351641	4.468202	150.464134
1.331673	4.941903	152.407226
1.345009	5.389651	154.356462
1.376457	5.775887	156.318813
1.341736	6.225287	158.246306
0.556338	7.074488	158.774390
-0.229060	9.022249	158.320265
-1.014456	10.078412	156.621879
-1.645423	9.929298	154.627445
-1.643826	9.783368	152.632776
-1.642961	9.639163	150.637982
-1.637750	9.505356	148.642463
-1.633205	9.380620	146.646357
-1.626602	9.269067	144.649470
-1.626335	9.158046	142.652554
-1.629103	9.041498	140.655953
-1.627078	8.928993	138.659120
-1.626511	8.817621	136.662223
-1.628137	8.703003	134.665510
-1.637998	8.568700	132.670025
-1.642662	8.425093	130.675187
-1.639034	8.288723	128.679842
-1.636554	8.157303	126.684164
-1.639458	8.020089	124.688877
-1.635727	7.890319	122.693091
-1.636796	7.758414	120.697446
-1.643612	7.612913	118.702746
-1.644289	7.466060	116.708144
-1.641206	7.325357	114.713100
-1.637255	7.192538	112.717515
-1.629074	7.076049	110.720910
-1.627471	6.962760	108.724122
-1.632555	6.839321	106.727935
-1.645904	6.689246	104.733573
-1.617824	6.595225	102.735785
-1.625678	6.485517	100.738796
-1.639654	6.347910	98.743536
-1.645364	6.198914	96.749093
-1.638856	6.062900	94.753724
-1.642532	5.919553	92.758868
-1.638648	5.783955	90.763470
-1.289113	6.337392	88.850966
-1.633915	6.211237	86.854948
-1.632004	6.088899	84.858694
-1.626906	5.976739	82.861841
-1.630001	5.858400	80.865346
-1.631907	5.736255	78.869081
-1.635202	5.607532	76.873227
-1.636184	5.476849	74.877501
-1.659848	5.298981	72.885427
-2.445247	3.764599	71.602589
-3.230645	1.772524	71.780458
-3.517188	-0.088055	72.514111
-3.535369	-1.934988	73.281468
-3.544731	-3.774657	74.066082
-3.560930	-5.601374	74.880393
-3.532540	-7.409845	75.625777
-3.582269	-9.218772	76.478880
-3.582741	-11.027295	77.332837
-3.583276	-12.835362	78.187761
-3.586416	-14.640735	79.048359
-3.587610	-16.445079	79.911111
-3.588595	-18.248572	80.775639
-3.587681	-20.052854	81.638519
-3.586529	-21.858131	82.499320
-3.584526	-23.665127	83.356503
-3.584583	-25.472075	84.213789
-3.585402	-27.278320	85.072556
-3.585754	-29.084262	85.931958
-3.586811	-30.889296	86.793267
-3.587527	-32.693712	87.655869
-3.586200	-34.499271	88.516076
-3.587702	-36.303536	89.378995
-3.586075	-38.109202	90.238976
-3.580680	-39.919482	91.089203
-3.578618	-41.731512	91.935695
-3.579411	-43.542870	92.783624
-3.581670	-45.352307	93.635642
-3.581038	-47.162283	94.486517
-3.583175	-48.970436	95.341258
-3.584194	-50.777717	96.197842
-3.584917	-52.584378	97.055731
-3.581348	-54.394090	97.907167
-3.579685	-56.205215	98.755593
-3.580386	-58.015744	99.605288
-3.577924	-59.828360	100.450523
-3.576908	-61.641834	101.293916
-4.362307	-62.327785	103.172605
-5.147705	-61.906088	104.079342
-5.933103	-60.027402	104.765292
-6.718501	-58.213928	103.921899
-7.387553	-57.314530	102.135539
-7.385636	-56.411709	100.350906
-7.379678	-55.498272	98.571684
-7.379339	-54.584230	96.792772
-7.381340	-53.673751	95.012034
-7.383213	-52.766607	93.229594
-7.381225	-51.855922	91.448962
-7.377692	-50.938952	89.671557
-7.381826	-50.029339	87.890377
-7.383531	-49.122763	86.107649
-7.385693	-48.220043	84.322965
-7.384953	-47.316003	82.538949
-7.381500	-46.405809	80.758066
-7.381147	-45.494986	78.977504
-7.381542	-44.584866	77.196583
-7.377924	-43.668307	75.418966
-7.377270	-42.750588	73.641948
-7.376389	-41.831303	71.865740
-7.374234	-40.908193	70.091518
-7.373676	-39.984092	68.317810
-7.376804	-39.065545	66.541221
-7.377996	-38.149116	64.763537
-7.375820	-37.228821	62.987852
-7.376107	-36.309035	61.211904
-7.373179	-35.384052	59.438657
-7.372203	-34.457340	57.666312
-7.369050	-33.525044	55.896899
-7.385133	-32.621326	54.112720
-7.497008	-31.922446	52.238803
-7.457936	-31.150900	50.393615
-7.441281	-30.348732	48.561534
-8.226679	-30.712861	47.630184
-9.012077	-32.544943	46.828015
-9.797475	-34.407640	47.556273
-10.073448	-36.001417	48.764526
-10.083465	-37.583009	49.988685
-10.771965	-37.987874	51.768994
-10.111826	-39.534118	53.037509
-10.110513	-41.082025	54.303993
-10.108607	-42.632343	55.567525
-10.109682	-44.181302	56.832723
-10.105355	-45.735721	58.091206
-10.106993	-47.288078	59.352234
-10.107030	-48.840387	60.613319
-10.102917	-50.397870	61.868008
-10.105717	-51.951834	63.127053
-10.103247	-53.508903	64.382256
-10.103532	-55.065614	65.637904
-10.099943	-56.626822	66.887956
-10.099855	-58.188140	68.137870
-10.098091	-59.751659	69.385029
-10.095933	-61.317867	70.628811
-10.095779	-62.884267	71.872351
-10.092606	-64.454604	73.110915
-10.091996	-66.025696	74.348521
-10.092031	-67.596745	75.586182
-10.093142	-69.166418	76.825588
-10.095178	-70.733564	78.068188
-10.095306	-72.300551	79.310987
-10.092831	-73.870609	80.549905
-10.091171	-75.442722	81.786214
-10.091199	-77.014801	83.022567
-10.091643	-78.586329	84.259619
-10.091192	-80.158416	85.495961
-10.088663	-81.733624	86.728324
-10.091184	-83.305721	87.964655
-10.089484	-84.879918	89.198309
-10.091268	-86.451910	90.434772
-10.876666	-86.570538	91.427710
-11.662064	-85.952307	92.213707
-12.447463	-83.966430	92.450963
-13.232861	-82.394437	91.214501
-13.596428	-81.364897	89.499845
-13.594043	-80.331271	87.787648
-13.595271	-79.299749	86.074183
-13.594810	-78.267436	84.361194
-13.595775	-77.236778	82.647209
-13.592464	-76.200451	80.936647
-13.591742	-75.162888	79.226833
-13.590876	-74.123845	77.517918
-13.591897	-73.086547	75.807944
-13.592146	-72.049675	74.097711
-13.592043	-71.012627	72.387585
-13.593136	-69.977448	70.676327
-13.591373	-68.939254	68.966897
-13.588846	-67.896743	67.260095
-13.590434	-66.856944	65.551640
-13.590957	-65.818039	63.842641
-13.592466	-64.781715	62.132077
-13.590004	-63.741183	60.424068
-13.592648	-62.705169	58.713316
-13.592357	-61.668659	57.002863
-13.594237	-60.635365	55.290466
-13.594235	-59.602068	53.578071
-13.593494	-58.567503	51.866442
-13.594740	-57.535072	50.153525
-13.592922	-56.499527	48.442488
-13.595450	-55.468312	46.728839
-13.597963	-54.441405	45.012604
-13.599030	-53.416330	43.295275
-13.655995	-52.490694	41.522368
-13.640781	-51.538193	39.763749
-13.629558	-50.566014	38.015931
-13.747720	-49.806660	36.165693
-13.707073	-48.972748	34.347839
-13.689739	-48.107452	32.544715
-14.475137	-48.770597	30.657855
-15.260533	-50.573719	29.792555
-15.562954	-52.552728	29.503552
-15.598540	-54.540767	29.285141
-15.616405	-56.532390	29.102281
-15.631374	-58.526526	28.949252
-15.641404	-60.522098	28.816233
-15.650694	-62.518819	28.701757
-15.659718	-64.516492	28.605303
-15.662722	-66.514445	28.514851
-15.665977	-68.512683	28.430904
-15.663961	-70.510747	28.342929
-15.665358	-72.508931	28.257743
-15.666240	-74.507189	28.174320
-15.690259	-76.506875	28.138915
-15.686424	-78.506411	28.095840
-15.686385	-80.505945	28.052687
-15.684143	-82.505378	28.005051
-15.687763	-84.504970	27.964653
-15.689702	-86.504635	27.928132
-15.686669	-88.504182	27.885548
-15.688560	-90.503804	27.846743
-15.687620	-92.503391	27.806059
-15.688629	-94.503017	27.767392
-15.687488	-96.502597	27.726445
-15.687382	-98.502173	27.685286
-15.684524	-100.501624	27.638411
-15.684537	-102.501075	27.591563
-15.685113	-104.500553	27.545866
-15.684383	-106.499997	27.498709
-15.683585	-108.499402	27.449958
-15.686713	-110.498951	27.407461
-15.689213	-112.498599	27.369963
-15.686751	-114.498149	27.327541
-15.685184	-116.497630	27.281986
-15.684935	-118.497100	27.235934
-15.683805	-120.496516	27.187622
-15.684351	-122.495959	27.140402
-15.682069	-124.495288	27.088619
-14.896671	-125.872411	25.638263
-14.231446	-126.060690	23.647145
-14.232854	-126.251772	21.656295
-14.230917	-126.438998	19.665077
-13.445519	-125.163383	18.124685
-12.676926	-123.175594	17.904024
-12.675249	-121.187436	17.686697
-12.677396	-119.199750	17.465101
-12.679810	-117.212605	17.238708
-12.680979	-115.225726	17.009993
-12.683809	-113.239502	16.775656
-12.685808	-111.253751	16.537349
-12.683796	-109.267523	16.303038
-12.682173	-107.280919	16.071951
-12.683571	-105.294639	15.838086
-12.684958	-103.308685	15.601467
-12.687619	-101.323369	15.359565
-12.689174	-99.338430	15.114575
-12.688445	-97.353314	14.871031
-12.689900	-95.368554	14.624600
-12.689618	-93.383725	14.378729
-12.690332	-91.399072	14.131441
-12.689968	-89.414329	13.884875
-12.693274	-87.430412	13.631749
-12.691786	-85.446120	13.381575
-12.718688	-83.469276	13.078117
-12.705401	-81.488575	12.800951
-12.699652	-79.506312	12.535177
-12.705715	-77.525698	12.257390
-12.696537	-75.542617	11.997792
-12.950946	-73.692147	11.248856
-12.743846	-71.723562	10.895765
-12.729578	-69.750140	10.570798
-12.706455	-67.769731	10.291545
-12.735649	-65.798318	9.954602
-12.703843	-63.817187	9.680521
-11.918445	-63.019850	10.284055
-11.133047	-62.745769	12.265186
-10.347649	-63.952836	13.859861
-10.043200	-65.582424	15.019362
-10.047684	-67.206797	16.186158
-10.050111	-68.828333	17.356893
-10.052102	-70.440697	18.525896
-10.065470	-72.044062	19.721397
-10.064320	-73.648801	20.915052
-10.066501	-75.250932	22.112205
-10.068286	-76.850923	23.312217
-10.064755	-78.455141	24.506571
-10.062853	-80.061629	25.697872
-10.062330	-81.668740	26.888332
-10.062997	-83.275056	28.079863
-10.063865	-84.880338	29.272789
-10.061431	-86.488518	30.461803
-10.062876	-88.094978	31.653141
-10.062816	-89.701510	32.844382
-10.063942	-91.306700	34.037431
-10.067904	-92.907149	35.236831
-10.066735	-94.509000	36.434359
-10.067854	-96.109510	37.633679
-10.067498	-97.710447	38.832428
-10.071304	-99.306810	40.037263
-10.069923	-100.904835	41.239891
-10.071979	-102.500384	42.445802
-10.071171	-104.096907	43.650424
-10.070366	-105.694399	44.853761
-10.070250	-107.292031	46.056912
-10.068424	-108.891857	47.257143
-10.067894	-110.492319	48.456527
-10.063213	-112.098378	49.648405
-10.054354	-113.714933	50.826009
-10.066385	-115.317203	52.022976
-10.059394	-116.927802	53.208713
-10.056927	-118.541320	54.390473
-10.051773	-120.160908	55.563902
-10.056422	-121.775024	56.744846
-10.053790	-123.392242	57.921538
-10.062952	-124.998613	59.112997
-10.060276	-126.608165	60.300154
-9.560999	-128.589637	60.571754
-9.558967	-130.571658	60.839326
-9.569794	-132.550665	61.128344
-9.562865	-134.531627	61.403642
-9.560505	-136.513233	61.674264
-9.564484	-138.493747	61.952768
-9.561715	-140.475025	62.225787
-9.563287	-142.455871	62.501919
-9.568528	-144.435242	62.788429
-9.387695	-146.433867	62.714280
-9.392413	-148.432820	62.649562
-9.392826	-150.431798	62.585669
-9.393552	-152.430823	62.523227
-9.387383	-154.429425	62.448454
-9.767993	-156.312781	63.121486
-8.982594	-157.216600	62.693572
-8.197196	-157.889632	60.810218
-7.411798	-157.033804	59.002579
-6.626404	-155.150452	58.329540
-6.556280	-153.224571	57.790115
-6.565193	-151.303573	57.233546
-6.569660	-149.385081	56.668401
-6.583912	-147.474838	56.075972
-6.589061	-145.567671	55.473715
-7.374460	-144.644961	53.699284
-7.712147	-144.362242	51.719367
-7.732256	-144.119393	49.734166
-7.739094	-143.890122	47.747351
-7.730704	-143.644191	45.762529
-7.726079	-143.389084	43.778866
-7.720161	-143.122241	41.796747
-7.721806	-142.858659	39.814192
-7.717830	-142.587197	37.832701
-7.709975	-142.300178	35.853403
-7.693150	-141.979900	33.879214
-7.645811	-141.566559	31.922393
-7.747892	-141.354777	29.933637
-7.725691	-141.098899	27.950073
-7.706737	-140.805472	25.971715
-7.670875	-140.441302	24.005150
-7.801383	-140.336154	22.007916
-7.657209	-139.945143	20.046511
-7.900397	-140.037940	18.048665
-7.749770	-139.829893	16.059515
-7.748973	-139.620262	14.070532
-7.743610	-139.399967	12.082702
-7.745246	-139.182924	10.094513
-7.746701	-138.968774	8.106012
-7.747596	-138.756404	6.117319
-7.752105	-138.553002	4.127689
-7.749257	-138.343936	2.138646
-7.747562	-138.131498	0.149961
-7.749272	-137.922461	-1.839085
-7.748454	-137.711798	-3.827959
-7.758316	-137.520758	-5.818814
-7.730164	-137.273756	-7.803503
-7.732218	-137.030829	-9.788694
-8.517616	-137.841457	-10.825375
-7.732223	-137.598541	-12.810568
-7.705791	-137.303244	-14.788648
-7.699064	-136.994646	-16.764696
-7.686947	-136.662128	-18.736860
-7.686512	-136.328753	-20.708879
-7.668480	-135.959875	-22.674566
-7.670813	-135.595582	-24.641109
-7.666270	-135.222359	-26.605976
-7.676125	-134.868518	-28.574425
-8.461523	-136.010219	-30.216533
-8.759204	-137.583343	-31.451555
-8.778267	-139.179725	-32.656365
-8.808285	-140.811547	-33.812720
-8.022886	-141.147752	-35.784259
-7.621453	-140.686875	-37.730431
-7.622054	-140.227168	-39.676882
-7.615685	-139.755072	-41.620365
-7.605825	-139.263837	-43.559099
-7.599152	-138.759677	-45.494510
-7.578654	-138.216049	-47.418842
-7.617999	-137.748452	-49.363412
-7.590717	-137.227984	-51.294502
-7.576646	-136.680396	-53.218079
-7.577661	-136.134761	-55.142209
-7.604112	-135.640206	-57.080098
-7.635478	-135.206668	-59.032543
-7.658702	-134.818586	-60.994530
-7.693507	-134.499013	-62.968833
-7.693793	-134.180003	-64.943227
-7.695563	-133.864489	-66.918183
-7.700354	-133.558440	-68.894628
-7.696850	-133.245469	-70.869988
-7.692153	-132.923223	-72.843857
-7.694063	-132.604748	-74.818337
-7.692429	-132.283047	-76.792295
-8.477828	-133.451369	-78.415570
-9.263226	-135.425326	-78.737271
-10.012064	-137.090222	-77.629064
-10.014473	-138.752442	-76.516848
-10.016391	-140.412526	-75.401448
-10.018330	-142.070445	-74.282829
-10.018414	-143.728270	-73.164072
-10.011046	-145.394292	-72.057561
-10.011603	-147.059697	-70.950121
-10.021313	-148.714271	-69.826562
-10.025281	-150.364374	-68.696446
-10.024812	-152.015007	-67.567106
-10.024728	-153.665735	-66.437904
-10.023946	-155.317345	-65.309993
-10.027646	-156.964770	-64.175978
-10.030112	-158.609395	-63.037905
-9.244714	-160.577059	-63.396091
-8.459318	-161.715137	-65.040711
-8.357750	-162.680594	-66.792251
-8.358068	-163.646610	-68.543483
-8.361280	-164.618245	-70.291603
-8.360794	-165.589031	-72.040195
-8.354176	-166.548223	-73.795174
-8.353471	-167.506178	-75.550828
-8.350613	-168.459112	-77.309213
-9.136011	-169.417708	-77.593984
-9.921409	-171.176093	-76.641050
-10.706808	-171.745633	-74.723859
-11.111926	-171.513454	-72.737381
-11.112931	-171.279279	-70.751138
-11.114263	-171.042458	-68.765209
-11.116175	-170.801841	-66.779736
-11.120235	-170.553165	-64.795256
-11.123762	-170.297492	-62.811666
-11.116436	-170.056356	-60.826255
-11.120534	-169.807086	-58.841850
-11.132853	-169.533391	-56.860666
-11.129745	-169.265854	-54.878641
-11.126683	-169.004388	-52.895806
-11.125034	-168.746191	-50.912542
-11.132305	-168.473581	-48.931208
-11.159383	-168.147426	-46.957982
-11.234046	-167.674990	-45.014582
-11.283798	-167.106490	-43.097081
-11.073567	-166.950664	-41.103161
-11.090321	-166.761454	-39.112131
-11.094632	-166.563664	-37.121936
-11.092928	-166.369264	-35.131406
-11.096519	-166.167719	-33.141587
-11.094762	-165.969668	-31.151417
-11.093954	-165.773227	-29.161089
-11.093182	-165.578321	-27.170608
-11.088249	-165.393236	-25.179191
-11.081331	-165.221932	-23.186541
-11.077484	-165.058295	-21.193247
-11.079020	-164.891598	-19.200206
-11.080028	-164.722892	-17.207334
-11.067810	-164.578547	-15.212550
-11.081276	-164.407353	-13.219890
-11.091865	-164.215069	-11.229155
-11.100162	-164.006274	-9.240084
-11.101618	-163.794584	-7.251318
-11.108484	-163.569245	-5.264053
-11.117138	-163.326716	-3.278813
-11.114100	-163.090219	-1.292845
-11.107290	-162.867253	0.694687
-11.112578	-162.633779	2.681013
-11.127246	-162.371196	4.663701
-10.705959	-162.942363	6.580408
-10.709422	-163.506889	8.499082
-11.172904	-163.154086	10.467719
-10.738361	-163.662859	12.401924
-9.996509	-165.344789	13.484102
-9.906852	-167.116859	14.411338
-9.879203	-168.911896	15.288258
-9.833515	-170.747143	16.083160
-9.831970	-172.583616	16.875224
-9.046572	-174.442273	16.136716
-8.595590	-175.793222	14.661950
-8.596834	-177.146005	13.188865
-8.596906	-178.498894	11.715878
-8.595760	-179.850094	10.241341
-8.598450	-181.205256	8.770445
-8.595314	-182.555798	7.295305
-8.595734	-183.906960	5.820734
-8.598157	-185.261690	4.349440
-8.597557	-186.615537	2.877334
-8.601532	-187.975226	1.410621
-8.597560	-189.329079	-0.061480
-8.602283	-190.689869	-1.527172
-8.604580	-192.054021	-2.989733
-8.610192	-193.426361	-4.444616
-9.395591	-194.425935	-4.473799
-10.180989	-195.880818	-3.101459
-10.966387	-195.939184	-1.102311
-11.279655	-195.378635	0.817528
-11.281652	-194.814251	2.736245
-11.285050	-194.243351	4.653032
-11.286211	-193.670226	6.569155
-11.282904	-193.103441	8.487163
-11.283727	-192.535078	10.404704
-11.290848	-191.953074	12.318148
-11.297525	-191.358308	14.227665
-11.295861	-190.766719	16.138168
-11.293625	-190.179404	18.049989
-11.292012	-189.595174	19.962756
-11.289895	-189.014994	21.876754
-11.292013	-188.430762	23.789520
-11.289336	-187.851652	25.703843
-11.286273	-187.278410	27.619931
-11.285210	-186.707202	29.536627
-11.277307	-186.151162	31.457777
-11.284198	-185.581895	33.375050
-11.275977	-185.028410	35.296938
-11.266695	-184.492788	37.223881
-11.264767	-183.960881	39.151852
-11.259868	-183.438426	41.082406
-11.264991	-182.906088	43.010259
-11.254591	-182.393828	44.943544
-11.256242	-181.878376	46.875980
-11.362494	-181.160893	48.742853
-11.412425	-180.351127	50.571590
-11.343881	-179.668515	52.451495
-10.936617	-179.786361	54.448019
-11.359222	-179.074989	56.317230
-11.384828	-178.315993	58.167614
-11.374869	-177.575463	60.025466
-11.261423	-177.050006	61.955205
-11.188258	-176.667019	63.918193
-11.188924	-176.282724	65.880925
-11.191316	-175.893736	67.842732
-11.188368	-175.510533	69.805678
-11.193226	-175.117800	71.766739
-11.204617	-174.702752	73.723199
-11.215319	-174.266790	75.675105
-11.220776	-173.820184	77.624603
-11.203356	-173.407604	79.581584
-11.181836	-173.037231	81.546991
-11.191088	-172.648690	83.508887
-11.187091	-172.267995	85.472320
-11.188792	-171.883960	87.435103
-11.188361	-171.500771	89.398052
-11.178880	-171.136209	91.364545
-11.176374	-170.776577	93.331945
-10.881651	-171.003932	95.318980
-10.881306	-171.231971	97.305937
-10.878470	-171.465646	99.292239
-10.880043	-171.696194	101.278907
-10.880156	-171.926518	103.265600
-10.880710	-172.155741	105.252421
-10.885546	-172.375353	107.240327
-11.670944	-171.750167	108.020803
-12.456343	-169.762261	108.240415
-13.241741	-168.201310	106.990043
-13.804801	-167.548750	105.099497
-13.809427	-166.904942	103.205952
-13.811764	-166.265561	101.310908
-13.820036	-165.641877	99.410640
-13.828803	-165.034877	97.504978
-13.811867	-164.395692	95.609868
-13.815312	-163.763038	93.712567
-13.813203	-163.126384	91.816605
-13.814064	-162.491364	89.920095
-13.826982	-161.880895	88.015541
-13.823739	-161.264252	86.112977
-13.828339	-160.656367	84.207596
-13.825321	-160.042734	82.304058
-13.827027	-159.432351	80.399477
-13.826593	-158.821140	78.495160
-13.820525	-158.198386	76.594587
-13.831861	-157.597216	74.687077
-13.842632	-157.016626	72.773203
-13.842656	-156.436082	70.859314
-13.883103	-155.933403	68.923517
-13.987139	-155.634472	66.945983
-13.851703	-155.071266	65.026921
-13.763415	-154.341044	63.164993
-13.771654	-153.626186	61.297112
-13.773498	-152.914776	59.427916
-13.774393	-152.205037	57.558084
-13.773802	-151.494194	55.688672
-14.559200	-151.903810	54.776414
-15.053763	-152.990292	53.943242
-15.241237	-154.326614	53.269930
-16.026635	-156.225919	53.896540
-16.504516	-157.624270	55.326441
-16.505992	-159.020509	56.758403
-16.509172	-160.412187	58.194798
-16.509032	-161.804066	59.630999
-16.500720	-163.207835	61.055581
-16.489887	-164.626953	62.464872
-16.533167	-165.979399	63.929514
-16.496974	-167.388495	65.348826
-16.515929	-168.770436	66.794592
-16.521068	-170.144928	68.247442
-16.516383	-171.526212	69.693835
-16.518104	-172.905005	71.142604
-16.511818	-174.292877	72.582676
-16.507983	-175.686263	74.017416
-16.499619	-177.091598	75.440452
-16.496177	-178.501825	76.858641
-16.497381	-179.910343	78.278527
-16.499469	-181.315893	79.701352
-16.506556	-182.711324	81.134102
-16.511543	-184.099592	82.573793
-16.516560	-185.480620	84.020430
-16.521423	-186.854597	85.473767
-16.521829	-188.227984	86.927661
-16.523236	-189.599323	88.383487
-16.519232	-190.976482	89.833809
-16.512217	-192.363780	91.274435
-16.511724	-193.751788	92.714378
-16.513934	-195.136611	94.157384
-16.516774	-196.517329	95.604317
-17.302172	-196.470507	97.603769
-18.087570	-195.023574	98.984488
-18.278534	-193.340876	100.065472
-18.279768	-191.656845	101.144378
-18.277727	-189.975019	102.226720
-18.276908	-188.294081	103.310438
-18.277659	-186.612329	104.392894
-18.282815	-184.925019	105.466664
-18.282468	-183.238081	106.541021
-18.289793	-181.543320	107.602992
-18.288700	-179.849719	108.666815
-18.390285	-178.061891	109.550969
-18.279676	-176.377959	110.630030
-18.280275	-174.693381	111.708083
-18.282212	-173.006719	112.782871
-18.291824	-171.309803	113.841397
-18.296969	-169.607464	114.891178
-18.296265	-167.905865	115.942158
-18.291755	-166.209023	117.000802
-18.287692	-164.516495	118.066331
-18.288342	-162.823276	119.130759
-18.293978	-161.124084	120.185627
-18.300208	-159.418354	121.229890
-18.296121	-157.716905	122.281114
-19.081519	-155.770472	121.821336
-19.495170	-154.173010	120.617958
-19.490825	-152.570336	119.421533
-19.455326	-150.926208	118.282742
-19.491486	-149.324325	117.085257
-19.501223	-147.734177	115.872232
-19.508246	-146.152587	114.648070
-19.509521	-144.572560	113.421891
-19.527883	-143.015313	112.166909
-19.556568	-141.494700	110.867780
-18.771170	-140.497770	110.946085
-17.985772	-139.198640	112.466697
-17.200374	-139.355251	114.460556
-16.569443	-140.657881	115.978170
-16.570576	-141.958791	117.497260
-16.571585	-143.258167	119.017661
-16.574239	-144.553505	120.541505
-16.677988	-145.684064	122.191304
-16.540721	-147.029740	123.670884
-16.489254	-148.449751	125.079276
-16.437128	-149.941213	126.411769
-16.587095	-151.216854	127.952139
-16.593806	-152.482129	129.501036
-16.592052	-153.750119	131.047710
-16.581113	-155.034950	132.580423
-17.366511	-154.859672	134.572727
-18.006434	-153.529403	136.066174
-18.014651	-152.186906	137.548639
-18.027416	-150.825596	139.013847
-18.026951	-149.464968	140.479688
-18.812349	-147.466355	140.554085
-19.597747	-146.000513	139.193457
-20.342080	-145.844128	137.199581
-20.361349	-145.726189	135.203061
-20.365672	-145.616883	133.206051
-20.371072	-145.518363	131.208479
-20.522679	-145.722017	129.225195
-20.339344	-145.560177	127.231754
-20.334160	-145.388005	125.239179
-20.388448	-145.324207	123.240196
-20.377426	-145.238381	121.242039
-20.359647	-145.117045	119.245723
-20.348170	-144.972805	117.250931
-20.334988	-144.802285	115.258214
-20.311793	-144.585594	113.269987
-20.292211	-144.330013	111.286385
-20.319143	-144.127940	109.296619
-20.373245	-144.033761	107.298838
-20.371193	-143.935482	105.301254
-20.379749	-143.854298	103.302903
-20.383495	-143.780600	101.304261
-20.377905	-143.695731	99.306063
-20.364673	-143.584431	97.309162
-20.367772	-143.479319	95.311926
-20.367848	-143.374359	93.314682
-20.363760	-143.261236	91.317884
-20.360497	-143.141597	89.321466
-20.364085	-143.029121	87.324631
-20.357106	-142.902713	85.328630
-20.342205	-142.746578	83.334734
-20.347297	-142.600598	81.340069
-20.359530	-142.479029	79.343767
-20.351864	-142.342160	77.348456
-20.355248	-142.212043	75.352693
-20.350219	-142.071891	73.357610
-20.350585	-141.932470	71.362475
-20.359197	-141.810235	69.366214
-20.355084	-141.679792	67.370473
-20.354802	-141.548786	65.374768
-20.353481	-141.415143	63.379238
-20.354814	-141.284160	61.383532
-20.336733	-141.117116	59.390520
-20.303699	-140.884339	57.404113
-19.518301	-140.099739	56.784110
-18.732903	-138.113333	57.016887
-17.947505	-136.873328	58.586087
-17.262572	-136.905702	60.585825
-17.264972	-136.933277	62.585635
-17.267458	-136.955879	64.585507
-17.270169	-136.973060	66.585433
-17.270406	-136.989768	68.585363
-17.266573	-137.014141	70.585215
-17.265968	-137.039724	72.585051
-17.267786	-137.061671	74.584931
-17.270935	-137.077321	76.584869
-17.267436	-137.099967	78.584741
-17.266011	-137.125464	80.584578
-17.268784	-137.145414	82.584479
-17.272528	-137.157877	84.584440
-17.259886	-137.195622	86.584083
-17.259071	-137.234996	88.583696
-17.259605	-137.273303	90.583329
-17.260332	-137.310157	92.582989
-17.261846	-137.343983	94.582703
-17.263435	-137.374632	96.582468
-17.275207	-137.381737	98.582455
-17.277494	-137.384268	100.582454
-16.645543	-138.567750	102.194710
-17.285139	-138.554992	104.194669
-17.229621	-138.653230	106.192255
-17.230741	-138.749230	108.189950
-17.270609	-138.765530	110.189883
-17.289243	-138.744564	112.189773
-17.293979	-138.714126	114.189541
-17.294801	-138.682045	116.189284
-17.296399	-138.646767	118.188973
-17.293459	-138.617370	120.188757
-17.288635	-138.597621	122.188659
-17.299936	-138.555272	124.188211
-17.322938	-138.466943	126.186259
-17.321587	-138.381314	128.184425
-17.316231	-138.306389	130.183021
-17.310536	-138.242848	132.182012
-17.304500	-138.191372	134.181349
-17.306125	-138.136648	136.180600
-17.309331	-138.075515	138.179665
-17.327473	-137.978127	140.177293
-17.335362	-137.864982	142.174090
-17.341928	-137.738730	144.170101
-17.341724	-137.612884	146.166138
-17.617953	-136.947431	148.052185
-17.608748	-136.299367	149.944277
-17.595424	-135.676571	151.844836
-17.629188	-134.989971	153.723287
-17.630824	-134.300298	155.600613
-17.635361	-133.602116	157.474791
-17.638611	-132.897845	159.346689
-17.640140	-132.190715	161.217508
-17.637309	-131.488881	163.090322
-17.637970	-130.785810	164.962671
-18.423368	-128.964714	165.789475
-19.143492	-127.050493	165.210032
-19.928890	-126.106662	163.446744
-20.578633	-126.421904	161.471744
-20.580860	-126.741542	159.497452
-20.584714	-127.068787	157.524406
-20.583608	-127.393850	155.550999
-20.574396	-127.700721	153.574682
-20.575953	-128.010668	151.598845
-20.577023	-128.322728	149.623340
-20.583369	-128.647320	147.649856
-20.577509	-128.960342	145.674504
-20.582494	-129.283207	143.700736
-20.578635	-129.598452	141.725737
-20.580932	-129.918233	139.751468
-20.580449	-130.237059	137.777044
-20.611756	-130.616705	135.817842
-20.580581	-130.935792	133.843460
-20.567535	-131.229095	131.865083
-20.562891	-131.513209	129.885367
-20.562869	-131.797279	127.905643
-20.578999	-132.113244	125.930760
-20.589759	-132.450440	123.959390
-20.591410	-132.790889	121.988579
-20.592313	-133.133118	120.018077
-20.593367	-133.477424	118.047937
-20.589167	-133.813451	116.076367
-20.569449	-134.110541	114.098556
-21.354847	-134.914840	113.504331
-22.140245	-136.892652	113.801421
-22.925643	-138.081101	115.410019
-23.247711	-138.699277	117.312086
-23.245778	-139.321128	119.212954
-23.235704	-139.962098	121.107461
-23.189164	-140.690511	122.970098
-23.008818	-141.741211	124.671870
-23.221427	-142.409163	126.557033
-23.259108	-143.005620	128.466021
-23.279254	-143.563502	130.386638
-23.288005	-144.104556	132.312062
-23.300972	-144.620597	134.244341
-23.343561	-145.053900	136.196839
-23.519614	-145.138536	138.195048
-23.476780	-145.308660	140.187799
-23.281408	-145.862403	142.109613
-23.265975	-146.445738	144.022652
-23.260628	-147.039294	145.932545
-23.259106	-147.635757	147.841532
-23.261614	-148.227429	149.752010
-23.262084	-148.818203	151.662765
-23.264312	-149.404719	153.574831
-23.260507	-149.998507	155.484652
-23.259940	-150.593376	157.394137
-23.259253	-151.189557	159.303212
-23.259906	-151.784492	161.212676
-24.045304	-150.854979	162.983553
-24.610905	-149.121169	163.980499
-24.620501	-147.377872	164.960761
-24.624221	-145.630940	165.934532
-24.631155	-143.877298	166.896167
-24.626079	-142.128560	167.866689
-24.632263	-140.373854	168.826379
-24.630517	-138.620825	169.789131
-24.633317	-136.865108	170.746971
-24.635565	-135.107242	171.700861
-24.536471	-133.455770	172.821675
-24.715026	-131.627734	173.633022
-24.908236	-129.677925	174.078270
-24.619347	-127.935761	175.060544
-24.575533	-126.238292	176.118182
-24.545152	-124.573733	177.226894
-23.759754	-124.180690	179.187893
-23.395765	-124.511523	181.160341
-23.381551	-124.870357	183.127887
-22.596154	-125.692857	183.696654
-21.810755	-127.660403	183.337821
-21.025357	-128.797935	181.692823
-20.502460	-128.961966	179.699561
-20.489293	-129.099739	177.704312
-20.366589	-128.992264	175.707202
-20.504263	-129.159889	173.714239
-20.495910	-129.310861	171.719945
-20.506445	-129.482834	169.727352
-20.510561	-129.663008	167.735485
-20.520318	-129.862606	165.745469
-20.529966	-130.081395	163.757473
-20.523056	-130.286442	161.768012
-20.535798	-130.516821	159.781325
-20.529941	-130.735561	157.793322
-20.514438	-130.923455	155.802168
-20.501158	-131.084890	153.808694
-20.508644	-131.261243	151.816485
-20.516170	-131.452586	149.825659
-20.511475	-131.634578	147.833956
-20.510218	-131.814067	145.842027
-20.515289	-132.003656	143.851033
-20.523629	-132.209843	141.861690
-20.521643	-132.412079	139.871941
-20.522673	-132.616364	137.882402
-20.512162	-132.799726	135.890825
-20.503265	-132.965361	133.897695
-20.492507	-133.109545	131.902899
-20.491925	-133.252567	129.908020
-20.495694	-133.403108	127.913694
-20.503129	-133.568472	125.920542
-20.515161	-133.757806	123.929524
-20.516595	-133.949995	121.938780
-20.520132	-134.149225	119.948727
-20.517379	-134.342975	117.958134
-20.519511	-134.540967	115.967959
-21.304909	-135.314602	115.334326
-22.090307	-137.304776	115.532319
-22.875705	-138.572041	117.079587
-23.594580	-138.506782	119.078522
-23.591805	-138.447071	121.077631
-23.583092	-138.404780	123.077184
-23.597993	-138.332700	125.075884
-23.606675	-138.243270	127.073884
-23.613778	-138.139651	129.071198
-23.606771	-138.050030	131.069189
-23.604734	-137.964477	133.067358
-23.596000	-137.896380	135.066198
-23.599622	-137.821045	137.064779
-23.612312	-137.720352	139.062242
-23.620760	-137.602791	141.058784
-23.621630	-137.483492	143.055223
-23.619643	-137.368160	145.051895
-23.615961	-137.260180	147.048977
-23.611366	-137.161378	149.046535
-23.593007	-137.099264	151.045571
-23.541838	-137.139474	153.045166
-23.499935	-137.261360	155.008237
-23.675568	-137.034602	156.995341
-23.650119	-136.858483	158.987571
-23.651398	-136.679816	160.979574
-23.651935	-136.500079	162.971482
-23.659429	-136.305419	164.961986
-23.664002	-136.101658	166.951579
-23.674529	-135.876964	168.938917
-23.680228	-135.640949	170.924942
-23.674244	-135.416822	172.912344
-23.658904	-135.223206	174.902950
-23.644013	-135.059254	176.896219
-23.644769	-134.893796	178.889363
-23.644250	-134.729372	180.882592
-23.645223	-134.563009	182.875661
-23.637927	-134.411191	184.869891
-23.636394	-134.262431	186.864350
-23.638056	-134.110356	188.858560
-23.639492	-133.955417	190.852550
-23.641471	-133.796533	192.846229
-24.011331	-132.927707	194.647656
-24.004805	-132.070657	196.454716
-24.011915	-131.200779	198.255636
-24.067126	-130.232846	200.005809
-23.281728	-130.785974	201.927800
-22.496330	-132.536147	202.895732
-23.281728	-132.812711	203.856728
-22.496330	-133.687797	204.340694
-21.710932	-135.609788	203.787567
-20.925534	-136.577721	202.037393
-20.407138	-136.551294	200.037568
-20.406532	-136.523655	198.037759
-20.407588	-136.498127	196.037922
-20.399226	-136.455878	194.038368
-20.406946	-136.429067	192.038548
-20.402656	-136.393675	190.038861
-20.398394	-136.349762	188.039343
-20.390099	-136.289265	186.040259
-20.389944	-136.228457	184.041183
-20.385935	-136.159636	182.042368
-20.381413	-136.081778	180.043884
-20.377100	-135.995300	178.045755
-20.381036	-135.916688	176.047300
-20.402624	-135.881234	174.047614
-20.422274	-135.885077	172.047618
-20.420643	-135.885658	170.047618
-20.417877	-135.880707	168.047624
-20.417891	-135.875784	166.047631
-20.428310	-135.891700	164.047694
-20.442917	-135.936825	162.048203
-20.462099	-136.020295	160.049946
-20.536831	-136.252725	158.063498
-20.716031	-136.835503	156.150288
-20.421472	-136.837744	154.150290
-20.390713	-136.778474	152.151168
-20.392984	-136.723745	150.151917
-20.394100	-136.671245	148.152606
-20.395409	-136.621365	146.153229
-20.393957	-136.568580	144.153925
-20.393515	-136.514911	142.154646
-20.386213	-136.446647	140.155812
-20.383512	-136.372984	138.157169
-20.385580	-136.303452	136.158378
-20.389461	-136.241679	134.159332
-20.389499	-136.179983	132.160284
-20.391792	-136.122871	130.161099
-20.396429	-136.075028	128.161672
-20.390389	-136.015110	126.162569
-20.394564	-135.963539	124.163234
-20.394823	-135.912486	122.163886
-20.389721	-135.851233	120.164824
-20.389819	-135.790176	118.165757
-20.391899	-135.733277	116.166566
-20.390844	-135.674269	114.167437
-19.605446	-134.946607	113.481501
-18.820047	-133.802381	113.515275
-18.034649	-132.430509	114.970598
-17.251573	-132.484875	116.969859
-17.261146	-132.520101	118.969548
-17.275639	-132.526343	120.969539
-17.289682	-132.504499	122.969419
-17.285157	-132.491704	124.969378
-17.267640	-132.513942	126.969254
-17.262013	-132.547432	128.968974
-17.262583	-132.579784	130.968712
-17.258874	-132.619553	132.968316
-17.255403	-132.666261	134.967771
-17.254250	-132.715275	136.967170
-17.252382	-132.768024	138.966474
-17.250832	-132.823871	140.965694
-17.251587	-132.878210	142.964956
-17.248919	-132.937882	144.964066
-17.236903	-133.021571	146.962314
-17.221785	-133.135458	148.959069
-17.199815	-133.293183	150.952839
-17.170414	-133.509451	152.941112
-17.277879	-133.511213	154.941111
-17.275097	-133.518537	156.941098
-17.279147	-133.517761	158.941098
-17.298263	-133.478756	160.940717
-17.303174	-133.429932	162.940121
-17.305839	-133.375779	164.939387
-17.318033	-133.297252	166.937845
-17.332544	-133.189735	168.934953
-17.345906	-133.055543	170.930446
-17.320677	-132.971733	172.928689
-17.277589	-132.974074	174.928687
-17.271501	-132.988591	176.928635
-17.273883	-132.998344	178.928611
-17.272986	-133.009892	180.928577
-17.272098	-133.023215	182.928533
-17.282336	-133.016062	184.928520
-17.285322	-133.002938	186.928477
-17.285975	-132.988506	188.928425
-17.283110	-132.979805	190.928406
-17.279983	-132.977358	192.928404
-17.272436	-132.990006	194.928364
-17.285800	-132.975925	196.928315
-17.311939	-132.909578	198.927214
-17.204122	-133.058715	200.921646
-17.989520	-131.753894	202.437377
-18.774918	-129.759463	202.586514
-19.560316	-129.001597	201.934104
-20.345714	-128.927028	200.936888
-21.131113	-130.231848	199.421156
-21.916511	-132.226280	199.272019
-22.701909	-133.742012	200.576839
-23.487307	-133.839727	201.883603
-24.272704	-133.187318	202.641470
-25.058102	-132.190101	202.716040
-25.843500	-130.674367	201.411222
-26.628898	-130.525227	199.416790
-26.734679	-130.587499	197.417760
-26.733525	-130.647465	195.418660
-26.732272	-130.704927	193.419485
-26.729609	-130.757064	191.420165
-26.731064	-130.812109	189.420923
-26.737336	-130.879693	187.422065
-26.733039	-130.938687	185.422935
-26.725407	-130.982422	183.423414
-26.708959	-130.993264	181.423443
-26.679002	-130.944197	179.424045
-26.602377	-130.742221	177.434270
-26.436358	-130.214197	175.505231
-26.789025	-130.384963	173.512535
-26.746236	-130.470333	171.514358
-26.776390	-130.615909	169.519663
-26.621297	-130.452230	167.533914
-26.796906	-130.638697	165.542625
-26.809380	-130.849986	163.553817
-26.826221	-131.094737	161.568850
-26.840676	-131.368156	159.587627
-26.840762	-131.641744	157.606428
-26.810433	-131.855129	155.617844
-26.775471	-131.998871	153.623017
-26.778285	-132.148226	151.628601
-26.814944	-132.370031	149.645890
-26.782516	-132.527823	147.652124
-26.778193	-132.676995	145.657695
-26.779447	-132.828669	143.663455
-26.779260	-132.979970	141.669186
-26.773215	-133.119213	139.674039
-26.773052	-133.258130	137.678869
-26.767918	-133.386801	135.683013
-26.765239	-133.510125	133.686819
-26.763457	-133.629893	131.690408
-26.765693	-133.754124	129.694270
-26.773446	-133.893827	127.699156
-26.777835	-134.042286	125.704673
-26.778893	-134.192853	123.710350
-26.781641	-134.348901	121.716447
-26.780417	-134.502509	119.722354
-26.780976	-134.657231	117.728348
-26.780868	-134.811737	115.734325
-25.995469	-134.161369	114.974705
-25.210071	-133.164357	114.897452
-24.424673	-131.645117	116.198187
-23.639275	-131.490611	118.192210
-23.540308	-131.533881	120.191742
-23.560046	-131.537678	122.191738
-23.576730	-131.508109	124.191519
-23.549743	-131.532513	126.191370
-23.536586	-131.583226	128.190727
-23.539239	-131.628634	130.190212
-23.538940	-131.674641	132.189682
-23.538399	-131.721728	134.189128
-23.536870	-131.771872	136.188499
-23.538051	-131.819655	138.187928
-23.537019	-131.869501	140.187307
-23.536807	-131.919772	142.186675
-23.534133	-131.975390	144.185901
-23.521650	-132.055958	146.184278
-23.509647	-132.160506	148.181543
-23.494128	-132.296035	150.176946
-23.470293	-132.479083	152.168551
-23.499268	-132.604355	154.164624
-23.552572	-132.623101	156.164536
-23.544748	-132.657493	158.164241
-23.548291	-132.684801	160.164054
-23.553706	-132.701278	162.163986
-23.562787	-132.699594	164.163985
-23.573231	-132.677022	166.163858
-23.586853	-132.627212	168.163238
-23.613791	-132.523566	170.160550
-23.607764	-132.431961	172.158451
-23.551880	-132.452091	174.158350
-23.538148	-132.499681	176.157784
-23.539592	-132.544383	178.157284
-23.540697	-132.586876	180.156832
-23.538618	-132.633526	182.156288
-23.535518	-132.686374	184.155590
-23.537368	-132.735523	186.154986
-23.537953	-132.783501	188.154410
-23.536421	-132.834544	190.153759
-23.540127	-132.878176	192.153283
-23.532381	-132.937295	194.152409
-23.548002	-132.965180	196.152214
-23.615203	-132.858715	198.149378
-23.498891	-132.984740	200.145404
-23.376340	-133.293614	201.790399
-24.161734	-132.729145	202.615854
-24.947132	-131.746321	202.800400
-25.732530	-130.920866	202.235931
-26.517928	-130.736321	201.253107
-27.303326	-131.300790	200.427651
-28.088725	-132.910530	200.125389
-28.874123	-133.864779	200.777930
-29.659521	-134.049324	201.760754
-30.444918	-133.484856	202.586210
-31.230316	-132.502032	202.770757
-32.015714	-131.676576	202.206290
-32.801112	-131.492029	201.223466
-33.586510	-132.056496	200.398010
-33.002803	-132.088655	198.398269
-33.002752	-132.120711	196.398526
-32.996069	-132.139404	194.398613
-32.994446	-132.154850	192.398673
-32.990906	-132.163218	190.398691
-32.995141	-132.180053	188.398762
-32.995820	-132.198247	186.398844
-32.992548	-132.209897	184.398878
-32.982941	-132.202334	182.398893
-32.962291	-132.153476	180.399490
-32.929993	-132.040078	178.402707
-32.900124	-131.867097	176.410202
-33.012900	-131.919446	174.410887
-33.053141	-132.052185	172.415297
-33.303406	-132.675018	170.514750
-33.048568	-132.798630	168.518574
-33.059790	-132.944635	166.523910
-33.068277	-133.107564	164.530558
-33.076325	-133.286528	162.538581
-33.103623	-133.519795	160.552231
-33.149415	-133.843746	158.578641
-33.250703	-134.365596	156.647923
-33.982662	-136.044136	155.560494
-33.197264	-136.462114	153.604658
-32.986657	-136.461982	151.604658
-32.979268	-136.447073	149.604714
-32.981357	-136.436342	147.604742
-32.984657	-136.432211	145.604747
-32.983815	-136.426395	143.604755
-32.980786	-136.414522	141.604791
-32.974910	-136.390897	139.604930
-32.968369	-136.354191	137.605267
-32.963031	-136.306811	135.605828
-32.969143	-136.271654	133.606137
-32.972679	-136.243567	131.606335
-32.974131	-136.218383	129.606493
-32.969215	-136.183370	127.606800
-32.960996	-136.131922	125.607462
-32.954878	-136.068242	123.608476
-32.955700	-136.006207	121.609438
-32.949831	-135.932439	119.610799
-32.942875	-135.844772	117.612722
-32.954209	-135.779755	115.613779
-32.168811	-135.050035	114.930032
-31.383413	-133.504424	114.980304
-30.598015	-132.136931	116.439743
-29.812644	-132.201892	118.438688
-29.821194	-132.249759	120.438115
-29.835812	-132.268396	122.438028
-29.843448	-132.271759	124.438025
-29.826857	-132.308304	126.437691
-29.816389	-132.365778	128.436865
-29.812902	-132.430224	130.435827
-29.814239	-132.491997	132.434873
-29.810210	-132.561824	134.433653
-29.813242	-132.625590	136.432636
-29.813350	-132.689139	138.431626
-29.815701	-132.747989	140.430760
-29.811638	-132.814961	142.429639
-29.807040	-132.891123	144.428188
-29.804182	-132.972996	146.426511
-29.785260	-133.092665	148.422928
-29.760566	-133.261592	150.415781
-29.727027	-133.497249	152.401849
-29.774591	-133.638210	154.396874
-29.842533	-133.643405	156.396868
-29.830308	-133.673049	158.396648
-29.846142	-133.671025	160.396647
-29.854270	-133.652746	162.396563
-29.860045	-133.622917	164.396341
-29.873544	-133.566096	166.395533
-29.892199	-133.471993	168.393318
-29.910502	-133.341342	170.389046
-29.899107	-133.233439	172.386133
-29.856177	-133.211346	174.386011
-29.842068	-133.217471	176.386002
-29.841395	-133.224941	178.385988
-29.838243	-133.238716	180.385940
-29.846114	-133.236749	182.385939
-29.845172	-133.236665	184.385939
-29.849656	-133.227614	186.385919
-29.852526	-133.212822	188.385864
-29.846611	-133.209861	190.385862
-29.860033	-133.180056	192.385639
-29.865434	-133.139451	194.385227
-29.865910	-133.097894	196.384795
-29.944169	-132.900141	198.374995
-29.734828	-133.120298	200.362840
-29.712255	-133.285981	201.602398
-29.428885	-133.690309	202.517012
-28.643487	-134.622942	202.877838
-27.858089	-135.537556	202.473509
-27.072691	-135.898382	201.540876
-26.287293	-135.494054	200.626262
-25.501895	-133.949601	200.028729
-24.716497	-132.787964	200.542261
-23.931099	-132.427138	201.474894
-23.145700	-132.831466	202.389508
-22.360302	-133.764099	202.750334
-21.574904	-134.678713	202.346006
-20.789506	-135.039539	201.413373
-20.004108	-134.635211	200.498759
-20.579313	-134.951795	198.523974
-20.414200	-134.939490	196.524012
-20.411996	-134.922777	194.524082
-20.408477	-134.899026	192.524223
-20.410773	-134.879869	190.524315
-20.409412	-134.857989	188.524435
-20.403623	-134.824533	186.524714
-20.395571	-134.774977	184.525329
-20.386859	-134.708002	182.526450
-20.378281	-134.623885	180.528220
-20.370486	-134.524193	178.530706
-20.381572	-134.446651	176.532210
-20.411093	-134.428133	174.532296
-20.435360	-134.458148	172.532521
-20.435120	-134.487683	170.532739
-20.434750	-134.516477	168.532947
-20.440623	-134.557016	166.533358
-20.453401	-134.623102	164.534450
-20.466412	-134.715189	162.536571
-20.488776	-134.851930	160.541251
-20.549671	-135.109847	158.557951
-20.721790	-135.703633	156.648130
-21.124515	-136.998425	155.123822
-20.388790	-136.935311	153.124818
-20.391828	-136.878270	151.125632
-20.396015	-136.829600	149.126224
-20.397048	-136.782996	147.126767
-20.403706	-136.749705	145.127045
-20.404868	-136.718738	143.127284
-20.401004	-136.680044	141.127659
-20.392820	-136.624986	139.128417
-20.388930	-136.562151	137.129404
-20.392033	-136.505521	135.130206
-20.392485	-136.449794	133.130983
-20.391126	-136.391350	131.131837
-20.400349	-136.351346	129.132237
-20.398842	-136.308330	127.132700
-20.388567	-136.244770	125.133710
-20.564588	-136.532155	123.155082
-20.371243	-136.433976	121.157493
-20.373858	-136.341022	119.159654
-20.378729	-136.257799	117.161387
-20.378957	-136.175032	115.163100
-19.593559	-135.439269	114.485862
-18.808161	-133.440982	114.568629
-18.022762	-132.086505	116.040156
-17.259789	-132.124444	118.039795
-17.268048	-132.145867	120.039681
-17.284671	-132.134044	122.039646
-17.294437	-132.102690	124.039400
-17.277125	-132.105959	126.039397
-17.261888	-132.139702	128.039112
-17.257637	-132.181944	130.038666
-17.256352	-132.226754	132.038164
-17.254075	-132.276119	134.037555
-17.249857	-132.333916	136.036719
-17.250544	-132.390339	138.035923
-17.254329	-132.439195	140.035326
-17.251820	-132.493068	142.034601
-17.253006	-132.544570	144.033937
-17.248811	-132.604458	146.033041
-17.233705	-132.694537	148.031011
-17.211412	-132.829131	150.026477
-17.176488	-133.033319	152.016026
-17.198046	-133.194571	154.009515
-17.283417	-133.185256	156.009493
-17.276234	-133.190307	158.009487
-17.276070	-133.195687	160.009480
-17.280855	-133.191496	162.009475
-17.283572	-133.181871	164.009452
-17.292754	-133.153882	166.009256
-17.308746	-133.093919	168.008357
-17.328244	-132.994991	170.005908
-17.332148	-132.888265	172.003059
-17.283892	-132.878001	174.003032
-17.263822	-132.907876	176.002809
-17.263920	-132.937553	178.002589
-17.261792	-132.971486	180.002301
-17.270429	-132.988147	182.002231
-17.272768	-133.000130	184.002196
-17.270593	-133.016463	186.002128
-17.276802	-133.020379	188.002124
-17.280736	-133.016427	190.002120
-17.279992	-133.013962	192.002119
-17.288172	-132.995137	194.002030
-17.281586	-132.989485	196.002022
-17.266637	-133.013729	198.001875
-17.242546	-133.086140	200.000564
-17.246883	-133.137501	201.611264
-16.461485	-133.866785	202.295475
-17.246881	-133.898658	203.294968
-18.032279	-133.214448	204.024253
-18.817677	-132.214955	204.056126
-19.603075	-131.448685	203.337218
-20.388473	-131.398315	201.757729
-21.173871	-132.311371	200.784521
-21.959269	-133.310863	200.752647
-22.744667	-134.040150	201.436857
-23.530065	-134.072024	202.436349
-24.315463	-133.387815	203.165636
-25.100860	-132.388322	203.197511
-25.886258	-131.659032	202.513301
-26.671656	-131.627156	201.513809
-27.457054	-132.311366	200.784520
-28.242452	-133.310859	200.752643
-29.027851	-134.040146	201.436851
-29.813248	-134.072023	202.436344
-30.598646	-133.387816	203.165632
-31.384044	-132.388324	203.197508
-32.169442	-130.929748	201.829094
-32.954840	-130.865994	199.830111
-33.023084	-130.938700	197.831433
-33.015207	-130.995660	195.832244
-33.012582	-131.047371	193.832913
-33.007049	-131.088022	191.833326
-33.000527	-131.115629	189.833517
-33.004338	-131.150857	187.833827
-32.997056	-131.171523	185.833934
-32.994198	-131.186473	183.833990
-32.979185	-131.171398	181.834046
-32.949517	-131.097003	179.835431
-32.880999	-130.885950	177.846598
-32.743852	-130.404970	175.905294
-33.051648	-130.534730	173.909508
-33.006126	-130.573533	171.909885
-33.040738	-130.681510	169.912802
-33.063100	-130.834116	167.918632
-32.949753	-130.760367	165.924667
-33.085162	-130.956928	163.934349
-33.091482	-131.166063	161.945314
-33.106376	-131.404800	159.959614
-33.124435	-131.679354	157.978549
-33.107217	-131.919758	155.993050
-33.032725	-132.011542	153.999256
-33.061836	-132.161628	152.004896
-33.076765	-132.341034	150.017824
-33.054620	-132.476724	148.022432
-33.058251	-132.619659	146.027546
-33.063114	-132.772291	144.033379
-33.069237	-132.937133	142.040184
-33.065287	-133.094100	140.046353
-33.068398	-133.257267	138.053020
-33.058722	-133.401141	136.058202
-33.057769	-133.543114	134.063247
-33.051014	-133.671609	132.067379
-33.053551	-133.805165	130.071844
-33.050062	-133.931758	128.075854
-33.060610	-134.079397	126.081311
-33.067110	-134.239999	124.087770
-33.067867	-134.402110	122.094350
-33.067799	-134.564086	120.100920
-33.071272	-134.732983	118.108065
-33.064747	-134.888873	116.114150
-33.850145	-135.648945	115.464310
-34.635544	-137.642857	115.620200
-35.420942	-138.942537	117.140342
-36.178444	-138.842321	119.137830
-36.169411	-138.760154	121.136141
-36.148975	-138.718838	123.135714
-36.163253	-138.648978	125.134494
-36.178229	-138.549192	127.132003
-36.183330	-138.439218	129.128977
-36.180289	-138.335319	131.126276
-36.174992	-138.241999	133.124098
-36.167788	-138.163074	135.122540
-36.166958	-138.085808	137.121047
-36.180172	-137.982141	139.118358
-36.193906	-137.851055	141.114058
-36.192597	-137.722581	143.109927
-36.189756	-137.599777	145.106153
-36.194189	-137.468125	147.101816
-36.194777	-137.335300	149.097400
-36.188460	-137.215084	151.093784
-36.159410	-137.152904	153.092817
-36.071296	-137.259077	154.952839
