0.002682
0.005934
0.014992
0.025321
0.039414
0.060676
0.093941
0.130673
0.171852
0.219514
0.268648
0.291623
0.273451
0.239240
0.180260
0.139968
0.111014
0.086516
0.070842
0.059632
0.052709
0.049463
0.050452
0.065192
0.101412
0.150469
0.189483
0.229168
0.268465
0.340923
0.406837
0.522220
0.627678
0.741075
0.823456
0.919125
0.987758
1.051210
1.198327
1.308955
1.468241
1.542858
1.592306
1.644525
1.731231
1.797933
1.953900
2.038999
2.169085
2.345435
2.502976
2.653034
2.796642
2.981328
3.167748
3.321186
3.534940
3.716041
3.941927
4.122092
4.344820
4.431819
4.615005
4.769885
4.928604
5.048936
5.165200
5.158880
5.197470
5.232246
5.266059
5.311177
5.343898
5.385258
5.426940
5.476624
5.520885
5.564097
5.637311
5.710808
5.647610
5.548765
5.464410
5.387362
5.254363
5.117150
4.965066
4.815995
4.694955
4.549768
4.391228
4.254254
4.100894
3.954554
3.808262
3.693937
3.587571
3.494014
3.479754
3.530468
3.585459
3.630046
3.661482
3.687153
3.728706
3.765510
3.809148
3.867553
3.836274
3.799991
3.757563
3.712053
3.680447
3.638609
3.689155
3.779858
3.855897
3.912640
3.986407
4.062729
4.149266
4.240385
4.361502
4.486383
4.608506
4.721487
4.770915
4.822286
4.875333
4.932668
5.002277
5.064575
5.119975
5.175593
5.238376
5.350126
5.490987
5.638652
5.772530
5.899038
6.001033
6.069119
6.052862
5.984952
5.918839
5.828251
5.752796
5.670758
5.596889
5.524197
5.456190
5.392335
5.334651
5.287131
5.236310
5.195697
5.164521
5.132545
5.085607
5.044196
5.012197
4.977259
4.879691
4.745001
4.645150
4.551513
4.451259
4.351345
4.246874
4.139842
4.049031
3.961763
3.862314
3.777162
3.679189
3.585113
3.505639
3.435998
3.367188
3.290289
3.211402
3.147599
3.062821
2.994542
2.928915
2.862690
2.793238
2.740130
2.687652
2.633292
2.583864
2.536741
2.495329
2.458161
2.430856
2.402758
2.378017
2.361664
2.345367
2.333139
2.335037
2.340690
2.344160
2.356131
3.431894
2.344837
2.340733
1.400938
1.133217
0.777246
0.657441
0.662412
0.760040
0.846341
1.071338
0.950375
1.054435
1.247357
1.432261
1.670743
1.703497
1.618363
1.655550
1.763853
1.895103
2.045069
2.164590
2.295069
2.366282
2.339480
2.317142
2.252900
2.216266
2.162669
2.116020
2.079824
2.061098
2.037613
2.127008
2.212605
2.344529
2.461150
2.594040
2.743913
2.844694
2.855516
2.883836
2.938637
2.970973
3.023221
3.082967
3.168771
3.222378
3.322790
3.443822
3.558771
3.650965
3.927223
4.229358
4.533657
4.788382
5.113281
5.320606
5.610514
5.762556
5.900628
5.994261
6.127711
6.272507
6.385103
6.581665
6.733753
6.963393
7.173505
7.299139
7.497982
7.799871
8.063332
8.345962
8.539054
8.815441
9.102156
9.409559
9.712250
10.065875
10.348255
10.437106
10.581636
10.698442
10.849862
11.012751
11.220377
11.458200
11.609915
11.806216
12.021695
11.926808
11.639503
11.244966
10.885022
10.495425
10.092686
9.802401
9.361995
9.163885
8.786342
8.130211
8.023114
8.020779
7.392302
7.080977
6.820671
6.710146
6.280104
5.946206
5.494489
5.256788
5.211375
4.889151
4.912300
4.457565
4.054360
3.639149
3.380504
3.221640
2.979092
2.974034
1.456917
1.804387
2.616300
2.987047
2.397307
3.147245
3.262396
3.075830
3.086083
2.821220
2.768690
2.460542
2.314968
2.561391
2.527516
2.814624
2.927535
2.752851
2.982798
3.046151
3.254113
3.472395
3.699942
3.909786
4.123926
4.352569
4.648269
4.913816
5.192073
5.371322
5.435765
5.469829
5.523907
5.633496
5.627364
5.740957
5.890765
5.996392
6.108520
6.233776
6.373925
6.535712
6.711750
6.896082
7.092357
7.311317
7.570116
7.875992
8.222925
8.575327
8.948492
9.239851
9.746777
9.831968
9.593811
9.381527
9.188983
9.011352
8.855669
8.731857
8.631379
8.540555
8.488030
8.466745
8.478190
8.519165
8.596143
8.695468
8.835294
9.021900
9.245024
9.497724
9.806619
10.145685
10.523201
10.924444
10.686129
9.903545
9.077291
7.368928
6.656921
6.011653
5.649638
5.109807
4.796420
4.637914
4.378195
4.193968
3.947657
3.342307
3.267460
2.964332
2.958760
3.207482
3.188226
3.313414
2.377773
1.903588
2.018058
2.085066
2.391640
2.543662
2.939364
3.013801
2.969366
3.209252
3.171194
3.405572
3.164423
2.948476
2.862965
2.378563
2.417171
2.816407
2.972392
2.981782
3.267865
3.213100
3.087065
3.205622
3.476949
3.608752
3.969840
4.311623
4.695157
5.099016
5.509394
5.964264
6.460065
6.949538
7.501593
8.061706
8.620075
9.227689
9.832039
10.476017
11.129718
11.770813
12.455234
13.164590
13.863191
14.669064
14.994796
15.062705
14.558864
13.890118
13.220995
12.581974
11.959798
11.358619
10.790350
10.257034
9.719449
9.218613
8.716895
8.200921
7.711024
7.219782
7.014079
6.528281
6.310971
5.870168
5.605225
5.214926
4.877510
4.588978
4.018611
4.426429
3.476434
3.510443
3.116361
2.668341
2.457130
2.745524
2.901142
2.975391
2.898780
2.997142
3.125473
3.255301
3.422034
3.583926
3.738986
3.941903
4.117050
4.261534
4.357835
4.367377
4.377193
4.319562
4.292785
4.293353
4.365334
4.437313
4.416066
4.416776
4.400704
4.569197
4.715112
4.827222
4.940132
5.078437
5.292776
5.416161
5.560425
5.798891
5.987204
6.236171
6.540219
6.725179
6.926708
7.159419
7.366699
7.556505
7.587429
7.574722
7.512501
7.426157
7.399772
7.185863
7.044880
7.132007
7.093764
6.775633
6.730923
6.473410
6.672883
6.610683
6.722128
6.954525
7.097207
7.279492
7.306594
7.409558
7.617121
7.844010
7.907670
8.197342
8.147841
8.395627
8.299864
8.353402
8.383357
8.412884
8.482388
8.519354
8.533518
8.571191
8.629930
8.655470
8.800074
9.001233
9.202342
9.371316
9.423112
9.558977
9.553056
9.676420
9.807558
9.894427
10.144235
10.274750
10.117741
10.056087
9.908689
9.866124
9.761770
9.570637
9.419610
9.157644
8.868444
8.639648
8.461994
8.416751
8.356896
8.454118
8.259265
8.138395
8.008729
7.758609
7.483028
7.616896
7.597492
7.111482
6.752305
6.395564
6.372001
5.995692
5.977422
5.785792
5.861155
5.783266
5.691234
5.184431
5.262359
5.031056
4.970162
4.708176
5.108848
4.881228
4.741798
4.513637
4.335140
4.065077
3.757669
3.421765
3.473121
3.411003
3.541621
3.492167
3.498506
3.694996
3.774279
3.869680
3.936181
4.005435
4.097525
4.202944
4.306104
4.412320
4.534122
4.667558
4.814327
4.960510
5.094982
5.235804
5.382269
5.544558
5.701877
5.869387
6.086700
6.323883
6.555107
6.788499
7.035130
7.265253
7.499765
7.736667
8.014320
8.299392
8.601809
8.924076
9.268717
9.692521
9.817252
9.764796
9.468053
9.129559
8.766211
8.338292
7.924330
7.533376
7.178048
6.806109
6.416697
6.073140
5.747197
5.454442
5.169464
4.849761
4.549857
4.260325
3.944867
3.640740
3.345941
3.040114
2.749423
2.502894
2.264985
2.023425
1.801013
1.573879
1.357652
1.378893
1.501680
2.144354
2.828483
2.599416
2.679490
2.265642
2.563739
2.922024
3.128646
3.239790
3.361343
3.495836
3.633902
3.772164
3.947585
4.115174
4.287750
4.493697
4.690335
4.904694
5.126078
5.383436
5.649491
5.938819
6.255661
6.593035
6.955081
7.344505
7.738722
8.130390
8.512596
8.918120
9.351865
9.819220
10.289815
10.777099
11.277635
11.832594
12.374419
12.929040
13.484032
13.706100
13.777334
13.531777
13.037888
12.590762
12.107818
11.655722
11.207604
10.775712
10.315584
9.861525
9.390968
8.948721
8.522706
8.102657
7.705650
7.303504
6.878995
6.474441
6.104013
5.753907
5.395793
5.069466
4.743598
4.444768
4.165347
3.885172
3.624032
3.357239
3.119977
2.907025
2.704476
3.299007
3.723950
3.237401
3.355647
3.344868
2.395750
2.366353
2.453067
3.013415
3.351896
3.537763
3.715530
3.831091
3.938339
4.320101
4.637667
4.470006
4.587214
4.794393
5.016036
5.284108
5.590344
5.916078
6.270697
6.604053
6.925045
7.287799
7.633881
8.001088
8.365375
8.754824
9.158384
9.605347
10.054802
10.517629
10.994353
11.496541
11.965133
12.405188
12.891772
13.412740
13.943517
14.518935
15.112052
15.762709
16.145944
16.104802
16.080978
16.072073
15.626048
15.024931
14.440249
13.872057
13.352552
12.841564
12.388852
11.988752
11.627933
11.204017
10.808524
10.425896
10.089123
9.776069
9.469945
9.176741
8.888207
8.601942
8.328141
8.089693
7.852673
7.207929
6.778656
5.898228
4.861567
3.899433
3.606011
3.672321
3.326718
2.529489
2.204063
1.908046
2.163598
2.046780
2.007540
2.216946
2.264832
2.319387
2.418198
2.520773
2.626085
2.758453
2.861090
3.002871
3.129290
3.263359
3.393236
3.522372
3.674222
3.823198
3.971379
4.110499
4.222196
4.339737
4.455782
4.567205
4.652560
4.752081
4.837608
4.921809
5.023379
5.127318
5.245629
5.273558
5.601929
4.928258
5.702438
6.043490
6.620290
6.569085
6.986407
6.777644
7.080105
7.279039
7.451214
7.025823
7.601771
8.370111
8.470680
9.051368
9.432575
9.346635
9.858027
9.920374
9.939804
10.255131
10.512302
11.144495
11.718373
12.254319
12.260556
11.906721
11.819947
11.723380
11.722822
12.800291
13.009459
13.529283
13.189885
12.796517
13.658392
13.523265
13.539137
13.604054
13.505472
12.759270
12.508659
12.928293
12.877746
13.585632
13.661189
13.837373
13.937488
14.119155
13.732420
13.873408
13.729779
13.834629
13.765424
13.807914
13.757396
13.758662
13.771798
13.811661
13.646090
13.619348
13.584165
13.555962
13.472418
13.488376
13.397715
12.627403
14.759131
15.542100
15.590895
16.225915
15.468035
14.525210
14.523948
13.251749
14.364503
12.718502
11.968487
12.131392
12.759725
12.670113
12.520179
12.665794
12.611213
12.846768
12.828745
12.575723
12.590823
12.595472
12.529604
12.495400
12.488950
12.518168
12.604408
12.669031
12.782682
12.856105
13.095704
13.539757
13.678819
13.951466
14.019214
14.408853
14.898466
15.006792
15.201519
15.447412
15.599670
15.833018
15.888845
16.310428
16.630691
16.711558
16.619419
16.695151
16.634640
16.453783
16.540856
16.989349
17.719664
18.032731
18.019446
18.247766
18.754340
19.366459
19.902965
20.431334
20.802701
21.283036
21.115678
20.796427
20.621382
20.523118
20.208393
19.854137
19.719554
19.438724
18.915162
18.575401
18.329551
18.019857
17.710175
17.532378
17.292155
16.904622
16.689398
16.511805
16.916098
16.578135
16.498067
16.493235
16.648449
16.176465
16.126863
15.884426
15.812259
15.531562
15.680036
15.481801
14.923324
14.347276
13.759280
13.298306
13.218111
12.915220
13.088651
12.849531
12.980958
13.051768
13.332638
13.635563
13.636494
13.983900
14.592440
14.809780
15.324168
15.775981
16.202150
16.181609
16.311788
16.439215
16.939211
17.132695
17.249280
17.566835
17.903019
18.028960
18.305637
18.593196
19.131476
19.398707
19.494647
19.539769
19.972401
19.700890
20.232784
20.447857
20.406548
20.091209
19.976798
19.953356
19.919143
19.777252
19.667709
19.615199
19.558282
19.471230
19.506009
19.510308
19.267889
18.644002
19.084710
18.696770
18.287290
18.354525
18.993567
18.847817
18.990360
18.854816
19.265910
19.279181
19.403761
19.565522
20.050359
19.967906
20.397317
20.499602
20.489754
20.569348
20.812389
21.153853
21.326327
21.234561
21.341174
21.381333
21.336259
21.372341
21.578958
21.521715
21.781989
21.852445
21.871498
22.016645
22.197319
22.246049
22.388724
22.582027
22.710558
22.889502
23.082796
23.210224
23.294763
23.352396
23.313433
23.072049
22.772410
22.591498
22.269556
22.145385
21.901333
21.749819
21.607995
21.412857
21.045027
21.291211
20.927729
21.261187
21.300592
21.001264
20.681734
20.864618
20.524873
19.499019
18.308663
17.891727
17.270725
17.194237
16.536876
16.695563
16.533910
16.222158
15.982529
15.736813
15.358979
15.420788
15.585009
16.072699
16.419037
16.744380
17.063307
17.291077
17.608025
18.068743
18.605463
18.703386
18.818070
19.457818
20.121615
20.927801
21.144630
21.366157
21.890812
21.831905
22.141139
22.403544
23.027936
23.461648
23.910176
24.197103
24.540465
24.951557
25.670452
25.991674
26.144211
26.264150
26.848886
26.608174
26.181886
26.246429
26.313613
26.328177
26.825863
25.613804
25.296914
24.888770
24.619009
24.364695
24.619051
24.450554
24.535020
24.437215
24.241534
23.761180
23.487574
23.175332
23.201131
22.904331
22.581168
22.541960
22.229476
21.845220
21.600461
21.094428
20.845975
20.907138
20.701795
20.125365
20.083537
19.501268
18.990288
19.296658
19.335426
19.484812
19.889869
20.057886
20.437688
20.698853
20.928024
21.239447
21.485018
21.767626
21.826507
22.006692
22.774124
23.336878
23.766417
23.912321
23.993451
23.998457
23.924355
23.670663
23.329747
23.262208
23.066019
22.940100
22.758587
22.701773
22.570176
22.454661
21.720097
21.655986
21.560256
21.147308
21.108905
20.700469
20.541112
19.892640
19.382861
19.250238
19.254015
19.367357
18.903580
18.640427
18.041562
17.733640
17.477457
17.675396
16.658545
15.941000
15.322773
16.034476
15.664649
15.325157
14.794079
15.199481
14.910444
14.776268
14.745137
14.433358
14.213740
13.475625
12.712927
12.277886
12.497760
12.037591
12.116616
12.354772
12.695479
12.925765
13.128601
13.358940
13.528211
13.758854
13.943176
14.306197
14.511040
14.620002
14.648983
15.251364
15.455937
15.639360
16.159830
16.554482
16.752659
16.525221
16.716484
17.159297
18.094285
18.320985
18.257920
18.619063
19.007047
19.161885
19.501193
19.307662
19.272115
19.360689
19.753210
20.152543
20.343831
20.872116
21.169564
21.514918
21.678123
22.116004
22.522883
22.776528
22.638181
22.915743
23.066096
23.316237
23.146582
23.130569
23.007850
23.066190
23.309050
23.463048
23.530308
23.612386
23.696687
23.676600
23.474248
23.093996
22.844903
22.588324
22.457220
22.404936
22.441689
22.336441
22.333198
22.008791
22.069175
21.535573
21.390900
21.011551
21.120528
21.126314
20.550502
20.306867
19.982722
19.615845
19.343005
19.261472
19.204001
19.143846
18.977808
18.466864
18.143029
18.553371
18.885832
19.318443
19.676071
20.072178
20.724287
21.164349
21.777069
22.409727
22.577319
23.012688
23.476555
23.940037
24.389350
24.334763
24.630900
24.909870
25.161161
25.623762
26.074068
26.288980
26.304797
26.772931
26.981517
27.138860
27.026858
26.922298
27.316200
27.495055
27.396473
27.059129
27.125494
26.856534
26.690528
26.493397
26.563176
26.523559
26.403466
26.250024
25.949786
26.026862
25.958915
25.933549
26.130832
26.453084
26.832657
27.072401
27.252692
27.109550
26.879443
26.581390
26.308980
26.012863
25.697267
25.365112
24.979641
24.810438
24.262381
24.789740
24.602334
24.680417
24.292864
24.316366
24.518216
23.915786
23.369875
23.457504
23.463512
23.689493
23.453954
22.914362
21.887235
21.319080
21.390799
21.319952
20.968314
20.783899
20.573357
20.550022
20.061372
19.880010
19.349152
19.490942
19.749163
20.009074
20.307457
20.679640
20.971649
21.295602
21.527563
21.822356
22.019280
22.302496
22.298478
22.540832
22.741954
23.299469
23.608591
24.052343
24.106895
24.589623
24.680520
24.623205
24.877932
25.397436
25.618831
25.918698
25.870986
26.450058
26.807459
27.198453
27.503379
27.563433
27.982197
28.180012
28.161541
28.046854
28.511558
28.931463
28.842506
29.083052
29.411472
29.599077
29.867078
29.864148
29.869265
30.648388
31.015033
31.527273
31.867527
31.890013
32.037575
32.187259
32.036611
31.852634
31.743937
31.455574
31.266695
30.914206
30.459811
30.127321
29.828890
29.636580
29.165892
28.815300
28.642751
28.416805
27.308764
26.682896
26.394382
26.320956
26.156601
25.276305
25.616308
25.032058
24.639975
24.582867
24.213200
23.899014
23.483321
23.214903
22.878842
22.410546
21.839089
21.669030
21.448685
20.993287
20.882824
20.931644
20.484082
20.722961
20.312065
19.873565
19.661520
19.453077
19.132833
18.720134
18.794233
18.969853
18.839369
18.963134
19.296735
19.566359
19.564758
19.730331
19.739320
19.860303
20.147523
20.506590
20.947590
21.236161
21.834172
21.956119
22.182078
22.844306
23.123266
23.113733
22.935247
22.961232
22.934182
23.477099
23.421856
23.856882
24.235211
24.230051
24.575467
25.113015
25.371931
25.830463
26.282701
26.556330
27.007139
27.323879
26.915935
26.788959
26.811172
27.479713
27.874767
28.625721
28.454796
29.404070
29.426254
30.824753
31.178704
30.985813
30.643902
30.237976
30.029716
30.241695
30.698856
31.565339
31.692353
31.516111
30.843928
30.407639
30.061186
29.712964
29.456732
29.628907
29.386323
29.062845
28.529462
28.152083
28.293427
27.553271
26.732509
26.088978
25.671966
25.797468
25.697644
25.033656
24.790255
24.997524
25.029419
24.789417
24.359246
24.115032
23.695136
23.558862
23.367710
22.713818
22.537293
22.298755
21.742596
21.455194
20.868374
20.703226
20.522221
20.406796
20.600226
20.359183
20.110345
19.821564
19.622211
19.615027
19.438147
19.389595
18.833157
19.190194
19.047193
19.205984
19.179493
19.083780
19.128336
19.253094
19.376347
19.380726
19.558505
19.811582
19.886991
19.938118
19.721755
19.974732
20.538986
20.880187
21.111059
21.388634
22.065596
22.535906
22.814752
23.237857
23.725522
23.554850
24.060389
24.262772
24.781323
25.329334
25.416701
25.606055
25.919302
26.119085
26.463852
26.841538
26.959318
27.161821
27.537205
28.047880
28.255672
27.762057
27.756460
27.584627
28.964538
28.860162
28.929075
28.856331
28.676015
28.507782
28.442045
28.623943
28.869502
29.067972
29.152148
29.075689
28.815204
28.644628
28.566749
28.241129
27.871862
27.490565
27.343681
27.079227
27.404848
27.057490
27.041907
26.712051
26.580681
26.495313
26.465248
26.362267
26.245202
26.139699
25.771516
25.548190
24.917027
24.953239
24.233793
24.085916
24.393073
24.505697
24.865246
24.286465
24.075470
23.901578
23.542403
23.514478
23.120370
22.811341
22.150222
22.066007
21.882403
21.470669
20.998793
20.793447
20.470534
20.243362
19.842305
19.312657
19.384374
19.397413
19.105950
19.036954
18.908256
19.279261
19.539844
19.695772
20.019229
20.375731
20.753258
21.058153
21.351396
21.570222
21.739832
21.759141
22.080241
22.348213
22.384785
23.094589
23.403852
23.931837
24.076084
24.770552
25.037044
25.242021
25.485817
25.810414
25.949117
26.072484
26.144531
26.191265
26.284632
26.622543
26.979733
27.593906
27.233658
27.553029
27.489738
27.454658
28.046094
27.778177
27.874482
28.180694
28.904930
29.428182
30.199700
30.533769
30.673998
30.890396
30.934782
30.782801
30.576723
30.345665
30.368162
30.794454
30.998684
31.174252
31.184891
31.095045
30.926101
30.710655
30.388265
30.079672
29.787113
29.647055
29.251760
28.794739
28.070296
27.707167
27.056033
26.562671
26.286780
26.267976
25.870453
25.560986
24.662849
24.802264
24.516386
23.885476
23.921224
23.834121
23.840795
23.999670
23.806917
23.495980
23.345117
23.243496
23.113828
22.997807
22.765004
22.363848
22.219411
21.788865
21.317812
21.244569
20.979099
20.496571
20.288175
20.335763
20.380485
20.357981
20.157538
19.843391
19.393307
19.017280
18.898152
19.083060
19.146157
19.254640
19.498406
19.653725
19.811181
19.908431
20.230405
20.424245
20.676831
20.813445
21.281905
21.398242
21.730851
21.994406
21.974720
22.663521
22.852789
22.908336
23.033930
23.441551
24.697316
25.190996
25.647395
26.210085
26.536579
26.472367
26.297143
26.567913
27.353311
27.369533
26.816431
26.805199
27.003236
26.985361
27.170172
27.654339
27.383073
28.118780
28.528165
28.867623
28.975478
29.892822
30.083265
30.280324
30.297115
30.197307
30.009325
29.802954
29.780982
29.925732
30.106611
30.224686
30.248981
30.202047
29.994300
29.889869
29.868637
29.998890
30.163170
30.296317
30.293780
30.229173
29.855362
29.501387
29.229514
29.004318
28.707422
28.262610
28.102850
27.488104
26.995351
26.596527
26.217872
25.520343
25.391324
24.956417
25.219015
24.818341
24.364093
23.621419
23.811128
23.444579
23.318302
22.980542
23.110250
23.225406
22.920505
22.594086
21.675006
21.610876
21.475502
21.557729
21.564095
21.794972
21.312854
21.098905
20.608483
20.525689
20.229473
19.934038
19.819804
19.568886
19.459879
19.681881
19.296238
19.208636
19.339260
19.303297
19.583924
19.808035
20.136884
20.453817
20.748593
21.062193
21.208578
21.517926
21.981195
22.537527
22.900025
23.265261
23.780833
23.957784
23.855813
23.928916
23.678627
23.767139
24.390754
24.384732
