0.000000	0.000000	0.000000
0.748554	0.731695	0.680277
1.532877	0.768591	1.680341
2.318257	-0.593636	3.147376
3.106237	-2.590731	3.223938
3.372878	-4.539019	2.763080
3.360277	-6.491400	2.321711
2.574105	-8.179924	3.386958
2.261929	-9.454667	4.922535
2.277795	-10.757521	6.434650
2.260078	-12.040990	7.966623
2.276147	-13.347274	9.478047
1.490425	-13.264820	10.477316
0.707448	-11.749836	11.769072
0.214845	-9.800175	12.198397
-0.380035	-7.951429	11.450644
-0.388811	-6.101638	10.695345
-0.348029	-4.227818	10.027177
-0.373337	-2.365536	9.292528
-0.273137	-0.441922	8.751014
-0.351271	1.433647	8.068300
-0.375743	3.294097	7.358726
-0.395294	5.144228	6.611795
-0.416689	6.976015	5.804906
0.367625	8.845194	6.541592
0.679578	10.392744	7.775406
0.742423	11.866531	9.114986
0.941485	13.030958	10.746507
0.150917	15.003735	11.069313
-0.076129	16.992178	10.924709
-0.193315	18.957706	10.528396
-0.246081	20.897219	10.044584
-0.279159	22.820672	9.467861
-0.269276	24.744661	8.930184
-0.326869	26.638063	8.281465
-0.332550	28.530146	7.644598
-0.205256	30.491137	7.249787
-0.270070	32.419160	6.736626
-0.302414	34.329903	6.164190
-0.323623	36.225740	5.516864
-0.334662	38.115654	4.862579
-0.353732	39.986575	4.151405
0.436042	41.805537	5.010243
0.820665	43.170276	6.491105
0.821631	44.528485	7.971241
0.820324	45.892693	9.434628
0.943608	47.063860	11.059998
0.155329	49.042696	11.362113
-0.283548	50.962449	10.821584
-0.304367	52.869238	10.225095
-0.291838	54.782554	9.642121
-0.337620	56.669411	8.973256
-0.342362	58.555150	8.301356
-0.344245	60.438654	7.632584
-0.345854	62.320345	6.950349
-0.347499	64.203042	6.269664
-0.343987	66.086012	5.602649
-0.345563	67.963574	4.916636
-0.344856	69.847155	4.241195
-0.344343	71.726879	3.553987
-0.346597	73.607775	2.878180
0.438007	75.417445	3.721320
0.844011	76.752867	5.229890
0.845144	78.085756	6.713991
0.839147	79.416568	8.202078
0.845719	80.746394	9.695351
0.063707	81.745938	9.750845
-0.719525	83.247546	8.429466
-1.504846	83.379162	6.434701
-1.256116	84.000674	4.533240
-1.254646	84.620828	2.633578
-1.253143	85.241243	0.734436
-1.253528	85.863848	-1.167745
-1.257306	86.484510	-3.067842
-1.253504	87.106129	-4.968065
-1.256479	87.724679	-6.868960
-1.253596	88.345267	-8.770229
-1.255170	88.966211	-10.670939
-1.260576	89.586571	-12.570910
-1.254466	90.206066	-14.472579
-1.252613	90.828748	-16.374246
-2.038128	89.927928	-18.159106
-2.293681	88.604129	-19.656057
-2.295162	87.279533	-21.153762
-2.296996	85.953136	-22.652283
-2.749404	84.104498	-23.418366
-2.750651	82.256617	-24.183851
-2.749092	80.409377	-24.948402
-2.746474	78.562200	-25.713203
-2.751598	76.713285	-26.479304
-2.751688	74.867209	-27.244085
-2.747053	73.020295	-28.009349
-2.750978	71.172029	-28.775453
-2.749215	69.323516	-29.539867
-2.749948	67.473964	-30.305168
-2.743810	65.626247	-31.071509
-2.747241	63.780219	-31.837291
-2.749449	61.932344	-32.601153
-2.746355	60.085008	-33.368838
-1.960802	59.324687	-35.217815
-1.417052	59.633777	-37.194821
-1.412682	59.942221	-39.171212
-1.412330	60.250685	-41.147366
-1.415663	60.559454	-43.123207
-1.416377	60.868147	-45.097442
-1.416512	61.176811	-47.075339
-1.417933	61.483645	-49.050322
-1.417770	61.793382	-51.025713
-1.417383	62.102236	-53.002327
-2.200380	60.919793	-54.614792
-2.356847	59.505177	-56.029436
-2.357896	58.091708	-57.443216
-2.351626	56.678545	-58.857335
-2.360606	55.262677	-60.270616
-2.352356	53.849537	-61.685175
-1.565608	53.855817	-63.684831
-0.776770	55.276564	-65.091137
-0.364319	57.143274	-65.808166
-0.367018	59.011812	-66.523665
-0.367217	60.880230	-67.240999
-0.366398	62.749664	-67.956052
-0.367216	64.617295	-68.671325
-0.368624	66.485777	-69.384750
-0.365570	68.353749	-70.099469
-0.365715	70.220941	-70.814896
-0.367890	72.088043	-71.529311
-1.152895	72.899804	-73.357556
-1.703284	72.636700	-75.340371
-1.703879	72.369586	-77.321282
-1.704113	72.103745	-79.302527
-1.703755	71.838629	-81.284259
-1.703657	71.572619	-83.267908
-1.702233	71.309506	-85.250768
-1.701385	71.043748	-87.231012
-1.703082	70.778846	-89.213755
-1.703843	70.512661	-91.197696
-0.920998	71.727654	-92.786721
-0.766038	73.168507	-94.172736
-0.765145	74.608669	-95.560242
-0.764806	76.050565	-96.947762
-0.764738	77.490476	-98.335273
-0.767951	78.931394	-99.720735
-1.557268	78.967800	-101.719612
-2.339068	77.571755	-103.153455
-2.779460	75.702338	-103.865033
-2.780610	73.831948	-104.578184
-2.776149	71.964691	-105.290590
-2.777080	70.095004	-106.002410
-2.777975	68.226803	-106.712219
-2.778834	66.358556	-107.423957
-2.776007	64.490980	-108.137413
-2.777010	62.622838	-108.848976
-2.776673	60.753986	-109.559629
-2.778783	58.885837	-110.270923
-2.777084	57.014276	-110.982785
-2.776018	55.144863	-111.694448
-2.773821	53.274866	-112.406278
-2.779576	51.406339	-113.117713
-2.781164	49.535376	-113.828322
-2.776191	47.666218	-114.539666
-2.776399	45.796865	-115.250619
-2.779535	43.927548	-115.963104
-2.777708	42.057800	-116.675989
-3.566794	40.233473	-115.859474
-4.350860	39.528196	-113.986553
-4.760694	39.623679	-111.987468
-4.760118	39.716525	-109.989859
-4.761277	39.811165	-107.992739
-4.759820	39.903016	-105.995937
-4.759326	39.996269	-103.999004
-4.756481	40.090384	-102.001034
-4.760668	40.183660	-100.001579
-4.760765	40.276635	-98.004645
-4.758558	40.371381	-96.006747
-4.761926	40.465471	-94.010737
-4.759789	40.558607	-92.012812
-4.756018	40.651499	-90.015578
-4.758360	40.745075	-88.017642
-4.758578	40.838379	-86.020511
-4.762765	40.932676	-84.022475
-4.759530	41.025617	-82.024617
-4.758237	41.120061	-80.026317
-4.763296	41.214668	-78.030628
-4.757115	41.310610	-76.032431
-4.760778	41.404122	-74.034333
-4.758611	41.498677	-72.038120
-4.761362	41.593485	-70.039760
-4.757144	41.687413	-68.040591
-4.757437	41.780780	-66.043267
-4.765225	41.875365	-64.043882
-4.758924	41.968928	-62.047000
-4.758810	42.062156	-60.049708
-4.760316	42.157757	-58.052051
-4.759548	42.251638	-56.054681
-4.755428	42.344692	-54.057004
-4.760475	42.440243	-52.059803
-4.760653	42.534850	-50.061256
-4.760560	42.628030	-48.062586
-4.759057	42.723124	-46.065802
-4.742902	42.780339	-44.066689
-4.749944	42.860624	-42.067820
-4.753480	42.947096	-40.071488
-4.755526	43.036747	-38.074747
-4.761181	43.127788	-36.075943
-4.759123	43.219700	-34.078270
-4.745946	43.025995	-32.392949
-4.707627	42.773319	-30.038552
-3.920371	41.131360	-28.605035
-3.143603	39.261895	-28.338351
-2.777972	37.489678	-29.006804
-2.773130	35.637099	-29.592595
-2.873107	33.512016	-29.963858
-2.831611	31.688548	-30.694366
-2.822130	29.687613	-31.350683
-2.800164	27.719524	-32.032545
-2.798036	25.671924	-32.684054
-2.178904	24.628230	-34.322025
-2.142938	23.504191	-35.951641
-2.115781	22.430244	-37.726097
-2.099553	21.401463	-39.531456
-2.079552	20.347668	-41.219426
-2.067798	19.428579	-42.984139
-2.054484	18.597159	-44.844441
-2.058860	17.682124	-46.602060
-2.040571	16.777291	-48.386914
-2.038978	15.870164	-50.171458
-2.034604	14.964160	-51.958640
-2.035669	14.072337	-53.750625
-2.033230	13.181142	-55.539399
-2.817154	11.271365	-56.170934
-3.406665	9.330235	-55.647292
-3.407405	7.388295	-55.125402
-3.410630	5.464729	-54.584518
-3.402079	3.532061	-54.067334
-3.402231	1.606483	-53.563856
-3.406701	-0.315754	-53.034021
-3.405741	-2.243868	-52.534805
-3.399908	-4.174347	-52.009708
-3.396017	-6.106187	-51.514687
-2.612165	-7.829720	-52.510776
-2.288038	-9.138682	-54.038937
-2.302819	-10.476343	-55.516293
-2.291924	-11.792657	-57.023364
-2.289656	-13.102461	-58.531221
-2.286517	-14.406927	-60.048586
-3.073028	-16.405356	-60.173869
-3.450289	-18.312492	-59.570821
-3.459337	-20.214606	-58.943850
-3.450518	-22.119593	-58.316542
-3.443674	-24.029705	-57.729125
-3.451959	-25.937732	-57.124334
-3.446453	-27.846358	-56.525596
-3.462548	-29.747902	-55.892040
-3.452411	-31.652120	-55.294261
-3.450819	-33.554962	-54.681082
-3.446029	-35.462350	-54.077070
-3.471142	-37.351444	-53.423851
-3.438546	-39.266299	-52.852035
-2.653803	-41.033020	-53.783818
-2.315825	-42.389273	-55.247236
-2.309242	-43.736196	-56.718976
-2.327096	-45.105528	-58.179390
-2.313032	-46.462834	-59.646437
-2.307885	-47.804670	-61.142462
-3.098403	-49.808188	-61.219062
-3.462940	-51.706733	-60.589680
-3.449047	-53.611532	-59.992029
-3.465027	-55.502321	-59.363238
-3.472298	-57.393197	-58.710351
-3.648931	-59.098797	-57.746705
-3.468312	-60.992855	-57.109301
-3.463387	-62.886835	-56.458306
-3.465349	-64.781644	-55.822566
-3.457681	-66.677643	-55.184437
-3.437575	-68.589171	-54.596217
-3.448034	-70.499500	-54.008469
-3.453987	-72.404855	-53.395759
-3.450698	-74.304690	-52.763423
-3.425431	-76.218276	-52.181772
-3.442834	-78.122113	-51.569831
-3.439032	-80.035820	-50.987085
-3.446541	-81.938157	-50.370660
-3.446586	-83.841315	-49.753758
-3.434093	-85.754219	-49.162957
-3.445959	-87.662074	-48.557613
-3.446480	-89.564954	-47.944144
-3.452781	-91.467346	-47.329698
-3.837129	-93.011014	-46.067224
-3.837409	-94.549878	-44.793135
-3.842769	-96.085370	-43.517758
-3.842366	-97.615379	-42.234228
-3.844113	-99.145699	-40.947286
-3.808003	-100.714738	-39.708524
-3.813892	-102.273833	-38.456620
-3.833784	-103.820751	-37.190604
-3.834584	-105.362533	-35.916977
-3.850805	-106.879555	-34.613774
-4.635063	-107.040224	-32.626289
-5.421356	-105.730892	-31.104295
-6.204789	-103.733151	-30.955718
-6.211832	-101.746114	-30.822468
-6.221271	-99.740002	-30.705939
-6.230788	-97.732662	-30.598992
-6.223997	-95.752918	-30.477499
-6.234008	-93.732299	-30.385955
-6.231231	-91.738677	-30.260027
-6.227065	-89.732960	-30.152876
-6.233479	-87.697102	-30.091720
-6.220640	-85.704715	-29.919014
-6.218933	-83.707194	-29.730831
-6.230846	-81.655218	-29.658563
-6.228740	-79.653007	-29.533026
-6.220125	-77.686378	-29.393763
-6.196446	-75.703549	-29.174573
-6.214960	-73.719430	-29.045173
-6.212767	-71.744739	-28.896025
-6.212486	-69.714628	-28.751849
-6.211659	-67.670678	-28.561836
-6.223751	-65.728551	-28.393655
-6.261688	-63.709151	-28.346868
-6.200780	-61.792444	-28.141696
-6.191946	-59.773704	-27.999276
-6.201276	-57.726368	-27.847596
-6.210195	-55.698853	-27.727390
-6.218802	-53.726809	-27.612084
-6.243276	-51.672274	-27.497930
-6.313550	-49.696191	-27.578334
-6.187625	-47.663987	-27.322530
-6.152063	-45.576887	-27.514351
-5.370360	-44.278540	-25.721728
-4.592964	-44.451579	-23.452206
-4.357229	-45.426964	-21.518266
-4.360919	-46.302650	-19.881301
-4.362187	-46.949476	-17.770238
-4.364530	-47.544774	-15.863210
-4.360707	-48.302437	-14.066454
-4.354949	-49.043191	-12.216718
-4.341893	-49.897244	-10.463607
-4.337960	-50.616389	-8.635884
-4.335546	-51.360034	-6.891404
-4.342953	-52.181038	-5.097808
-4.347943	-52.806110	-3.166162
-4.344463	-53.491778	-1.337164
-4.338538	-54.241375	0.587216
-4.339823	-55.007470	2.461057
-4.343896	-55.732109	4.248847
-3.700841	-57.366488	5.309710
-3.690360	-59.091136	6.320414
-3.692889	-60.851327	7.382465
-3.691792	-62.556388	8.427230
-3.686919	-64.266232	9.465051
-3.686272	-65.980132	10.497889
-3.688144	-67.693223	11.530762
-3.687572	-69.405813	12.562843
-3.687204	-71.113189	13.606840
-3.685710	-72.825915	14.641755
-3.689334	-74.535450	15.679221
-4.476183	-75.003442	17.627928
-4.879211	-74.669327	19.603979
-4.878152	-74.336480	21.570930
-4.875500	-74.012168	23.543592
-4.882791	-73.665409	25.520220
-4.878160	-73.360435	27.484221
-4.878903	-73.014311	29.457747
-4.881257	-72.651985	31.429932
-4.871080	-72.336277	33.404998
-4.872277	-72.019190	35.378612
-4.870540	-71.703677	37.352780
-4.873431	-71.388401	39.328629
-4.871452	-71.071987	41.303828
-4.870524	-70.756446	43.279663
-4.869873	-70.440529	45.254883
-4.873029	-70.123327	47.230414
-4.876074	-69.805688	49.205024
-4.874124	-69.490742	51.180291
-4.874624	-69.174569	53.156339
-4.868381	-68.859782	55.132259
-4.870172	-68.544835	57.108059
-4.871097	-68.227659	59.082360
-4.088681	-68.815736	59.892608
-3.301737	-70.788067	60.214715
-2.518284	-72.409085	59.044910
-1.997942	-73.238258	57.223800
-1.998495	-74.068015	55.403557
-2.001256	-74.897897	53.582910
-2.000297	-75.727466	51.762481
-1.996948	-76.556440	49.942302
-2.001076	-77.386974	48.123554
-1.999596	-78.215914	46.304518
-2.000488	-79.045821	44.482961
-2.002301	-79.875891	42.663811
-2.000823	-80.706383	40.845415
-1.997433	-81.534879	39.025994
-1.995735	-82.364351	37.205859
-2.001700	-83.192129	35.385747
-1.999124	-84.021281	33.563519
-1.999626	-84.851016	31.742057
-1.996762	-85.680676	29.921901
-1.997064	-86.510220	28.102410
-2.000448	-87.342801	26.282822
-2.000652	-88.171788	24.465038
-1.997709	-89.000533	22.644622
-1.998372	-89.830103	20.824738
-1.998013	-90.659817	19.002709
-1.214728	-89.959017	17.129801
-0.429391	-88.140214	16.295924
-0.167135	-86.167888	15.962510
-0.156565	-83.804114	15.512284
-0.251188	-81.775575	14.990934
-0.218149	-79.635344	14.518606
-0.294647	-77.525013	13.921010
-0.253455	-75.638967	13.392763
-0.216429	-73.686994	12.979045
-0.190162	-71.523356	12.611093
-0.185605	-69.587232	12.251132
-0.174128	-67.589041	11.910215
-0.193247	-65.546545	11.502747
-0.195150	-63.669984	11.041298
0.593069	-62.037873	12.189893
0.996590	-60.912514	13.796657
1.029245	-59.830277	15.512906
1.054670	-58.726833	17.295723
1.072299	-57.774257	19.052799
1.080798	-56.871028	20.876255
1.092083	-56.175480	22.448489
1.090419	-55.397121	24.111689
1.092831	-54.526795	25.956368
1.089046	-53.567704	27.744509
1.089295	-52.578108	29.600739
1.101312	-51.590519	31.386681
1.099041	-50.566498	33.218956
1.108961	-49.714441	35.047563
1.106914	-48.849140	36.821211
1.107769	-47.920014	38.640829
1.115704	-47.069321	40.417490
1.113133	-46.138069	42.218118
0.517626	-44.428461	43.159456
0.519446	-42.736943	44.125396
0.524471	-41.039566	45.141814
0.517202	-39.455096	46.099058
0.515839	-37.692633	47.080730
0.510979	-35.807695	48.058980
0.515954	-34.025104	49.047254
0.502062	-32.287603	50.031179
0.508331	-30.454527	50.962169
0.520162	-28.753104	51.951553
0.516032	-27.050787	52.820739
0.523126	-25.312676	53.767348
1.311338	-24.800266	55.695745
1.722805	-25.155808	57.650638
1.735324	-25.478839	59.624233
1.733966	-25.810362	61.597787
1.735218	-26.137610	63.570178
1.735603	-26.463605	65.541892
1.734061	-26.793454	67.515607
1.733789	-27.121981	69.489689
1.737942	-27.450953	71.462943
1.733656	-27.781735	73.434933
1.736785	-28.109689	75.407822
1.737249	-28.439303	77.382053
1.735307	-28.770729	79.353801
1.736911	-29.099293	81.327210
1.735709	-29.430609	83.300350
1.736815	-29.759682	85.271593
1.738749	-30.089430	87.243730
1.734379	-30.419253	89.217433
1.735649	-30.749159	91.190417
1.738461	-31.079278	93.161959
1.730261	-31.409142	95.134217
1.734028	-31.738994	97.106601
0.949339	-31.156021	97.919965
0.167283	-29.183199	98.244385
-0.615998	-27.553988	97.085405
-1.051675	-26.558103	95.351985
-1.048021	-25.560671	93.617187
-1.049881	-24.564207	91.883687
-1.047908	-23.567171	90.148643
-1.048932	-22.572459	88.414741
-1.048082	-21.576377	86.680613
-1.051132	-20.579942	84.944925
-1.048256	-19.584015	83.211177
-1.052500	-18.586975	81.478048
-1.050272	-17.588333	79.742652
-1.050651	-16.594241	78.009279
-1.052086	-15.597746	76.274878
-1.046847	-14.592799	74.546385
-1.035219	-13.517332	72.893975
-1.058318	-12.545779	71.139950
-1.052908	-11.508599	69.449623
-1.072647	-10.559873	67.678706
-1.066468	-9.566725	65.952831
-1.064489	-8.610936	64.193682
-1.077794	-7.668551	62.429990
-1.082928	-6.728517	60.668807
-0.933169	-5.660662	58.999029
-0.910540	-4.220572	57.552804
-0.116732	-2.416235	57.562305
0.206140	-0.453631	58.077631
0.248227	1.381025	58.705791
0.260562	3.192265	59.371575
0.283856	5.027472	59.961249
0.996204	6.151974	61.607560
1.003271	7.230347	63.294867
0.995760	8.311295	65.008665
0.985568	9.369621	66.712108
1.002645	10.438912	68.390859
1.007336	11.510496	70.079934
1.011714	12.571225	71.775821
1.020761	13.622849	73.476639
1.047137	14.630141	75.204111
1.036174	15.653112	76.921844
1.033207	16.687173	78.634576
1.039529	17.702417	80.359666
1.033802	18.726120	82.078256
0.247609	20.667461	82.568659
-0.263056	22.596898	82.048009
-0.279349	24.515670	81.488302
-0.299282	26.412781	80.906074
-0.306766	28.312214	80.303657
-0.316063	30.213573	79.684498
-0.323849	32.120767	79.033916
-0.296946	34.038353	78.424961
-0.297826	35.950934	77.859388
-0.301186	37.856009	77.264437
-0.297727	39.761668	76.684231
0.485271	41.526062	77.581195
0.854986	42.839277	79.082439
0.864894	44.136429	80.611726
0.881946	45.403951	82.160245
0.856805	46.711665	83.669186
0.889975	47.974885	85.208172
0.861049	49.272464	86.733891
0.841763	50.599983	88.231124
0.848242	51.926793	89.729830
0.862327	53.219756	91.255035
0.869419	54.511793	92.780662
0.867806	55.814582	94.294603
0.850800	57.129755	95.804876
0.843924	58.452934	97.301560
0.850542	59.772600	98.801395
0.844858	61.093889	100.301156
1.635022	60.971668	102.299074
2.419662	59.469659	103.622531
2.941896	57.519210	104.011441
2.941487	55.560843	104.408215
2.942651	53.597081	104.804992
2.964568	51.635167	105.157317
2.976745	49.639134	105.506268
2.977980	47.649038	105.834772
2.955872	45.717639	106.213674
2.965430	43.749962	106.559588
2.983106	41.704318	106.842513
2.966905	39.752032	107.235942
2.968811	37.744148	107.605851
2.964296	35.823076	107.958587
2.180484	34.643205	109.591838
1.676793	34.431147	111.593731
1.647093	34.288416	113.587075
1.643548	34.134249	115.573418
2.073421	33.183537	117.330696
2.065659	32.216705	119.093053
2.062828	31.263734	120.836706
2.067534	30.324240	122.607934
2.074468	29.373068	124.369443
2.070766	28.386397	126.105641
2.066849	27.450322	127.873487
2.437065	25.946633	129.095691
1.993707	25.127671	130.916490
2.785362	23.228866	131.603351
2.852075	21.321327	132.187774
2.852348	19.405408	132.756981
2.860256	17.487331	133.320472
2.855216	15.578121	133.893433
2.855786	13.661793	134.462722
2.857917	11.738188	135.012802
2.852227	9.821834	135.585518
2.856805	7.906365	136.150905
2.860806	5.983790	136.707777
2.072278	5.015738	138.462262
1.359034	5.432792	140.412467
1.360602	5.851794	142.370685
1.363023	6.269838	144.321559
1.361773	6.678654	146.268769
1.357133	7.111470	148.221505
1.348003	7.544954	150.169783
1.325433	8.038681	152.113375
1.338208	8.507217	154.059314
1.369907	8.907190	156.019935
1.333722	9.395817	157.943141
0.547495	10.264848	158.464101
-0.235727	12.187181	158.002615
-1.020376	13.232472	156.293305
-1.651833	13.059501	154.295065
-1.649899	12.907219	152.304685
-1.652189	12.745440	150.302234
-1.648948	12.580156	148.301698
-1.645477	12.430976	146.307557
-1.640163	12.275674	144.306287
-1.639339	12.115890	142.306967
-1.646023	11.960520	140.311464
-1.644684	11.817688	138.316878
-1.643659	11.700857	136.340653
-1.642867	11.576287	134.347838
-1.647943	11.457133	132.336894
-1.655400	11.284775	130.390024
-1.653008	11.130391	128.428605
-1.647080	10.973206	126.402542
-1.652690	10.790301	124.398437
-1.646735	10.609777	122.397360
-1.640616	10.495145	120.340813
-1.645493	10.343815	118.329034
-1.648239	10.097042	116.272943
-1.645837	9.863708	114.157170
-1.646586	9.645899	112.103921
-1.639043	9.524160	110.105560
-1.638120	9.343589	108.152077
-1.640774	9.218215	106.163828
-1.654967	9.034434	104.198967
-1.624331	8.954814	102.194074
-1.630724	8.839442	100.246577
-1.642623	8.678950	98.236112
-1.652974	8.423626	96.264295
-1.644443	8.307272	94.279251
-1.652901	8.127043	92.361457
-1.651884	7.977708	90.366689
-1.301696	8.467533	88.438028
-1.639057	8.427581	86.411504
-1.640222	8.255119	84.424350
-1.635219	8.103386	82.393759
-1.637614	7.937015	80.426102
-1.638954	7.769701	78.421658
-1.642710	7.582312	76.466702
-1.647720	7.372464	74.472309
-1.679121	7.114401	72.530964
-2.461205	5.590828	71.231436
-3.252111	3.595800	71.486846
-3.535578	1.773196	72.236574
-3.554357	-0.079320	73.061689
-3.569278	-1.908678	73.939489
-3.588182	-3.682511	74.769861
-3.561549	-5.467341	75.615014
-3.611309	-7.252034	76.506767
-3.610432	-9.044410	77.392670
-3.608343	-10.836002	78.273582
-3.610663	-12.622026	79.195840
-3.610856	-14.404083	80.102778
-3.612746	-16.186807	81.009404
-3.613028	-17.970517	81.913382
-3.613875	-19.753196	82.819671
-3.611850	-21.536366	83.724182
-3.611046	-23.318372	84.632346
-3.611524	-25.100335	85.537542
-3.610853	-26.885945	86.443577
-3.611197	-28.670094	87.350360
-3.613257	-30.452823	88.255888
-3.610384	-32.235662	89.164189
-3.613507	-34.018151	90.070535
-3.617294	-35.801692	90.976411
-3.613960	-37.583535	91.882262
-3.611115	-39.365823	92.787951
-3.609704	-41.149709	93.693004
-3.612510	-42.932955	94.602226
-3.609720	-44.714919	95.508632
-3.610879	-46.497744	96.413768
-3.611172	-48.279625	97.319703
-3.615402	-50.061646	98.226866
-3.613392	-51.843095	99.134244
-3.611060	-53.626748	100.040084
-3.614154	-55.407432	100.945950
-3.612721	-57.190211	101.851606
-3.612096	-58.972411	102.757356
-4.394380	-59.592874	104.659803
-5.178853	-59.140484	105.551660
-5.962849	-57.241537	106.180519
-6.747329	-55.454392	105.282849
-7.418322	-54.605007	103.472362
-7.422369	-53.757233	101.661867
-7.416754	-52.909447	99.850317
-7.414432	-52.060907	98.040144
-7.414558	-51.214004	96.229375
-7.418429	-50.365917	94.418499
-7.419974	-49.518748	92.607506
-7.412328	-48.669410	90.796135
-7.414765	-47.821435	88.984551
-7.414293	-46.975988	87.174235
-7.417189	-46.128734	85.362137
-7.419918	-45.280207	83.550769
-7.416797	-44.434183	81.738478
-7.416069	-43.585443	79.927389
-7.420094	-42.737137	78.115678
-7.417118	-41.890239	76.303163
-7.417349	-41.042394	74.491186
-7.418643	-40.193414	72.679050
-7.417026	-39.347836	70.868415
-7.413343	-38.500104	69.056477
-7.415338	-37.649651	67.245957
-7.418705	-36.802186	65.433691
-7.416221	-35.955719	63.621101
-7.419440	-35.107960	61.809027
-7.417469	-34.261366	59.996773
-7.419735	-33.415007	58.184901
-7.414340	-32.428473	56.314479
-7.422855	-31.418812	54.345566
-7.526210	-30.476364	52.467597
-7.481005	-29.485076	50.623788
-7.465274	-28.757434	48.819625
-8.249765	-29.126497	48.033179
-9.041092	-31.096110	47.235058
-9.825425	-32.901181	48.098067
-10.097655	-34.376755	49.295480
-10.101370	-35.932309	50.623912
-10.790469	-36.306445	52.411058
-10.131633	-37.827793	53.707888
-10.132211	-39.348906	55.005181
-10.129252	-40.873013	56.301169
-10.134663	-42.396324	57.597832
-10.128689	-43.919412	58.896227
-10.130295	-45.441823	60.192456
-10.134438	-46.965000	61.490772
-10.127531	-48.487876	62.787255
-10.132786	-50.009671	64.084969
-10.130035	-51.532941	65.382030
-10.133909	-53.055206	66.678777
-10.130409	-54.577455	67.975432
-10.132076	-56.100089	69.272991
-10.132462	-57.622806	70.570619
-10.130450	-59.145880	71.868545
-10.133429	-60.667223	73.167085
-10.130884	-62.191088	74.463732
-10.130224	-63.713291	75.761258
-10.129161	-65.236058	77.057406
-10.128242	-66.760375	78.355333
-10.130169	-68.282903	79.651108
-10.132731	-69.803375	80.948313
-10.131915	-71.325457	82.244762
-10.130220	-72.846626	83.540631
-10.129818	-74.370168	84.837571
-10.130676	-75.892887	86.136036
-10.132734	-77.416286	87.434164
-10.127622	-78.938274	88.732593
-10.131742	-80.459182	90.031050
-10.128264	-81.983267	91.328321
-10.128020	-83.505136	92.625480
-10.912270	-83.588316	93.621151
-11.695336	-82.941428	94.384152
-12.481641	-80.948240	94.553614
-13.264981	-79.421336	93.263288
-13.630949	-78.446261	91.517550
-13.627338	-77.471822	89.770137
-13.629035	-76.497674	88.024301
-13.627620	-75.523024	86.278152
-13.631900	-74.548138	84.530191
-13.629325	-73.572991	82.783450
-13.629496	-72.596059	81.035559
-13.627601	-71.622685	79.288179
-13.628375	-70.648755	77.541309
-13.628736	-69.673643	75.793540
-13.627537	-68.700694	74.047816
-13.630393	-67.727414	72.301630
-13.631168	-66.752434	70.554265
-13.627043	-65.779813	68.808043
-13.628072	-64.808276	67.060276
-13.627103	-63.833298	65.313528
-13.631072	-62.859570	63.566571
-13.625981	-61.885072	61.820260
-13.628912	-60.912087	60.074568
-13.626720	-59.938284	58.325066
-13.628574	-58.965748	56.577310
-13.629328	-57.990500	54.829856
-13.627331	-57.017849	53.084061
-13.630385	-56.044451	51.337083
-13.626018	-55.071770	49.590378
-13.626028	-54.097181	47.841962
-13.627451	-53.124156	46.094736
-13.625249	-52.151428	44.345899
-13.675451	-51.025724	42.595909
-13.661971	-50.070000	41.015911
-13.661207	-49.345891	39.337937
-13.778969	-48.597107	37.541066
-13.730958	-47.692644	35.653837
-13.720747	-47.104366	33.723107
-14.510033	-47.866719	31.902098
-15.296325	-49.734744	31.114639
-15.603750	-51.749724	31.042036
-15.636648	-53.713637	30.918022
-15.654579	-55.682893	30.779977
-15.667882	-57.648445	30.664819
-15.675319	-59.659829	30.573058
-15.680800	-61.649969	30.485723
-15.689607	-63.661571	30.499589
-15.691421	-65.663871	30.493074
-15.699704	-67.694256	30.380018
-15.697955	-69.704568	30.326898
-15.699482	-71.704476	30.293936
-15.698167	-73.699106	30.262865
-15.726032	-75.699055	30.290718
-15.722252	-77.700334	30.318294
-15.724442	-79.700631	30.347485
-15.718579	-81.700496	30.376058
-15.720252	-83.699783	30.404872
-15.725230	-85.698773	30.433001
-15.720300	-87.698297	30.461828
-15.723148	-89.698427	30.489479
-15.721217	-91.697521	30.517246
-15.723390	-93.696704	30.544806
-15.722355	-95.697503	30.573449
-15.725085	-97.699117	30.602830
-15.722202	-99.699149	30.631730
-15.721655	-101.701354	30.659766
-15.722965	-103.699181	30.688158
-15.723048	-105.700046	30.716307
-15.719117	-107.700675	30.745001
-15.719346	-109.700232	30.772890
-15.724849	-111.699202	30.799960
-15.723958	-113.699310	30.827862
-15.722669	-115.697505	30.855658
-15.723616	-117.697314	30.883175
-15.723213	-119.696233	30.912798
-15.725101	-121.695609	30.944325
-15.723171	-123.693765	30.976881
-14.935092	-125.130567	29.587205
-14.268348	-125.395510	27.604541
-14.271350	-125.661782	25.622578
-14.268510	-125.925378	23.640861
-13.483242	-124.712935	22.051735
-12.715451	-122.735446	21.754961
-12.711670	-120.755383	21.461912
-12.711391	-118.781722	21.165933
-12.712615	-116.804615	20.869827
-12.711056	-114.829431	20.571398
-12.711849	-112.851761	20.273902
-12.715849	-110.875297	19.978950
-12.715530	-108.895417	19.692501
-12.712517	-106.916052	19.399107
-12.712544	-104.938712	19.106266
-12.711258	-102.960302	18.811426
-12.712364	-100.982934	18.517510
-12.714645	-99.003344	18.223134
-12.712486	-97.024284	17.930624
-12.714225	-95.046809	17.636680
-12.713236	-93.070682	17.343464
-12.714295	-91.092407	17.048172
-12.710639	-89.113192	16.754898
-12.715428	-87.135316	16.460551
-12.713188	-85.157567	16.168859
-12.744109	-83.224086	15.751535
-12.734602	-81.318168	15.398790
-12.727883	-79.384227	14.960569
-12.729488	-77.335837	14.453968
-12.723919	-75.380189	13.965608
-12.974753	-73.475135	13.135215
-12.763179	-71.451148	12.792535
-12.754859	-69.528653	12.381053
-12.731645	-67.586288	11.871166
-12.766388	-65.719733	11.436810
-12.735885	-63.776522	11.060871
-11.948965	-62.928991	11.751846
-11.163746	-62.557298	13.683042
-10.375950	-63.716044	15.256525
-10.066232	-65.318204	16.484491
-10.068494	-66.909313	17.661252
-10.069180	-68.496404	18.843111
-10.073802	-70.082257	20.038922
-10.088401	-71.659126	21.261550
-10.085212	-73.226371	22.479406
-10.085766	-74.810846	23.713581
-10.085229	-76.388841	24.939264
-10.083947	-77.984341	26.174160
-10.082566	-79.568023	27.396475
-10.081369	-81.151527	28.619080
-10.081165	-82.733912	29.840565
-10.084458	-84.317065	31.062949
-10.080560	-85.900005	32.285949
-10.082022	-87.481790	33.509705
-10.080811	-89.064331	34.732518
-10.077964	-90.647040	35.954499
-10.083076	-92.229323	37.176552
-10.080789	-93.811903	38.397416
-10.082248	-95.395122	39.619937
-10.078121	-96.980586	40.841008
-10.083326	-98.565313	42.062750
-10.079899	-100.149920	43.284906
-10.082741	-101.731919	44.506616
-10.082778	-103.316026	45.726936
-10.082069	-104.898592	46.948977
-10.083764	-106.482051	48.171402
-10.082470	-108.065772	49.393265
-10.078514	-109.657160	50.595675
-10.081536	-111.220832	51.846474
-10.068659	-112.939737	52.906184
-10.082393	-114.436035	54.242373
-10.076833	-116.005037	55.487242
-10.076589	-117.542461	56.761588
-10.070862	-119.167376	57.926446
-10.076782	-120.732143	59.173507
-10.072391	-122.375267	60.318006
-10.084422	-123.944077	61.555864
-10.082235	-125.530326	62.773375
-9.585465	-127.513435	63.080220
-9.578240	-129.561936	63.290023
-9.594961	-131.492268	63.674112
-9.588738	-133.415778	64.072784
-9.584741	-135.404699	64.365220
-9.590789	-137.353579	64.736775
-9.586541	-139.323963	65.073069
-9.588225	-141.324453	65.341973
-9.593697	-143.273784	65.705347
-9.411177	-145.292672	65.649837
-9.415960	-147.315712	65.597667
-9.415379	-149.312542	65.585984
-9.420170	-151.316367	65.567825
-9.416132	-153.294528	65.587829
-9.799355	-155.157230	66.343611
-9.012255	-156.048191	65.993308
-8.229592	-156.786802	64.133360
-7.446261	-155.998360	62.293991
-6.657239	-154.120961	61.609653
-6.590120	-152.199252	61.056758
-6.598733	-150.273935	60.498747
-6.605621	-148.289402	60.074056
-6.622006	-146.391491	59.516084
-6.621807	-144.399878	58.961475
-7.399489	-143.515265	57.150812
-7.734255	-143.300224	55.135234
-7.750637	-143.039809	53.268647
-7.753545	-142.841278	51.271976
-7.751251	-142.707979	49.320931
-7.751713	-142.548076	47.369980
-7.741425	-142.273045	45.372203
-7.739932	-142.068383	43.297640
-7.733606	-141.787062	41.277725
-7.724409	-141.465867	39.350832
-7.705481	-141.126915	37.364901
-7.650610	-140.614144	35.483083
-7.755848	-140.443349	33.515595
-7.733058	-140.169990	31.552079
-7.714296	-139.907435	29.595382
-7.677860	-139.553521	27.656308
-7.809458	-139.459941	25.608556
-7.667650	-139.208508	23.697630
-7.912410	-139.330911	21.685937
-7.763465	-139.151221	19.716542
-7.767009	-139.003356	17.729019
-7.760229	-138.812301	15.751801
-7.759975	-138.651323	13.765287
-7.760908	-138.452225	11.779108
-7.759143	-138.247679	9.793303
-7.766930	-138.034862	7.807767
-7.765003	-137.894064	5.805178
-7.763465	-137.690562	3.813930
-7.768676	-137.525570	1.825102
-7.769607	-137.353496	-0.163654
-7.781595	-137.215486	-2.161125
-7.753603	-137.010292	-4.140387
-7.754921	-136.824201	-6.134313
-8.541076	-137.608867	-7.279567
-7.757924	-137.494630	-8.970298
-7.734002	-137.279509	-10.846474
-7.730076	-137.151628	-12.819409
-7.714076	-136.701535	-14.709004
-7.716361	-136.611234	-16.786208
-7.694070	-136.253206	-18.874762
-7.696273	-136.003082	-20.852014
-7.690449	-135.771393	-23.007403
-7.701784	-135.562828	-24.848599
-8.484571	-136.574156	-26.695178
-8.785679	-138.195936	-28.046776
-8.809740	-139.891519	-29.247002
-8.842827	-141.678505	-30.347620
-8.059281	-142.072800	-32.347243
-7.654861	-141.616118	-34.316406
-7.657334	-141.216876	-36.258545
-7.651982	-140.849500	-38.242181
-7.637385	-140.400507	-40.160017
-7.631476	-139.948381	-42.115948
-7.611379	-139.419312	-44.083154
-7.649791	-139.020776	-46.051161
-7.622982	-138.551211	-48.001555
-7.607125	-138.014141	-49.939390
-7.611477	-137.547557	-51.902107
-7.635366	-137.091901	-53.858211
-7.666775	-136.699697	-55.825044
-7.691520	-136.366445	-57.799618
-7.727300	-136.099786	-59.789932
-7.726613	-135.845638	-61.779801
-7.728582	-135.553160	-63.755367
-7.734765	-135.330001	-65.739300
-7.733630	-135.142187	-67.717074
-7.729369	-134.875834	-69.703038
-7.731132	-134.643734	-71.689020
-7.726666	-134.357857	-73.675693
-8.509853	-135.541758	-75.247274
-9.292450	-137.538482	-75.507382
-10.038304	-139.145478	-74.345465
-10.040125	-140.784717	-73.189579
-10.039296	-142.431072	-72.029155
-10.039536	-144.068148	-70.875719
-10.042721	-145.680252	-69.696769
-10.033687	-147.285330	-68.548671
-10.032905	-148.955090	-67.383966
-10.040792	-150.595536	-66.208392
-10.044430	-152.201854	-65.044754
-10.042840	-153.795074	-63.899620
-10.042813	-155.419942	-62.747704
-10.039158	-157.059472	-61.622256
-10.041492	-158.699627	-60.509391
-10.046352	-160.323582	-59.349795
-9.265816	-162.293172	-59.648577
-8.482679	-163.450080	-61.205468
-8.379224	-164.459329	-62.936298
-8.376718	-165.463963	-64.707297
-8.380168	-166.470592	-66.442419
-8.382989	-167.481968	-68.145245
-8.376438	-168.500674	-69.851331
-8.377239	-169.510570	-71.565253
-8.375966	-170.506150	-73.279284
-9.163431	-171.483298	-73.527623
-9.953566	-173.221884	-72.506230
-10.738054	-173.726408	-70.577627
-11.141469	-173.438166	-68.603250
-11.144176	-173.150725	-66.613736
-11.147755	-172.863911	-64.617401
-11.150114	-172.541532	-62.634773
-11.152813	-172.233904	-60.668733
-11.155827	-171.915912	-58.676542
-11.147381	-171.623980	-56.705537
-11.149860	-171.306458	-54.759426
-11.159324	-170.993099	-52.805552
-11.157020	-170.664395	-50.832298
-11.159056	-170.318326	-48.859424
-11.162042	-169.956879	-46.882277
-11.172138	-169.584453	-44.894284
-11.196173	-169.191355	-42.932934
-11.273556	-168.631783	-41.016131
-11.319959	-168.041010	-39.120303
-11.106495	-167.886040	-37.148949
-11.120896	-167.592213	-35.084104
-11.129054	-167.321530	-33.121612
-11.126037	-167.014185	-31.121288
-11.132188	-166.667760	-29.111460
-11.131117	-166.338836	-27.088064
-11.131709	-166.134583	-25.155535
-11.133164	-165.832035	-23.163004
-11.128663	-165.507197	-21.195499
-11.121262	-165.265051	-19.210512
-11.118830	-165.112689	-17.252829
-11.117074	-164.846122	-15.240847
-11.121561	-164.595302	-13.274931
-11.103510	-164.513503	-11.350190
-11.111417	-164.364538	-9.432472
-11.120347	-164.262764	-7.520221
-11.128217	-164.011877	-5.593512
-11.126885	-163.818095	-3.615810
-11.132214	-163.670661	-1.671788
-11.142148	-163.349472	0.338853
-11.142773	-163.002814	2.290599
-11.134949	-162.762611	4.295971
-11.135752	-162.557448	6.292855
-11.152245	-162.100836	8.304980
-10.732510	-162.564946	10.253610
-10.739720	-163.067245	12.165455
-11.204517	-162.647774	14.172655
-10.774632	-163.002728	16.164284
-10.031315	-164.740990	17.284627
-9.942179	-166.480705	18.273750
-9.913588	-168.258263	19.205854
-9.866748	-170.069259	20.050718
-9.862992	-171.987107	20.853267
-9.077085	-173.901497	20.139018
-8.623852	-175.310200	18.687506
-8.621559	-176.689482	17.279120
-8.623328	-178.082273	15.833939
-8.620910	-179.467811	14.376859
-8.626355	-180.870783	12.948265
-8.622230	-182.266284	11.516499
-8.621506	-183.636468	10.058083
-8.624889	-185.035702	8.621893
-8.621543	-186.418251	7.184734
-8.629162	-187.826972	5.781975
-8.621879	-189.213415	4.341330
-8.626818	-190.589754	2.886899
-8.627778	-191.960228	1.429592
-8.630311	-193.385177	0.024198
-9.414728	-194.343183	-0.036043
-10.203762	-195.794371	1.395739
-10.989841	-195.820875	3.418011
-11.302618	-195.222776	5.332141
-11.301980	-194.610997	7.213910
-11.305032	-193.999349	9.115863
-11.309901	-193.364358	11.025525
-11.303312	-192.740475	12.935419
-11.298276	-192.139137	14.834181
-11.304401	-191.510802	16.730849
-11.313021	-190.883770	18.631047
-11.312808	-190.227886	20.527662
-11.310397	-189.566460	22.419800
-11.306763	-188.927948	24.328600
-11.301476	-188.351875	26.243727
-11.304144	-187.746323	28.125334
-11.295695	-187.225856	29.976119
-11.293093	-186.552287	31.927762
-11.295738	-185.913197	33.787064
-11.284688	-185.415736	35.670423
-11.295402	-184.777512	37.583062
-11.293015	-184.024309	39.537817
-11.286133	-183.476037	41.444503
-11.285682	-182.852990	43.366410
-11.277156	-182.332243	45.281320
-11.286180	-181.679047	47.224501
-11.275693	-181.147104	49.153581
-11.276376	-180.603923	51.092510
-11.386702	-179.841119	52.964598
-11.435562	-178.951522	54.824934
-11.361133	-178.303891	56.706540
-10.956455	-178.369208	58.736213
-11.380573	-177.559564	60.583684
-11.406880	-176.738657	62.410406
-11.399425	-175.954384	64.261129
-11.288804	-175.319399	66.176181
-11.215652	-174.837596	68.137946
-11.213749	-174.445291	70.117616
-11.217689	-174.023940	72.054351
-11.212150	-173.622330	74.021754
-11.211135	-173.250281	75.996796
-11.220231	-172.844656	77.952087
-11.230777	-172.362670	79.887756
-11.238018	-171.829322	81.821641
-11.223741	-171.379180	83.753730
-11.205337	-170.913473	85.702841
-11.209499	-170.496274	87.658490
-11.201694	-170.130105	89.631733
-11.201146	-169.702688	91.589444
-11.203679	-169.247884	93.535875
-11.192464	-168.859913	95.495445
-11.188909	-168.456740	97.455890
-10.893764	-168.647215	99.445451
-10.895132	-168.853618	101.435562
-10.893171	-169.054619	103.424579
-10.893410	-169.252993	105.415739
-10.892993	-169.463093	107.405841
-10.889428	-169.680707	109.395957
-10.895695	-169.896803	111.388710
-11.684051	-169.266345	112.161321
-12.470343	-167.291119	112.359311
-13.256619	-165.760968	111.090886
-13.817782	-165.132110	109.192317
-13.824127	-164.524697	107.280725
-13.824496	-163.907552	105.383378
-13.828591	-163.310186	103.468284
-13.840928	-162.717885	101.552350
-13.827561	-162.089047	99.645600
-13.834114	-161.511346	97.755139
-13.831200	-160.896713	95.825754
-13.823848	-160.281896	93.970943
-13.838359	-159.749083	92.063130
-13.829919	-159.096273	90.182499
-13.835277	-158.454145	88.263550
-13.833842	-157.886775	86.347947
-13.840362	-157.356751	84.445888
-13.839211	-156.686847	82.533631
-13.832936	-156.121139	80.620722
-13.844481	-155.600951	78.625831
-13.860836	-155.143310	76.620152
-13.862298	-154.667324	74.701558
-13.906969	-154.211169	72.705588
-14.011716	-153.949550	70.734739
-13.874044	-153.376828	68.723576
-13.789342	-152.644128	66.881896
-13.795110	-151.950793	65.002030
-13.794233	-151.255618	63.097919
-13.793903	-150.564300	61.203647
-13.796441	-149.905191	59.323417
-14.587131	-150.381771	58.387728
-15.080855	-151.497412	57.575234
-15.266000	-152.855754	56.933393
-16.049624	-154.744391	57.621758
-16.526347	-156.095235	59.078855
-16.523368	-157.461534	60.541745
-16.522782	-158.812522	62.003235
-16.525019	-160.179495	63.458739
-16.520424	-161.557062	64.913376
-16.510257	-162.927221	66.360927
-16.555838	-164.222070	67.868643
-16.515468	-165.614732	69.293039
-16.535081	-166.975960	70.743967
-16.546499	-168.294017	72.251352
-16.541401	-169.624641	73.756472
-16.545567	-170.949975	75.278411
-16.537368	-172.314709	76.733680
-16.535771	-173.680933	78.182033
-16.525945	-175.042460	79.646537
-16.520258	-176.457926	81.060284
-16.520446	-177.840195	82.504056
-16.522438	-179.222052	83.946213
-16.531746	-180.570632	85.428835
-16.534700	-181.926428	86.902589
-16.535882	-183.276740	88.385372
-16.539779	-184.626646	89.859312
-16.539078	-185.975971	91.339985
-16.543906	-187.316509	92.826447
-16.544723	-188.638958	94.328894
-16.539103	-190.001259	95.792117
-16.538981	-191.378359	97.243208
-16.540821	-192.755579	98.695458
-16.543246	-194.091925	100.183138
-17.328251	-194.029509	102.147889
-18.112048	-192.564688	103.471710
-18.304104	-190.827497	104.529629
-18.310921	-189.081755	105.580768
-18.310730	-187.319592	106.617141
-18.308164	-185.539270	107.696314
-18.305743	-183.930179	108.684640
-18.311389	-182.237628	109.718021
-18.304115	-180.573736	110.758789
-18.310221	-178.860357	111.776756
-18.309289	-177.202016	112.832621
-18.409368	-175.398243	113.737097
-18.297659	-173.715596	114.796810
-18.301034	-171.903747	115.801068
-18.305926	-170.127608	116.801251
-18.318561	-168.361519	117.784548
-18.323533	-166.644785	118.761968
-18.321793	-164.913221	119.754114
-18.316340	-163.204738	120.762318
-18.310457	-161.488917	121.812580
-18.307464	-159.807508	122.846820
-18.312064	-158.142412	123.885691
-18.320041	-156.410002	124.902952
-18.315264	-154.707299	125.910354
-19.100196	-152.796492	125.426932
-19.513562	-151.207409	124.196412
-19.512691	-149.620498	122.941818
-19.475233	-148.016445	121.801103
-19.509475	-146.412673	120.610749
-19.517745	-144.846299	119.388151
-19.525338	-143.303099	118.112964
-19.525973	-141.732827	116.888760
-19.543310	-140.197826	115.567320
-19.574604	-138.732646	114.238390
-18.787220	-137.716036	114.345843
-17.999439	-136.385698	115.846430
-17.214977	-136.518810	117.842744
-16.580522	-137.804375	119.405596
-16.579993	-139.110109	120.953097
-16.582063	-140.365076	122.491506
-16.582111	-141.621627	124.020424
-16.689150	-142.732057	125.686093
-16.555897	-144.057331	127.192815
-16.499863	-145.453268	128.615658
-16.449684	-146.934919	129.979635
-16.596979	-148.217154	131.533788
-16.606729	-149.470407	133.097709
-16.609131	-150.676251	134.698076
-16.600484	-151.926820	136.278534
-17.385498	-151.689155	138.275953
-18.028856	-150.311216	139.747898
-18.033632	-148.928346	141.205806
-18.044884	-147.543554	142.650652
-18.042126	-146.157426	144.083060
-18.827941	-144.180532	144.142092
-19.615825	-142.748329	142.764552
-20.359965	-142.618633	140.785396
-20.378477	-142.526567	138.784701
-20.380084	-142.453615	136.802386
-20.385651	-142.391255	134.811196
-20.534747	-142.611017	132.833977
-20.354645	-142.466080	130.836821
-20.345313	-142.287886	128.823003
-20.406422	-142.297907	126.784386
-20.394066	-142.225713	124.788803
-20.380105	-142.142268	122.810907
-20.372012	-142.076503	120.822789
-20.358932	-141.934330	118.847526
-20.333837	-141.752442	116.829936
-20.311374	-141.529848	114.850066
-20.338717	-141.408007	112.831337
-20.394819	-141.382533	110.813577
-20.392911	-141.317271	108.821871
-20.398986	-141.225805	106.816401
-20.399863	-141.161117	104.840558
-20.397022	-141.160028	102.837836
-20.386909	-141.098480	100.839032
-20.392083	-141.073495	98.812352
-20.393054	-141.003804	96.795124
-20.389558	-140.956483	94.805707
-20.382744	-140.856325	92.850266
-20.390162	-140.901382	90.807531
-20.390136	-140.896309	88.780333
-20.372072	-140.774688	86.716084
-20.370748	-140.511337	84.756048
-20.385731	-140.446029	82.739481
-20.374908	-140.391368	80.742426
-20.380447	-140.386270	78.737955
-20.375102	-140.270758	76.815179
-20.369077	-140.083416	74.752328
-20.379020	-139.979977	72.746456
-20.376534	-139.837084	70.739316
-20.377521	-139.751814	68.721966
-20.374364	-139.648206	66.709589
-20.380085	-139.665774	64.678348
-20.367761	-139.669578	62.648832
-20.333357	-139.561609	60.648707
-19.544307	-138.756386	60.054047
-18.761344	-136.742533	60.204000
-17.974332	-135.413095	61.745773
-17.289510	-135.390478	63.757283
-17.289880	-135.364449	65.784641
-17.290222	-135.342164	67.798165
-17.293422	-135.309855	69.804409
-17.296112	-135.262328	71.806269
-17.293205	-135.243180	73.808753
-17.290414	-135.207589	75.810193
-17.290420	-135.182274	77.811466
-17.295403	-135.098140	79.807980
-17.292955	-135.090050	81.820575
-17.288347	-135.098804	83.826823
-17.286899	-135.112187	85.827107
-17.301198	-134.966782	87.817031
-17.289459	-134.948769	89.810028
-17.288628	-134.955047	91.814844
-17.288723	-134.876042	93.810110
-17.289803	-134.832098	95.809882
-17.292594	-134.833018	97.814849
-17.288759	-134.918256	99.821418
-17.301611	-134.887224	101.821775
-17.300933	-134.797138	103.817497
-16.670259	-135.833722	105.453354
-17.309017	-135.777850	107.451645
-17.250131	-135.884739	109.446937
-17.255436	-135.927202	111.454090
-17.296946	-135.885918	113.463136
-17.312503	-135.832666	115.458135
-17.315851	-135.743871	117.457308
-17.312624	-135.735278	119.448718
-17.310100	-135.702349	121.445095
-17.305522	-135.659334	123.446143
-17.302977	-135.574842	125.446851
-17.311986	-135.464829	127.444214
-17.337553	-135.345225	129.441791
-17.337749	-135.175833	131.439690
-17.334551	-135.051854	133.435286
-17.330809	-134.933674	135.432224
-17.320291	-134.858242	137.432213
-17.323168	-134.736461	139.429359
-17.322967	-134.614129	141.426434
-17.341520	-134.479801	143.423529
-17.346332	-134.387128	145.421026
-17.351631	-134.219092	147.414759
-17.352929	-134.070189	149.408865
-17.629954	-133.360769	151.285132
-17.617733	-132.733987	153.174535
-17.599915	-132.111986	155.073501
-17.634486	-131.440815	156.949944
-17.637305	-130.736401	158.820052
-17.643096	-129.995697	160.684577
-17.645399	-129.264717	162.550339
-17.648107	-128.544713	164.417026
-17.644516	-127.823931	166.281006
-17.644378	-127.105345	168.148706
-18.434500	-125.272979	168.959265
-19.160679	-123.370988	168.362046
-19.944776	-122.469406	166.587462
-20.593650	-122.820764	164.614429
-20.593444	-123.183871	162.648824
-20.599435	-123.533740	160.680423
-20.600325	-123.870403	158.711692
-20.588076	-124.190217	156.755541
-20.589424	-124.512278	154.776505
-20.588302	-124.836443	152.813777
-20.600319	-125.205128	150.837303
-20.591159	-125.522890	148.876520
-20.600231	-125.921043	146.899348
-20.598684	-126.273507	144.940584
-20.601678	-126.655382	142.970928
-20.598435	-126.957270	140.996235
-20.627876	-127.347713	139.048902
-20.602394	-127.752155	137.070608
-20.587115	-128.083723	135.092019
-20.581961	-128.426426	133.118650
-20.581574	-128.779152	131.147002
-20.598974	-129.148496	129.179278
-20.606837	-129.509773	127.217251
-20.605565	-129.869705	125.255150
-20.604156	-130.221487	123.283978
-20.606688	-130.605400	121.323468
-20.613184	-131.047919	119.365458
-20.594092	-131.413116	117.394966
-21.379669	-132.163661	116.818508
-22.163160	-134.131687	117.157368
-22.948253	-135.256336	118.777307
-23.268276	-135.817653	120.684309
-23.267779	-136.390993	122.602055
-23.261728	-136.961671	124.531063
-23.218396	-137.639488	126.413171
-23.040183	-138.627269	128.147420
-23.251087	-139.216986	130.052581
-23.285137	-139.785234	131.959695
-23.305913	-140.291905	133.895004
-23.315724	-140.772993	135.830084
-23.327927	-141.236112	137.777693
-23.371145	-141.618081	139.744195
-23.543917	-141.700227	141.732307
-23.496360	-141.827820	143.725351
-23.295660	-142.348387	145.653813
-23.283636	-142.898469	147.569162
-23.278985	-143.442343	149.494197
-23.274474	-143.993770	151.420605
-23.274429	-144.559926	153.335058
-23.273714	-145.148330	155.245598
-23.275677	-145.684544	157.171093
-23.271288	-146.255499	159.086221
-23.270195	-146.837524	161.004168
-23.269979	-147.440798	162.905092
-23.269872	-148.047791	164.812574
-24.061574	-147.065011	166.582452
-24.625358	-145.284443	167.554625
-24.632763	-143.523705	168.502191
-24.631094	-141.811430	169.465881
-24.641520	-140.031952	170.408815
-24.632874	-138.305122	171.364947
-24.641244	-136.538255	172.287395
-24.642933	-134.798421	173.236227
-24.651537	-132.998930	174.155124
-24.651265	-131.236815	175.098375
-24.557199	-129.540176	176.149010
-24.736567	-127.704228	176.927814
-24.930831	-125.749723	177.321494
-24.639206	-123.969152	178.268733
-24.595990	-122.271160	179.315112
-24.562524	-120.586050	180.394170
-23.778332	-120.158665	182.342858
-23.414681	-120.442485	184.306077
-23.402527	-120.756582	186.275755
-22.616902	-121.550533	186.845165
-21.831363	-123.539872	186.543049
-21.042724	-124.728414	184.940629
-20.519880	-124.926398	182.954301
-20.508885	-125.116532	180.977700
-20.384392	-125.039798	178.976249
-20.520488	-125.246671	176.985220
-20.513031	-125.430876	174.982259
-20.527222	-125.645644	172.989354
-20.530575	-125.894698	171.018636
-20.539407	-126.140121	169.055029
-20.554236	-126.438817	167.073106
-20.539623	-126.601087	165.115790
-20.552743	-126.850779	163.122310
-20.543983	-127.037282	161.110392
-20.530222	-127.274687	159.115642
-20.515237	-127.430926	157.119996
-20.521231	-127.586035	155.134752
-20.530695	-127.837763	153.119384
-20.529685	-128.079588	151.109866
-20.523997	-128.236317	149.106536
-20.521936	-128.437505	147.129148
-20.532755	-128.616605	145.144684
-20.529393	-128.842609	143.144979
-20.537454	-129.134423	141.167250
-20.531756	-129.450742	139.157498
-20.529347	-129.713353	137.175323
-20.517457	-129.862870	135.196723
-20.513855	-130.030917	133.215653
-20.519374	-130.218569	131.204053
-20.524664	-130.410494	129.208491
-20.538087	-130.634673	127.218729
-20.538744	-130.832408	125.229703
-20.542915	-131.101971	123.231271
-20.540347	-131.320869	121.236298
-20.543536	-131.601909	119.240650
-21.329527	-132.369396	118.623110
-22.115153	-134.359922	118.860438
-22.903599	-135.602076	120.424375
-23.619525	-135.474911	122.412378
-23.621456	-135.359073	124.415749
-23.610541	-135.269795	126.415262
-23.627520	-135.139098	128.406896
-23.629508	-135.009756	130.401259
-23.640101	-134.853687	132.391455
-23.631270	-134.720953	134.376141
-23.632301	-134.588417	136.369471
-23.620041	-134.515895	138.363199
-23.622613	-134.394808	140.351297
-23.638354	-134.253561	142.336786
-23.647088	-134.057784	144.334711
-23.646213	-133.892701	146.328479
-23.645755	-133.713538	148.322276
-23.640879	-133.590250	150.310554
-23.634459	-133.420420	152.301428
-23.612718	-133.337432	154.290375
-23.553240	-133.386682	156.291645
-23.510141	-133.477672	158.258088
-23.690752	-133.177911	160.239280
-23.664396	-132.973624	162.232027
-23.667795	-132.756261	164.223668
-23.666566	-132.578470	166.210579
-23.675614	-132.310300	168.200631
-23.678362	-132.059984	170.187645
-23.689021	-131.783461	172.170245
-23.692287	-131.507349	174.152416
-23.685526	-131.276854	176.140962
-23.672467	-131.028251	178.125428
-23.653856	-130.838959	180.116315
-23.655661	-130.677194	182.111426
-23.655439	-130.530122	184.109516
-23.660685	-130.304947	186.097497
-23.652791	-130.103072	188.090349
-23.651425	-129.964110	190.084088
-23.651573	-129.781394	192.074607
-23.651268	-129.586562	194.065716
-23.653475	-129.403543	196.055679
-24.022671	-128.494755	197.843885
-24.016233	-127.633233	199.644275
-24.023845	-126.757130	201.437320
-24.081960	-125.681694	203.157821
-23.295512	-126.201990	205.090383
-22.512471	-127.911486	206.079994
-23.297164	-128.153132	207.043516
-22.512280	-129.034866	207.540692
-21.723024	-130.959169	207.013892
-20.935033	-131.920540	205.277429
-20.415231	-131.912011	203.280036
-20.411797	-131.903569	201.279273
-20.418621	-131.896143	199.288392
-20.409589	-131.888017	197.292613
-20.418933	-131.884848	195.296865
-20.415526	-131.892159	193.302355
-20.415247	-131.901315	191.305970
-20.404635	-131.874071	189.301112
-20.403533	-131.845500	187.299771
-20.398708	-131.798880	185.301236
-20.396299	-131.777721	183.305902
-20.395868	-131.728875	181.303447
-20.397012	-131.668926	179.302913
-20.415704	-131.662915	177.306820
-20.441725	-131.812553	175.322208
-20.445379	-131.892222	173.324013
-20.444766	-131.921107	171.321035
-20.440715	-131.917359	169.311264
-20.449353	-131.950924	167.307516
-20.469163	-132.109931	165.308647
-20.485102	-132.150590	163.312026
-20.560118	-132.474067	161.342714
-20.739648	-133.120341	159.442247
-20.444179	-133.137188	157.450023
-20.413990	-133.127850	155.450502
-20.418080	-133.117759	153.452713
-20.421393	-133.121942	151.451852
-20.425157	-133.106991	149.449165
-20.421559	-133.108122	147.455941
-20.422493	-133.120366	145.454156
-20.413528	-133.123942	143.441839
-20.408418	-133.075753	141.442998
-20.408093	-133.043178	139.447571
-20.412220	-133.053365	137.449837
-20.412753	-133.015575	135.457071
-20.410777	-132.952758	133.459836
-20.416966	-132.976709	131.460775
-20.407384	-132.890356	129.472945
-20.410998	-132.901088	127.469772
-20.414966	-132.906213	125.455615
-20.411428	-132.880384	123.456496
-20.412077	-132.856646	121.459233
-20.416069	-132.858622	119.463324
-20.411233	-132.875558	117.466973
-19.626869	-132.129310	116.776438
-18.840614	-130.932339	116.791292
-18.055690	-129.543950	118.212003
-17.269603	-129.572514	120.207290
-17.276753	-129.551821	122.207728
-17.290319	-129.513373	124.208081
-17.304359	-129.493733	126.209763
-17.301967	-129.440984	128.197870
-17.282880	-129.454450	130.190837
-17.276792	-129.468502	132.190817
-17.280200	-129.452033	134.188089
-17.278503	-129.431598	136.184393
-17.275044	-129.407515	138.181458
-17.276135	-129.413223	140.181534
-17.275215	-129.378363	142.182660
-17.271647	-129.414303	144.179808
-17.272951	-129.441682	146.185499
-17.271665	-129.401489	148.179296
-17.257264	-129.452047	150.184324
-17.236269	-129.569637	152.183730
-17.212150	-129.755511	154.180837
-17.178655	-129.963313	156.163855
-17.286844	-129.971350	158.166553
-17.286427	-129.906400	160.170562
-17.286840	-129.911192	162.168241
-17.307703	-129.810057	164.165223
-17.317525	-129.706596	166.160645
-17.319967	-129.652096	168.158710
-17.333482	-129.528280	170.158105
-17.347392	-129.346654	172.151087
-17.360957	-129.172899	174.139306
-17.338355	-129.029523	176.136356
-17.296438	-128.973406	178.134464
-17.289698	-128.955248	180.136147
-17.290607	-128.909425	182.136040
-17.288798	-128.883306	184.137147
-17.281692	-128.948458	186.139794
-17.291167	-128.956618	188.139407
-17.295515	-128.941249	190.139981
-17.297646	-128.844766	192.139187
-17.297806	-128.787842	194.138079
-17.297934	-128.695744	196.136703
-17.289935	-128.729207	198.137739
-17.308262	-128.603094	200.134857
-17.334878	-128.534141	202.133657
-17.232785	-128.528418	204.131060
-18.014079	-127.160605	205.612246
-18.805606	-125.152581	205.710856
-19.589377	-124.413459	205.031207
-20.369135	-124.387668	204.040376
-21.152444	-125.736854	202.555529
-21.937245	-127.736175	202.446957
-22.724719	-129.224931	203.785315
-23.516629	-129.243042	205.113922
-24.299093	-128.561371	205.849628
-25.087722	-127.565684	205.898807
-25.870889	-126.092949	204.550295
-26.656918	-125.990453	202.554095
-26.759534	-126.096821	200.563294
-26.755178	-126.198734	198.568468
-26.751769	-126.287287	196.572390
-26.743265	-126.323695	194.578322
-26.743102	-126.407452	192.580855
-26.750292	-126.512917	190.583385
-26.749549	-126.633323	188.584110
-26.743985	-126.720497	186.583752
-26.724715	-126.717280	184.587165
-26.695833	-126.754311	182.585981
-26.624105	-126.648388	180.592207
-26.457568	-126.188681	178.649075
-26.809617	-126.416878	176.663066
-26.764357	-126.485392	174.663546
-26.796223	-126.644106	172.669588
-26.644655	-126.561470	170.679561
-26.818289	-126.784559	168.694675
-26.822702	-126.970843	166.708115
-26.838624	-127.213167	164.725220
-26.858104	-127.521159	162.748280
-26.858221	-127.857765	160.775094
-26.828072	-128.108317	158.792135
-26.795175	-128.307768	156.796422
-26.796852	-128.476229	154.802709
-26.832861	-128.726146	152.822286
-26.803062	-128.984335	150.839143
-26.798454	-129.160839	148.847292
-26.798505	-129.349454	146.856173
-26.801439	-129.583227	144.863594
-26.793931	-129.762024	142.865284
-26.795311	-130.002222	140.883076
-26.791690	-130.167221	138.898128
-26.789752	-130.323055	136.906167
-26.785566	-130.464884	134.913609
-26.784051	-130.565814	132.924529
-26.794531	-130.741613	130.927512
-26.799237	-130.928299	128.931587
-26.797072	-131.128162	126.939731
-26.798837	-131.330236	124.958295
-26.798871	-131.486738	122.965780
-26.800988	-131.668132	120.969187
-26.794845	-131.830579	118.975019
-26.014755	-131.272470	118.213076
-25.224148	-130.189973	118.113511
-24.437764	-128.669988	119.391247
-23.650764	-128.487167	121.383632
-23.549742	-128.534063	123.382430
-23.568767	-128.555074	125.383568
-23.587219	-128.505884	127.371907
-23.561145	-128.503162	129.365641
-23.546339	-128.530287	131.361818
-23.547258	-128.577144	133.363391
-23.546455	-128.596457	135.365093
-23.545934	-128.604596	137.366393
-23.542879	-128.642010	139.365120
-23.544811	-128.681978	141.364885
-23.543849	-128.771245	143.368897
-23.543555	-128.781640	145.368940
-23.546076	-128.748496	147.368039
-23.532268	-128.779268	149.369145
-23.515327	-128.844332	151.361797
-23.501914	-128.945340	153.364643
-23.486078	-129.031174	155.358735
-23.515583	-129.085648	157.351212
-23.570674	-129.064457	159.350518
-23.563450	-129.039778	161.350092
-23.567688	-128.996889	163.345949
-23.573709	-129.038479	165.348064
-23.582626	-128.966902	167.346281
-23.597478	-128.917800	169.346693
-23.606326	-128.798145	171.344305
-23.634272	-128.622330	173.340058
-23.626590	-128.519824	175.338315
-23.568559	-128.514176	177.336181
-23.556993	-128.523997	179.337860
-23.555601	-128.544137	181.337985
-23.555926	-128.545258	183.339433
-23.554829	-128.545422	185.338847
-23.551077	-128.585858	187.340688
-23.553326	-128.610471	189.340187
-23.555762	-128.613022	191.339373
-23.552117	-128.604073	193.339783
-23.558248	-128.623495	195.339664
-23.550344	-128.740310	197.337852
-23.562507	-128.766364	199.334382
-23.627830	-128.680615	201.331822
-23.513692	-128.643787	203.326669
-23.391618	-128.967232	204.975105
-24.178073	-128.386780	205.789602
-24.965959	-127.399431	205.956430
-25.749098	-126.581968	205.374355
-26.538431	-126.413685	204.387143
-27.325708	-126.996296	203.576123
-28.109271	-128.611003	203.309347
-28.890154	-129.550594	203.980594
-29.680110	-129.721673	204.976183
-30.466815	-129.139522	205.790853
-31.255357	-128.147473	205.950833
-32.037855	-127.337856	205.367021
-32.824415	-127.170005	204.380076
-33.610839	-127.754500	203.569601
-33.024901	-127.826621	201.572494
-33.027200	-127.902089	199.572560
-33.017423	-127.966832	197.573476
-33.014440	-128.000769	195.574659
-33.010377	-128.040718	193.574197
-33.010523	-128.019926	191.576489
-33.010775	-128.081375	189.578251
-33.007030	-128.095854	187.579500
-32.997245	-128.127331	185.577918
-32.973693	-128.093527	183.577124
-32.939259	-127.989962	181.579464
-32.908420	-127.819707	179.585703
-33.022330	-127.885762	177.587610
-33.060404	-128.032304	175.591098
-33.311627	-128.671466	173.694562
-33.054543	-128.844473	171.702301
-33.066513	-129.020252	169.709402
-33.081274	-129.270773	167.723659
-33.085358	-129.443349	165.729683
-33.117398	-129.779866	163.753252
-33.166133	-130.128220	161.784963
-33.264986	-130.604351	159.848846
-33.998250	-132.289525	158.786692
-33.211377	-132.662460	156.833850
-33.002140	-132.744083	154.839384
-32.994626	-132.756265	152.837849
-32.996942	-132.768642	150.837282
-33.000600	-132.814489	148.838048
-32.999978	-132.812998	146.838573
-32.996277	-132.861423	144.844484
-32.992673	-132.881707	142.844778
-32.988467	-132.940116	140.844698
-32.978495	-132.904070	138.844210
-32.982400	-132.894025	136.842471
-32.985668	-132.926844	134.842050
-32.989031	-132.971341	132.839957
-32.987724	-132.975160	130.847247
-32.981608	-132.974015	128.847482
-32.974664	-132.938717	126.840974
-32.980350	-132.939094	124.839688
-32.979649	-132.954633	122.842584
-32.969929	-132.854175	120.843816
-32.980396	-132.786589	118.844519
-32.192980	-132.085664	118.142176
-31.408829	-130.514734	118.158048
-30.624477	-129.131767	119.582440
-29.836891	-129.143685	121.589251
-29.847233	-129.146265	123.585732
-29.863576	-129.133731	125.579506
-29.869609	-129.088358	127.581988
-29.851182	-129.071415	129.583750
-29.841094	-129.065422	131.576977
-29.836284	-129.085642	133.577701
-29.840609	-129.104961	135.577911
-29.832577	-129.144083	137.578295
-29.835657	-129.187405	139.581956
-29.834017	-129.250914	141.583979
-29.839361	-129.264420	143.584238
-29.837161	-129.294804	145.584960
-29.829279	-129.369240	147.587402
-29.829228	-129.349223	149.582811
-29.810914	-129.431508	151.585067
-29.785073	-129.532928	153.582531
-29.750590	-129.756438	155.577044
-29.797346	-129.812535	157.580307
-29.866247	-129.788523	159.586909
-29.849591	-129.789660	161.584270
-29.865714	-129.758373	163.586724
-29.876342	-129.699601	165.587578
-29.879982	-129.651403	167.586293
-29.891351	-129.578406	169.584654
-29.908212	-129.474305	171.581227
-29.923800	-129.333953	173.572115
-29.914370	-129.210706	175.564500
-29.873726	-129.144457	177.561330
-29.862511	-129.108377	179.563211
-29.862599	-129.044214	181.566393
-29.853867	-129.103679	183.569473
-29.861429	-129.062838	185.568904
-29.858501	-129.069704	187.568076
-29.863035	-129.065616	189.569039
-29.870154	-128.980426	191.569039
-29.860975	-129.009119	193.568900
-29.876579	-128.966139	195.566380
-29.881099	-128.889087	197.565613
-29.887300	-128.760972	199.562149
-29.964859	-128.500320	201.548216
-29.759356	-128.635740	203.538976
-29.738163	-128.767983	204.783718
-29.455957	-129.163463	205.707769
-28.670915	-130.088741	206.091973
-27.879845	-131.013032	205.708163
-27.090876	-131.394168	204.780402
-26.306394	-131.007242	203.858116
-25.521194	-129.467968	203.231893
-24.737046	-128.288721	203.724171
-23.952884	-127.886296	204.664680
-23.162695	-128.277011	205.591902
-22.379704	-129.201239	205.968126
-21.587688	-130.125681	205.579368
-20.804472	-130.498505	204.649702
-20.018291	-130.108674	203.729295
-20.593094	-130.453675	201.760853
-20.428294	-130.480120	199.764705
-20.425712	-130.498180	197.764825
-20.424436	-130.507769	195.765166
-20.424808	-130.502519	193.762472
-20.424585	-130.528108	191.765369
-20.423640	-130.548659	189.766819
-20.417428	-130.588612	187.772507
-20.408855	-130.563347	185.771218
-20.402602	-130.558030	183.772332
-20.394297	-130.519123	181.774395
-20.407529	-130.473951	179.773160
-20.434590	-130.456178	177.771277
-20.461621	-130.538293	175.773586
-20.462568	-130.608660	173.775179
-20.459812	-130.759852	171.781021
-20.460772	-130.780252	169.779573
-20.473372	-130.886256	167.782830
-20.484205	-131.068593	165.790415
-20.505518	-131.201698	163.796517
-20.568860	-131.478090	161.820480
-20.743522	-132.079792	159.920453
-21.143714	-133.376245	158.422173
-20.406880	-133.340027	156.423382
-20.408080	-133.327785	154.425598
-20.414885	-133.302316	152.428198
-20.414842	-133.268099	150.426567
-20.420909	-133.252226	148.425707
-20.422578	-133.235524	146.423452
-20.420825	-133.232705	144.426215
-20.413200	-133.234310	142.424892
-20.406661	-133.190953	140.423963
-20.410075	-133.191727	138.417653
-20.412706	-133.206655	136.417235
-20.405458	-133.157550	134.416179
-20.413081	-133.159374	132.417089
-20.414027	-133.193465	130.418115
-20.399692	-133.158912	128.414796
-20.574104	-133.447679	126.444714
-20.380367	-133.341268	124.446194
-20.380441	-133.254656	122.450898
-20.386113	-133.203398	120.451997
-20.388970	-133.171297	118.452609
-19.607170	-132.496612	117.762124
-18.820627	-130.524865	117.811063
-18.032357	-129.164164	119.258538
-17.269109	-129.169944	121.257544
-17.277427	-129.185906	123.262211
-17.297221	-129.147707	125.254654
-17.308614	-129.069481	127.248425
-17.290561	-129.043224	129.244580
-17.275946	-129.052207	131.245100
-17.273212	-129.077554	133.243499
-17.273003	-129.072753	135.244783
-17.273730	-129.094773	137.247367
-17.268387	-129.111243	139.244657
-17.265295	-129.146254	141.243592
-17.270041	-129.122818	143.242085
-17.264195	-129.158952	145.241119
-17.262997	-129.160871	147.240389
-17.259812	-129.179124	149.236378
-17.243602	-129.272153	151.234432
-17.225589	-129.309711	153.232252
-17.189232	-129.489675	155.224642
-17.212894	-129.642199	157.217126
-17.293737	-129.616256	159.218241
-17.293687	-129.565776	161.219474
-17.294014	-129.398083	163.214975
-17.303587	-129.328057	165.213272
-17.307532	-129.260771	167.214416
-17.317066	-129.159872	169.211970
-17.334577	-129.056167	171.207181
-17.349209	-128.963095	173.202115
-17.350296	-128.878032	175.199126
-17.303219	-128.834103	177.199035
-17.284909	-128.769745	179.201050
-17.286895	-128.796730	181.199867
-17.278913	-128.899293	183.201267
-17.285905	-128.918004	185.202058
-17.291074	-128.906160	187.202557
-17.285908	-128.923728	189.201291
-17.290327	-128.903362	191.199023
-17.296124	-128.838322	193.195479
-17.293191	-128.867654	195.194458
-17.300692	-128.761236	197.194632
-17.297002	-128.707452	199.194533
-17.281033	-128.693111	201.195568
-17.255755	-128.752957	203.194125
-17.264355	-128.703409	204.809911
-16.481253	-129.419752	205.505891
-17.265922	-129.431834	206.508603
-18.049117	-128.736067	207.224400
-18.836764	-127.734800	207.238132
-19.621275	-126.982517	206.509338
-20.405709	-126.958504	204.934321
-21.190287	-127.884543	203.975745
-21.973010	-128.879680	203.960476
-22.758174	-129.596837	204.656080
-23.544880	-129.616380	205.656862
-24.326529	-128.920337	206.373517
-25.115950	-127.917477	206.393347
-25.899284	-127.199674	205.692649
-26.688017	-127.179113	204.692568
-27.475077	-127.874464	203.975477
-28.257099	-128.870365	203.958995
-29.043159	-129.589088	204.654151
-29.829356	-129.605594	205.653030
-30.611291	-128.912510	206.369576
-31.398808	-127.910054	206.387187
-32.186186	-126.472257	204.989135
-32.974772	-126.445450	202.986023
-33.043331	-126.552782	200.992576
-33.032865	-126.637581	198.996285
-33.030621	-126.724221	196.997951
-33.026495	-126.815423	194.996731
-33.020191	-126.864615	193.000746
-33.027909	-126.972299	191.000403
-33.019849	-127.053671	189.002234
-33.018482	-127.117378	187.002333
-33.001963	-127.148055	185.001074
-32.976139	-127.157416	182.997596
-32.907950	-126.959782	181.005047
-32.770650	-126.523898	179.050604
-33.073259	-126.629603	177.066806
-33.026543	-126.720394	175.067612
-33.061094	-126.886279	173.068732
-33.087721	-127.142011	171.079198
-32.970209	-127.043613	169.086384
-33.108000	-127.295257	167.102349
-33.115380	-127.524737	165.116824
-33.126997	-127.817127	163.139035
-33.142988	-128.076493	161.161204
-33.124891	-128.303266	159.178341
-33.047882	-128.438554	157.185795
-33.080708	-128.636912	155.193957
-33.100928	-128.959146	153.217396
-33.075548	-129.105422	151.223175
-33.075549	-129.266014	149.225714
-33.074018	-129.406727	147.231908
-33.082808	-129.571691	145.239826
-33.075588	-129.692527	143.243878
-33.085101	-129.934831	141.258326
-33.074847	-130.115355	139.267914
-33.077818	-130.337193	137.277302
-33.068481	-130.481090	135.283895
-33.075636	-130.669498	133.296216
-33.067387	-130.853654	131.309893
-33.072752	-131.022746	129.318059
-33.076255	-131.227088	127.326776
-33.075978	-131.410461	125.336240
-33.075508	-131.532403	123.339859
-33.081292	-131.770925	121.351882
-33.075352	-131.939515	119.356033
-33.860815	-132.681828	118.710133
-34.649334	-134.721252	118.901561
-35.433813	-135.989397	120.436207
-36.191011	-135.848092	122.430620
-36.190714	-135.733711	124.449307
-36.170670	-135.642156	126.450435
-36.188272	-135.526001	128.450362
-36.199681	-135.366014	130.437923
-36.204659	-135.232461	132.434250
-36.201973	-135.081086	134.431942
-36.196112	-134.919164	136.431592
-36.188198	-134.759232	138.431765
-36.187526	-134.630357	140.431554
-36.200800	-134.472847	142.427390
-36.217629	-134.261710	144.415099
-36.216173	-134.105268	146.407241
-36.209893	-133.997453	148.404436
-36.210525	-133.854104	150.398405
-36.210340	-133.756931	152.394923
-36.204819	-133.626912	154.394070
-36.176365	-133.477367	156.391436
-36.088595	-133.586574	158.253922
