0.015375
0.009151
0.005944
0.002287
0.006504
0.002537
0.004834
0.002514
0.002220
0.002135
0.002311
0.002151
0.002128
0.002032
0.001985
0.001990
0.002247
0.002301
0.002502
0.002056
0.002109
0.001949
0.002087
0.002337
0.001935
0.006640
0.002150
0.002328
0.001865
0.001762
0.001733
0.001687
0.001559
0.001452
0.001451
0.001412
0.001426
0.001499
0.001374
0.001650
0.001414
0.001330
0.001582
0.001441
0.001463
0.001561
0.001336
0.001341
0.001379
0.001358
0.001104
0.001174
0.001096
0.001035
0.001067
0.001011
0.000951
0.000957
0.000936
0.000923
0.000978
0.000945
0.001062
0.000938
0.002219
0.000947
0.000989
0.001157
0.000786
0.000834
0.000865
0.000761
0.000775
0.000756
0.000922
0.000843
0.000869
0.001246
0.000936
0.000761
0.000814
0.001024
0.000787
0.000865
0.000861
0.000956
0.000920
0.000883
0.000857
0.001270
0.000834
0.000887
0.001142
0.000794
0.000856
0.000847
0.000886
0.000857
0.000778
0.000940
0.000915
0.000879
0.000858
0.000791
0.000899
0.000831
0.000968
0.000779
0.000969
0.000891
0.000870
0.000754
0.000971
0.000919
0.000881
0.000898
0.000938
0.000858
0.000843
0.000897
0.000920
0.000840
0.000918
0.000903
0.000877
0.000880
0.000979
0.000831
0.000849
0.000882
0.000881
0.000925
0.000869
0.000854
0.000971
0.000919
0.000878
0.000903
0.000910
0.000954
0.000869
0.000888
0.000885
0.000893
0.000941
0.000936
0.000914
0.001027
0.000861
0.000905
0.001703
0.001003
0.000950
0.000865
0.000894
0.000910
0.000915
0.000970
0.001001
0.000976
0.000954
0.000965
0.000895
0.000979
0.000966
0.000828
0.000960
0.000897
0.000902
0.000881
0.000881
0.000924
0.000896
0.000905
0.000934
0.000899
0.000917
0.000919
0.000915
0.000908
0.001003
0.000864
0.000859
0.000884
0.000885
0.000880
0.000940
0.000818
0.000880
0.000910
0.001188
0.000912
0.000894
0.000942
0.000901
0.000932
0.000874
0.000996
0.001158
0.001435
0.001170
0.001433
0.001070
0.001099
0.001195
0.001182
0.001195
0.001208
0.001314
0.001244
0.001211
0.001183
0.001381
0.001505
0.001582
0.001472
0.001477
0.001491
0.001555
0.001591
0.001875
0.001425
0.001395
0.001316
0.001409
0.001268
0.001208
0.001161
0.001328
0.001393
0.001460
0.001588
0.001640
0.001900
0.001936
0.001766
0.001875
0.002068
0.001969
0.002274
0.001800
0.001780
0.002238
0.002020
0.001905
0.002073
0.001844
0.002047
0.002320
0.002088
0.002074
0.002153
0.002185
0.002241
0.002343
0.002609
0.003036
0.003220
0.003001
0.002985
0.003247
0.003113
0.002903
0.002703
0.002958
0.002890
0.003016
0.003219
0.003998
0.003948
0.003336
0.003484
0.003611
0.004250
0.003490
0.004102
0.003899
0.003877
0.003865
0.004267
0.003392
0.003234
0.003588
0.003118
0.003228
0.003059
0.003115
0.003147
0.003082
0.002773
0.003463
0.003619
0.003386
0.003457
0.003192
0.002898
0.002483
0.002286
0.001965
0.001832
0.001921
0.002396
0.002418
0.002386
0.002883
0.002534
0.002626
0.002698
0.003141
0.003311
0.002742
0.003150
0.003122
0.003210
0.003224
0.003314
0.004459
0.003256
0.003160
0.004731
0.003596
0.003948
0.004161
0.003974
0.003893
0.003729
0.004801
0.004619
0.004916
0.004150
0.004120
0.003947
0.004083
0.004285
0.003789
0.003725
0.003562
0.004093
0.003449
0.003994
0.003440
0.003221
0.002816
0.002696
0.002481
0.002444
0.002510
0.002546
0.002129
0.001873
0.002084
0.001759
0.001702
0.001673
0.001811
0.001693
0.001641
0.001688
0.001455
0.001450
0.001507
0.001791
0.001615
0.001630
0.000882
0.000979
0.000947
0.000867
0.001157
0.000995
0.000949
0.001156
0.000919
0.000917
0.000925
0.000883
0.001207
0.000946
0.000896
0.000902
0.000863
0.001144
0.000875
0.000863
0.000930
0.000972
0.000964
0.001026
0.001185
0.000926
0.000943
0.000969
0.000879
0.001082
0.001019
0.000846
0.000954
0.000939
0.000878
0.000966
0.000993
0.000872
0.000899
0.000895
0.001044
0.000932
0.001275
0.001390
0.001305
0.001636
0.001563
0.001742
0.001592
0.001639
0.001817
0.002107
0.001956
0.002109
0.002373
0.002088
0.002117
0.002208
0.002111
0.001822
0.001836
0.001958
0.001753
0.001737
0.001586
0.001693
0.001709
0.001577
0.001420
0.001411
0.001551
0.001292
0.001240
0.001301
0.001497
0.001417
0.001396
0.001540
0.001650
0.001721
0.001619
0.001679
0.001937
0.001685
0.001486
0.001273
0.001221
0.001184
0.001252
0.000928
0.000917
0.000878
0.001080
0.000905
0.001412
0.000853
0.000974
0.001173
0.000965
0.000902
0.000967
0.001040
0.000903
0.000999
0.000937
0.000948
0.000915
0.000904
0.000934
0.000985
0.001134
0.001377
0.000953
0.000945
0.000910
0.000862
0.000898
0.000892
0.000858
0.001088
0.001363
0.001441
0.001493
0.001612
0.001791
0.001757
0.001790
0.001759
0.001931
0.002388
0.002639
0.003167
0.002974
0.003099
0.003195
0.003461
0.003284
0.003501
0.003627
0.003557
0.003165
0.003174
0.002916
0.003035
0.003168
0.003420
0.003406
0.003009
0.003999
0.004148
0.004065
0.004287
0.004577
0.004947
0.004689
0.004408
0.004510
0.004846
0.004748
0.004729
0.004274
0.004352
0.004257
0.003827
0.003283
0.003597
0.004051
0.003966
0.004265
0.004052
0.004209
0.003886
0.003854
0.003547
0.003293
0.003385
0.003070
0.002776
0.003296
0.003353
0.006515
0.004019
0.003663
0.003637
0.003013
0.003280
0.003548
0.003551
0.003485
0.003776
0.004247
0.003708
0.003698
0.004235
0.003522
0.003750
0.003783
0.003876
0.003512
0.003696
0.003554
0.003596
0.003140
0.003192
0.003169
0.003020
0.002772
0.002618
0.002531
0.002785
0.002557
0.002561
0.002301
0.002192
0.002361
0.002222
0.002479
0.002086
0.002230
0.002526
0.006655
0.002092
0.002274
0.002146
0.002045
0.002394
0.002246
0.002132
0.002124
0.002058
0.002628
0.002317
0.002459
0.002353
0.002579
0.002537
0.002674
0.002986
0.003286
0.003482
0.003314
0.003617
0.003063
0.003108
0.003378
0.003313
0.003441
0.003580
0.003135
0.003042
0.002492
0.002322
0.002523
0.002628
0.002427
0.002395
0.002948
0.002522
0.002958
0.003004
0.002598
0.003432
0.003472
0.003653
0.003349
0.003083
0.003142
0.004115
0.003857
0.003788
0.003277
0.003368
0.002892
0.003043
0.002339
0.002278
0.001806
0.002210
0.001834
0.001478
0.000932
0.001180
0.000895
0.001128
0.001019
0.001141
0.001484
0.001097
0.000965
0.000948
0.001159
0.001006
0.001146
0.001033
0.001052
0.001060
0.001056
0.000934
0.000955
0.000890
0.001079
0.001066
0.000933
0.000994
0.000913
0.001442
0.000895
0.001352
0.001164
0.000905
0.001139
0.001125
0.000932
0.001051
0.000953
0.001132
0.001061
0.001228
0.000972
0.001046
0.001017
0.001167
0.001063
0.001020
0.001186
0.001152
0.001016
0.001136
0.000897
0.001146
0.001024
0.001044
0.001006
0.001017
0.001102
0.001009
0.001485
0.001718
0.001851
0.002096
0.002067
0.002084
0.002103
0.002126
0.001965
0.001922
0.001104
0.000957
0.000911
0.001046
0.001137
0.000942
0.000898
0.001113
0.001095
0.001115
0.000919
0.000987
0.000913
0.000890
0.001288
0.001104
0.000907
0.000947
0.000921
0.000882
0.000952
0.000869
0.000978
0.000987
0.001109
0.000944
0.000972
0.000956
0.000859
0.001028
0.000842
0.001005
0.001159
0.000955
0.000959
0.000955
0.000914
0.001145
0.001590
0.001154
0.001032
0.000946
0.000930
0.002667
0.000945
0.001015
0.000979
0.000989
0.000975
0.000988
0.001301
0.001008
0.001001
0.000933
0.001088
0.001161
0.001064
0.000916
0.001036
0.000921
0.000995
0.001156
0.001062
0.000937
0.001634
0.001888
0.001863
0.002033
0.001903
0.002417
0.002081
0.002246
0.002349
0.001953
0.001835
0.001729
0.001600
0.001607
0.001817
0.001677
0.001641
0.001688
0.001617
0.001747
0.000936
0.001062
0.000950
0.001128
0.000972
0.001045
0.000909
0.000941
0.001141
0.000991
0.001009
0.001342
0.000962
0.001013
0.000875
0.001155
0.000950
0.002725
0.001839
0.002461
0.001654
0.001590
0.001791
0.001966
0.001855
0.002495
0.002071
0.001953
0.001884
0.002192
0.001991
0.001708
0.001637
0.001618
0.001612
0.001501
0.001390
0.001581
0.000896
0.000884
0.001149
0.000898
0.000973
0.000949
0.000967
0.001043
0.000867
0.000996
0.000978
0.001174
0.001548
0.001331
0.001883
0.002125
0.001947
0.002132
0.002100
0.001814
0.001945
0.003173
0.002507
0.002792
0.002784
0.002406
0.002023
0.002082
0.002748
0.001729
0.001627
0.001794
0.001636
0.001900
0.001522
0.001076
0.000905
0.001077
0.001101
0.000980
0.000970
0.000977
0.001316
0.000978
0.001072
0.001022
0.000996
0.000946
0.000970
0.000986
0.000937
0.001167
0.000948
0.001094
0.001501
0.001652
0.001575
0.001760
0.001668
0.001792
0.001565
0.001797
0.001916
0.001674
0.001953
0.002104
0.002158
0.002152
0.002165
0.002611
0.002216
0.002355
0.002630
0.002694
0.002599
0.003208
0.003265
0.003701
0.003503
0.003714
0.003572
0.003802
0.003603
0.003371
0.003564
0.003638
0.003236
0.003268
0.003542
0.003476
0.003057
0.003279
0.003265
0.003465
0.003306
0.003391
0.003474
0.003067
0.003277
0.003226
0.003698
0.003033
0.003428
0.002861
0.002962
0.002801
0.002960
0.002859
0.003002
0.002622
0.002433
0.002456
0.002418
0.002631
0.002648
0.002763
0.002558
0.002506
0.002575
0.002137
0.002278
0.001962
0.002381
0.002208
0.001977
0.002562
0.002423
0.002415
0.002282
0.002476
0.002204
0.002529
0.003388
0.003926
0.003885
0.004480
0.003948
0.003779
0.004293
0.003759
0.004564
0.004075
0.004081
0.004484
0.004192
0.004356
0.004610
0.004496
0.004160
0.004907
0.004938
0.004820
0.005567
0.006020
0.005732
0.005519
0.005508
0.005577
0.005524
0.004854
0.005114
0.005297
0.005689
0.005219
0.004926
0.005192
0.005272
0.005486
0.004971
0.005040
0.004418
0.004596
0.003958
0.003691
0.003668
0.003678
0.004185
0.003992
0.003951
0.004020
0.003668
0.003089
0.003264
0.003021
0.002935
0.002763
0.002808
0.003190
0.003069
0.003173
0.002918
0.003165
0.003200
0.003424
0.003394
0.003124
0.002936
0.003048
0.003031
0.002686
0.003121
0.003120
0.003332
0.003557
0.003404
0.003350
0.003369
0.003073
0.003072
0.003072
0.003457
0.003115
0.003111
0.003493
0.003568
0.003883
0.003829
0.003476
0.003537
0.003381
0.003116
0.003316
0.003421
0.003284
0.003447
0.003915
0.003779
0.003340
0.004077
0.004135
0.004186
0.004075
0.003859
0.003376
0.003175
0.003259
0.002750
0.003150
0.003200
0.003259
0.002412
0.002928
0.002521
0.002753
0.002420
0.002576
0.002453
0.002103
0.001775
0.002064
0.002106
0.001846
0.002062
0.002053
0.002321
0.002924
0.002469
0.002771
0.002106
0.002269
0.002448
0.002453
0.002509
0.002443
0.002693
0.002680
0.002873
0.002799
0.003130
0.002415
0.002512
0.002881
0.003100
0.003059
0.003046
0.003076
0.003126
0.003093
0.003251
0.003721
0.004269
0.003757
0.003817
0.003413
0.003534
0.003473
0.003211
0.003701
0.003844
0.003424
0.003465
0.003485
0.003526
0.003300
0.004030
0.004101
0.003822
0.003570
0.003510
0.003900
0.003778
0.003455
0.003406
0.003149
0.003544
0.003570
0.003531
0.003628
0.003406
0.003933
0.003888
0.003907
0.004235
0.004396
0.003876
0.003942
0.003755
0.003939
0.004282
0.003855
0.004051
0.004277
0.003675
0.004018
0.003986
0.003629
0.003267
0.003418
0.004231
0.004323
0.004691
0.004209
0.004237
0.004305
0.004086
0.004161
0.004285
0.004080
0.004257
0.004186
0.004418
0.004301
0.004570
0.004374
0.004510
0.004036
0.004296
0.004300
0.004675
0.004319
0.004229
0.004077
0.003958
0.003892
0.003428
0.003572
0.003622
0.003542
0.003288
0.003625
0.002981
0.003256
0.003220
0.003228
0.002894
0.002629
0.002293
0.002469
0.002584
0.002515
0.002479
0.001839
0.002133
0.002598
0.002185
0.002478
0.002901
0.002861
0.003173
0.003266
0.002935
0.002844
0.002871
0.002981
0.003369
0.003631
0.003383
0.004180
0.004202
0.004676
0.004747
0.004944
0.005040
0.005131
0.005490
0.005035
0.004897
0.005455
0.005590
0.005834
0.005875
0.005797
0.005765
0.004647
0.004388
0.004969
0.004658
0.004731
0.005134
0.005020
0.005602
0.005025
0.005459
0.005453
0.005549
0.005340
0.005507
0.005077
0.005114
0.005114
0.004873
0.005173
0.004972
0.004716
0.004380
0.011582
0.004721
0.004561
0.005212
0.005145
0.005598
0.005600
0.006213
0.005647
0.005636
0.005696
0.005545
0.005591
0.005549
0.005579
0.004799
0.005174
0.004900
0.004831
0.004919
0.004946
0.004759
0.004264
0.004279
0.004499
0.004217
0.004612
0.003843
0.004161
0.003765
0.004015
0.003733
0.004119
0.003759
0.003493
0.003380
0.003321
0.003418
0.002239
0.003063
0.003032
0.003201
0.002677
0.002957
0.003382
0.003230
0.003135
0.003090
0.002576
0.002636
0.002478
0.002627
0.002981
0.003226
0.002974
0.003343
0.002994
0.003377
0.003371
0.003029
0.003092
0.003077
0.002993
0.003229
0.003389
0.003766
0.004168
0.004459
0.004308
0.004520
0.004456
0.005620
0.004428
0.004751
0.005143
0.005447
0.004642
0.005189
0.005400
0.005231
0.005636
0.005542
0.005890
0.005668
0.005207
0.004935
0.004349
0.004679
0.004575
0.004615
0.005130
0.004577
0.004770
0.004870
0.003893
0.003245
0.003713
0.003877
0.003533
0.003077
0.003716
0.003391
0.003533
0.004322
0.004039
0.004001
0.004216
0.003739
0.003823
0.003870
0.003831
0.004422
0.004514
0.003808
0.003999
0.004306
0.003906
0.005043
0.004927
0.004642
0.004866
0.004953
0.004488
0.004854
0.004877
0.005276
0.005298
0.005154
0.005279
0.005056
0.005333
0.005232
0.005404
0.005640
0.005642
0.005599
0.005704
0.005621
0.005580
0.005650
0.005656
0.005619
0.005269
0.005634
0.004501
0.004984
0.004417
0.004465
0.004192
0.003817
0.003725
0.004181
0.003776
0.003464
0.003417
0.003546
0.003541
0.003506
0.003405
0.003155
0.003021
0.003397
0.003496
0.003060
0.002747
0.003266
0.003750
0.003509
0.003890
0.003831
0.003867
0.003459
0.003502
0.003413
0.003106
0.003060
0.003920
0.003927
0.003607
0.003848
0.003842
0.004069
0.003015
0.003089
0.003448
0.003799
0.003899
0.004222
0.004269
0.004351
0.004253
0.004323
0.004334
0.004577
0.004359
0.004717
0.004200
0.004650
0.004634
0.004650
0.005334
0.005484
0.005098
0.005501
0.005482
0.005334
0.005119
0.005087
0.005467
0.005586
0.005521
0.005538
0.004825
0.005375
0.005817
0.005840
0.005270
0.006010
0.005151
0.005515
0.005307
0.005436
0.005564
0.004944
0.004259
0.004590
0.004115
0.005029
0.005026
0.005181
0.005052
0.005030
0.003738
0.003900
0.003486
0.003721
0.003893
0.003720
0.003977
0.003076
0.003062
0.004140
0.003916
0.003876
0.004890
0.003926
0.003739
0.004068
0.003464
0.003482
0.003419
0.003031
0.003046
0.003180
0.003182
0.002870
0.003224
0.003225
0.002753
0.002749
0.002709
0.003040
0.003055
0.002813
0.003119
0.003145
0.003471
0.003614
0.003204
0.003521
0.003952
0.003436
0.004071
0.003374
0.003927
0.003776
0.003592
0.003099
0.003402
0.003499
0.003433
0.003456
0.003480
0.003189
0.003945
0.004008
0.005107
0.004933
0.005115
0.005274
0.004630
0.004225
0.004562
0.004954
0.004607
0.005316
0.005438
0.005703
0.005816
0.005501
0.005376
0.005464
0.005412
0.005433
0.005214
0.005316
0.005362
0.005500
0.005323
0.005409
0.005339
0.005029
0.004823
0.005047
0.005061
0.005382
0.005397
0.005575
0.005515
0.004461
0.004426
0.005010
0.004634
0.004182
0.004549
0.005027
0.005132
0.004189
0.003435
0.003429
0.003926
0.003414
0.003496
0.003432
0.003412
0.003077
0.003043
0.003942
0.003876
0.003776
0.003382
0.004116
0.003976
0.003513
0.003424
0.003446
0.002891
0.003032
0.003348
0.003135
0.003100
0.003087
0.003072
0.003084
0.003057
0.003148
0.002663
0.003057
0.003115
0.003163
0.002966
0.003078
0.003069
0.002671
0.002713
0.003051
0.002720
0.003068
0.003145
0.003440
0.003443
0.004077
0.003943
0.003923
0.003877
0.004039
0.003924
0.002725
0.002830
0.003081
0.003847
0.003378
0.004264
0.003813
0.004164
0.003827
0.004137
0.004326
0.004544
0.004628
0.004561
0.004718
0.004652
0.004253
0.004664
0.005349
0.005465
0.005394
0.005484
0.005217
0.005644
0.005057
0.005225
0.005436
0.005350
0.005555
0.005588
0.005268
0.005444
0.005375
0.004938
0.005134
0.004560
0.005494
0.004936
0.004717
0.005653
0.005066
0.004969
0.004676
0.004671
0.004519
0.004242
0.004095
0.004646
0.004575
0.004048
0.003936
0.003481
0.003942
0.003886
0.003539
0.003440
0.003306
0.003119
0.003044
0.003834
0.003643
0.003853
0.003835
0.003812
0.003857
0.003838
0.003502
0.003414
0.003588
0.002937
0.003139
0.003131
0.003171
0.003100
0.003221
0.003048
0.003077
0.003140
0.003244
0.003137
0.003130
0.003073
0.003021
0.003126
0.003134
0.003008
0.003167
0.003109
0.003109
0.003014
0.002766
0.002886
0.003200
0.003209
0.003064
0.003877
0.003545
0.003906
0.003880
0.003879
0.003879
0.003842
0.003170
0.003103
0.003438
0.003187
0.003518
0.003754
0.003603
0.003517
0.004018
0.004210
0.005091
0.004939
0.006010
0.006712
0.004176
0.004218
0.003983
0.004653
0.005354
0.005178
0.005261
0.005304
0.005191
0.005546
0.005006
0.004955
0.005190
0.004979
0.005051
0.005167
0.006341
0.005447
0.005468
0.005454
0.005068
0.004796
0.004840
0.005501
0.005085
0.006236
0.005739
0.004757
0.005060
0.006071
0.004400
0.004834
0.004364
0.004742
0.004794
0.005763
0.003494
0.003299
0.004399
0.003539
0.003431
0.003280
0.003421
0.003434
0.002879
0.003645
0.003491
0.003998
0.003511
0.003661
0.004138
0.003572
0.003182
0.003705
0.003338
0.003063
0.002884
0.003833
0.002954
0.002987
0.002614
0.002997
0.003333
0.003272
0.006714
0.003030
0.002644
0.002966
0.003210
0.003161
0.002898
0.003097
0.003392
0.003891
0.002903
0.002729
0.002801
0.002782
0.003466
0.004038
0.003355
0.003553
0.003451
0.003630
0.003920
0.003582
0.003723
0.003830
0.003147
0.002830
0.003313
0.003366
0.003349
0.003735
0.003861
0.003117
0.003374
0.004837
0.004608
0.005014
0.004722
0.004647
0.004352
0.004598
0.004677
0.004871
0.005210
0.005306
0.005420
0.005546
0.006392
0.005695
0.005656
0.004969
0.004897
0.004986
0.006109
0.005228
0.005005
0.005795
0.004923
0.005776
0.004772
0.005029
0.005039
0.004824
0.006626
0.005633
0.006117
0.004820
0.004157
0.004846
0.004357
0.004652
0.004532
0.004315
0.005331
0.003932
0.003615
0.003631
0.003571
0.003577
0.003453
0.003090
0.003584
0.002837
0.003156
0.003521
0.003767
0.003956
0.004147
0.003600
0.003895
0.004300
0.004046
0.004160
0.003821
0.002825
0.003218
0.003411
0.003080
0.003137
0.002764
0.003582
0.008201
0.002534
0.002639
0.002834
0.003144
0.002886
0.003442
0.002765
0.003526
0.002882
0.002790
0.002986
0.002872
0.003251
0.002939
0.010010
0.002812
0.003003
0.003376
0.003063
0.002966
0.002806
0.003105
0.003217
0.003088
0.002857
0.003318
0.003656
0.004550
0.003332
0.003791
0.003736
0.003841
0.003938
0.004516
0.002967
0.003035
0.003542
0.003625
0.003816
0.004780
0.003827
0.004589
0.003701
0.004136
0.004345
0.004386
0.004988
0.005677
0.004345
0.004420
0.004295
0.005485
0.005516
0.005492
0.005319
0.004945
0.005803
0.004801
0.004949
0.005592
0.004832
0.005317
0.005355
0.005312
0.005457
0.005793
0.005850
0.005869
0.005752
0.005909
0.005805
0.005895
0.005703
0.005520
0.005398
0.004651
0.004555
0.004135
0.004728
0.005080
0.004866
0.005003
0.005101
0.003879
