0.111883
0.146510
0.170953
0.376464
0.355768
0.086389
0.088862
0.109130
0.089593
0.114791
0.139657
0.098173
0.089245
0.146866
0.089454
0.112161
0.170467
0.086953
0.086296
0.357437
0.125133
0.293001
0.094532
0.092598
0.080017
0.081729
0.102968
0.116865
0.143158
0.104399
0.089157
0.092459
0.136410
0.173789
0.138552
0.115301
0.113082
0.096487
0.092602
0.102730
0.072853
0.078629
0.091307
0.078239
0.089905
0.074639
0.162223
0.097074
0.081562
0.073434
0.090494
0.099044
0.090098
0.085307
0.087716
0.082055
0.087551
0.074944
0.096794
0.119468
0.080052
0.077927
0.078768
0.078316
0.098548
0.063443
0.079232
0.089533
0.081435
0.089660
0.592997
0.086992
0.116429
0.095538
0.089114
0.083517
0.076211
0.085923
0.091404
0.083069
0.080735
0.076286
0.086129
0.096197
0.093423
0.092740
0.095788
0.091873
0.093769
0.083031
0.089308
0.140557
0.107891
0.150858
0.124167
0.080247
0.102105
0.093180
0.090858
0.094411
0.291653
0.137535
0.091475
0.090845
0.095441
0.117572
0.096158
0.098196
0.097006
0.126920
0.094812
0.106498
0.113481
0.089105
0.096844
0.095525
0.108124
0.098934
0.103512
0.108767
0.131166
0.113843
0.169637
0.093182
0.106070
0.090671
0.089538
0.102325
0.096789
0.632898
0.124197
0.129849
0.187249
0.128673
0.106952
0.106274
0.107324
0.121532
0.117902
0.101225
0.093170
0.106189
0.115958
0.112688
0.143281
0.137640
0.119192
0.111063
0.139786
0.131445
0.102449
0.090444
0.166116
0.119082
0.095708
0.105895
0.100666
0.092353
0.101602
0.119869
0.103202
0.118686
0.158242
0.118420
0.131930
0.168411
0.114467
0.101943
0.119434
0.092544
0.093981
0.144704
0.102707
0.147984
0.115716
0.125209
0.122137
0.126582
0.559308
0.117851
0.126250
0.114045
0.103386
0.110407
0.123477
0.125135
0.712993
0.153530
0.122505
0.747082
0.133125
0.136828
0.127676
0.128676
0.154583
0.151300
0.156172
0.151937
0.135095
0.135559
0.149150
0.149374
0.137874
0.159079
0.131943
0.161058
0.179008
0.152614
0.145261
0.159918
0.147790
0.140259
0.119216
0.140796
0.143589
0.144252
0.261545
0.170609
0.231877
0.148749
0.154964
1.165116
0.133364
0.135711
0.161083
0.125670
0.138216
0.135146
0.138550
0.193618
0.136226
0.128807
0.136506
0.181996
0.144832
0.161974
0.137706
0.135273
0.147416
0.133403
0.133857
0.140487
0.137764
0.147150
0.130037
0.136547
0.140364
0.743337
0.142414
0.145754
0.132650
0.143436
0.171671
0.144652
0.130808
0.157682
0.144236
0.147791
0.150324
0.134452
0.134318
0.134791
0.159778
0.133655
0.132930
0.147256
0.118322
0.144763
0.156757
0.216876
0.125329
0.180785
0.273693
0.120764
0.109200
0.143418
0.211566
0.123047
0.157235
0.130649
0.261784
0.127966
0.128260
0.158772
0.155885
0.124804
0.112972
0.113939
0.179977
0.139004
0.117053
0.114640
0.105343
0.116912
0.129988
0.107488
0.116268
0.115382
0.121526
0.117621
0.101978
0.118270
0.158614
0.115098
0.111588
0.117072
0.114716
0.083533
0.118136
0.107129
0.120753
0.105122
0.101230
0.124002
0.132071
0.131343
0.136374
0.139052
0.141143
0.142666
0.163952
0.138001
0.164925
0.130563
0.157963
0.142274
0.187470
0.154024
0.150852
0.132065
0.254015
0.242971
0.160733
0.158903
0.155050
0.607828
0.145485
0.265688
0.199984
0.125931
0.173472
0.152644
0.211286
0.176263
0.140905
0.180343
0.171308
0.164413
0.151971
0.181692
0.159553
0.148735
0.181162
0.128744
0.152748
0.153056
0.115069
0.114194
0.122063
0.115332
0.164982
0.116891
0.095415
0.105280
0.105531
0.123751
0.121360
0.178503
0.112235
0.171206
0.140461
0.147883
0.140595
0.117209
0.115530
0.149686
0.154421
0.160776
0.215536
0.149423
0.150752
0.198084
0.131958
0.138990
0.140799
0.149058
0.152870
0.134842
0.192515
0.613852
0.153181
0.187973
0.179248
0.149213
0.161925
0.148575
0.148632
0.159262
0.177080
0.171390
0.176959
0.172670
0.203474
0.175273
0.187132
0.179123
0.175185
0.204724
0.156592
0.205924
0.193705
0.143106
0.162841
0.197998
0.222624
0.186848
0.133974
0.137465
0.149920
0.143103
0.210496
0.165887
0.133283
0.172532
0.177957
0.234823
0.204475
0.208756
0.226913
0.218541
0.249594
0.181640
0.208639
0.182455
0.180578
0.232037
0.189797
0.192337
0.303948
0.264501
0.174672
0.667985
0.144501
0.178917
0.147053
0.192682
0.170305
0.182984
0.171828
0.160430
0.149015
0.200665
0.195691
0.132640
0.157010
0.169049
0.129964
0.168989
0.154573
0.174293
0.202197
0.764970
0.177414
0.173688
0.174640
0.128148
0.157276
0.130892
0.209666
0.236336
0.197846
0.143531
0.128462
0.150049
0.154526
0.133218
0.134919
0.125097
0.157477
0.143592
0.130265
0.173850
0.699562
0.246227
0.189019
0.193573
0.189821
0.179597
0.185862
0.190553
0.878482
0.165933
0.172145
0.177363
0.687614
0.764559
0.221508
0.307484
0.146786
0.174055
1.186303
0.686107
0.188260
0.208514
0.207671
0.207112
0.226645
0.171295
0.212358
0.177826
0.133955
0.125405
0.229786
0.189463
0.144786
0.143140
0.188057
0.119254
0.158130
0.120984
0.134376
0.149535
0.226313
0.152993
0.140732
0.173924
0.315272
0.157745
0.179428
0.183188
0.176174
0.219585
0.184497
0.198223
0.150910
0.242750
0.304920
0.205167
0.174561
0.167326
0.226334
0.278567
0.178002
0.251534
0.184442
0.187210
0.167001
0.159237
0.141879
0.125408
0.175547
0.139156
0.128964
0.140895
0.125836
0.114334
0.158033
0.202832
0.143906
0.161100
0.128449
0.141144
0.149373
0.750153
0.157741
0.137551
0.146836
0.139808
0.229058
0.296835
0.227155
0.235228
0.179427
0.184216
0.262616
0.163598
0.252245
0.316821
1.795985
0.248889
0.205821
0.283429
0.203896
0.169577
0.174725
0.226937
0.197048
0.221291
0.623904
0.204192
0.181578
0.233591
0.173601
0.128765
0.126118
0.154050
0.111599
0.147952
0.132356
0.170960
0.156638
0.127723
0.144826
0.142827
0.157176
0.163116
0.148928
0.131669
0.132528
0.207213
0.140695
0.150153
0.127394
0.157686
0.131966
0.127293
0.116534
0.151753
0.137698
0.133086
0.136476
0.140019
0.164388
0.202522
0.246985
0.940432
0.318920
0.233197
0.193269
0.199842
0.183254
0.407211
0.329812
0.255224
0.785936
0.195056
0.197960
0.232084
0.193958
0.147245
0.134728
0.254920
0.186700
0.679112
0.173434
0.676434
0.177051
0.147397
0.128917
0.128895
0.114796
0.152748
0.134403
0.150635
0.145798
0.128100
0.134233
0.144461
0.160123
0.173879
0.171579
0.142009
0.173053
0.174549
0.134338
0.161158
0.175587
0.186271
0.157909
0.142832
0.165090
0.144361
0.160871
0.144546
0.150939
0.161926
0.176338
0.120013
0.138412
0.154138
0.167035
0.207108
0.168724
0.187722
0.215664
0.238936
0.204854
0.819926
0.291759
0.229494
0.219471
0.328787
0.206692
0.176449
0.205154
0.248784
0.167221
0.184974
0.166986
0.211613
0.157668
0.165085
0.162974
0.163411
0.199375
0.156826
0.154965
0.148360
0.133985
0.141479
0.128350
0.141170
0.130867
0.138274
0.159867
0.143621
0.129247
0.232742
0.154780
0.143057
0.146695
0.142334
0.122168
0.143941
0.145941
0.144703
0.163658
0.168947
1.806288
0.134175
0.148617
0.148682
0.153683
0.217899
0.194188
0.153913
0.181957
0.252082
0.148532
0.153619
0.316668
0.309339
0.199067
0.217534
0.169183
0.189350
0.158828
0.189012
0.255254
0.161692
0.159567
0.158775
0.211056
0.174996
0.219425
0.193848
0.242660
0.222103
0.203059
0.276309
0.236552
0.211964
0.204297
0.151288
0.192265
0.194075
0.201695
0.189949
0.193391
0.198623
0.267327
0.248539
0.250042
0.218766
0.179692
0.213254
0.221132
0.218928
0.205024
0.228421
0.223104
0.311265
0.244203
0.257937
0.216353
0.226319
0.230987
0.362854
0.244977
0.252832
0.203011
0.220165
0.218977
0.209840
0.214220
0.208614
0.191366
5.464856
0.238780
0.237213
0.229747
0.222738
0.225653
0.158518
0.190058
0.235166
0.199115
0.310464
0.275522
0.203444
0.205381
0.206531
0.215459
0.173559
0.192434
0.198014
0.183475
0.174513
0.201197
0.198923
0.194952
0.172820
0.191308
0.171520
0.228080
0.155085
0.178596
0.228515
0.226698
0.269381
0.268916
0.206868
0.170704
0.167483
0.259480
0.151019
0.189720
0.175292
0.940500
0.242433
0.168449
0.170669
0.151847
0.175561
0.198737
0.173280
0.173972
0.187762
0.162368
0.249437
0.156219
0.161686
0.181171
0.203024
0.154503
0.179441
0.168829
0.206811
0.183318
0.181247
0.325235
0.229987
0.321184
0.285217
0.229168
0.256731
0.229626
0.272075
0.251185
0.240073
0.207881
0.210605
0.259456
0.208169
0.242504
0.194775
0.209705
0.183479
0.224648
0.184283
0.374969
0.256619
0.228907
0.244025
0.204210
0.187050
0.219523
0.456150
0.261721
0.262928
0.267357
0.244399
0.262933
1.123161
0.225452
0.215182
0.254556
0.230576
1.734324
1.014744
0.279358
0.277335
0.609403
0.431440
0.202008
1.071856
0.205726
0.163348
0.186313
0.181427
0.168389
0.167571
0.163830
0.182481
0.330911
0.167053
0.200450
0.161832
0.180731
0.162493
0.190486
0.189388
0.190173
0.201953
0.181643
0.237065
0.201145
0.177608
0.190635
0.176674
0.198633
0.248870
0.218566
0.242662
0.332062
0.330287
0.270742
0.380084
0.265234
0.242820
0.299482
0.259472
0.248067
0.370846
0.268190
0.222604
0.205965
0.214248
0.224813
0.306681
0.195776
0.256649
0.250987
0.247170
0.185199
0.215897
0.193205
0.171202
0.197384
0.222609
0.245309
0.156259
0.296574
0.196904
0.200981
0.219108
0.217074
0.218271
0.233367
0.219081
0.195282
0.198688
0.221013
0.240244
0.244348
0.250099
0.222264
0.220477
0.180499
0.197190
0.177883
0.214949
0.178948
0.258090
0.283397
0.264966
0.180981
0.213601
0.234910
0.196054
0.216115
0.214786
0.194093
0.205459
0.263330
0.178588
0.195214
0.308467
0.286973
0.269293
0.258399
0.234572
0.198174
0.181849
0.181390
0.224489
0.196208
0.241188
0.240908
0.173839
0.172070
0.180549
0.193313
0.196449
0.215810
0.244484
0.220933
0.215410
0.195382
0.179896
0.279201
0.235946
0.236773
0.216229
0.192850
0.286533
0.180449
0.174253
0.222262
0.218301
0.197198
0.256309
0.181497
0.172976
0.217682
0.177441
0.176427
0.279948
0.219302
0.216879
0.233565
0.217774
0.176202
0.174794
0.197916
0.177256
0.261256
0.215392
0.186393
0.215493
0.199676
0.195874
0.178136
0.214672
0.220295
0.236038
0.194698
0.194373
0.213797
0.183876
0.213792
0.181091
0.240356
0.216720
0.209516
0.183922
0.193877
0.178525
0.175706
0.218824
0.196247
0.245797
0.198921
0.178835
0.236101
0.178162
0.159129
0.266933
0.300080
0.217923
0.195878
0.256049
0.219886
0.199341
0.153468
0.183945
0.196428
0.222054
0.173638
0.179521
0.177267
0.198160
0.174486
0.206721
0.233972
0.217154
0.340294
0.175165
0.178264
0.177694
0.197243
0.173809
0.220778
0.214377
0.197219
0.205279
0.219573
0.176489
0.218758
0.215436
0.235803
0.214718
0.237015
0.218680
0.176931
0.186504
0.195312
0.217636
0.217668
0.233871
0.179507
0.213152
0.194233
0.172988
0.184783
0.176622
0.224215
0.232571
0.199536
0.178999
0.196741
0.199217
0.193574
0.215785
0.236279
0.245473
0.215829
0.217360
0.175261
0.174558
0.175603
0.223070
0.223968
0.215475
0.222819
0.213925
0.231926
0.219856
0.198379
0.197757
0.216623
0.273050
0.194086
0.200207
0.217721
0.225268
0.179758
0.235573
0.223356
0.220479
0.220715
0.197076
0.240836
0.178287
0.154810
0.203732
0.239377
0.215728
0.216129
0.225709
0.216370
0.204194
0.187772
0.227104
0.215071
0.218135
0.201541
0.214348
0.179079
0.174957
0.187098
0.199348
0.227928
0.216327
0.178037
0.223154
0.181982
0.175083
0.186149
0.202769
0.246052
0.219356
0.195449
0.219069
0.196108
0.181004
0.176074
0.242252
0.255656
0.215942
0.239360
0.172040
0.224803
0.177284
0.197876
0.321335
0.251777
0.238045
0.198200
0.190512
0.215315
0.181100
0.219260
0.184712
0.207899
0.287010
0.215288
0.179423
0.182577
0.175131
0.197135
0.178504
0.199680
0.214841
0.227831
0.219001
0.215017
0.177025
0.177092
0.176611
0.223244
0.241542
0.216026
0.177744
0.174134
0.175976
0.215983
0.179159
0.215940
0.194552
0.217905
0.238666
0.177903
0.177024
0.184510
0.196693
0.217260
0.241263
0.218819
0.218339
0.179494
0.193240
0.198584
0.175597
0.196413
0.256827
0.199105
0.204541
0.191904
0.180664
0.161650
0.247415
0.245477
0.231328
0.207562
0.185615
0.229274
0.203953
0.183479
0.280315
0.245844
0.245484
0.206825
0.315543
0.203905
0.188894
0.161795
0.247289
0.210349
0.213295
0.205089
0.266189
0.215952
0.196660
0.280603
0.233882
0.232354
0.290757
0.208508
0.183041
0.181159
0.206440
0.222415
0.317055
0.266541
0.248339
0.286981
0.194046
0.282215
0.202305
0.226006
0.239175
0.205039
0.261529
0.251288
0.188038
0.203314
0.229013
0.248151
0.220976
0.319887
0.223550
0.237013
0.226061
0.213013
0.208941
0.186004
0.253639
0.255642
0.197358
0.202134
0.235314
0.198258
0.175133
0.249974
0.221000
0.213501
0.237752
0.195400
0.191453
0.177794
0.177505
0.196670
0.205782
0.244006
0.215078
0.218106
0.175209
0.176992
0.196056
0.176226
0.258812
0.225136
0.235754
0.194600
0.193676
0.225865
0.178341
0.176730
0.220282
0.255664
0.225035
0.175895
0.202544
0.213543
0.215181
0.193854
0.224324
0.199140
0.215398
0.198479
0.175080
0.218453
0.182193
0.222188
0.196262
0.254029
0.267435
0.196847
0.177845
0.245458
0.175990
0.215181
0.235904
0.248063
0.271654
0.185143
0.178481
0.177576
0.172154
0.197034
0.233322
0.240906
0.268195
0.205659
0.207527
0.218021
0.201564
0.176490
0.219547
0.222602
0.218831
0.214612
0.216777
0.171575
0.186878
0.227475
0.219182
0.235654
0.213436
0.199213
0.203680
0.216218
0.193259
0.225992
0.217913
0.202041
0.177216
0.231137
0.195338
0.175506
0.180302
0.199320
0.222982
0.235044
0.220149
0.174718
0.211694
0.196200
0.177066
0.191924
0.211721
0.221093
0.238323
0.194891
0.193034
0.179943
0.177815
0.225518
0.217041
0.238328
0.214501
0.221092
0.217009
0.198743
0.206389
0.218085
0.185954
0.214297
0.285911
0.222814
0.176825
0.178066
0.181094
0.236258
0.234319
0.198680
0.193966
0.282098
0.175789
0.197724
0.178226
0.205974
0.218891
0.300314
0.194048
0.172838
0.200700
0.197365
0.175234
0.175853
0.278784
0.237735
0.197294
0.195220
0.179892
0.173636
0.174264
0.201263
0.200211
0.261230
0.257914
0.194215
0.215566
0.177527
0.216237
0.241529
0.235732
0.251221
0.194167
0.223507
0.178039
0.194460
0.177108
0.176844
0.217660
0.255304
0.217119
0.194566
0.196488
0.177697
0.177849
0.215041
0.194879
0.222257
0.199497
0.215139
0.179283
0.200260
0.192770
0.252561
0.202338
0.227726
0.246913
0.197883
0.199301
0.214425
0.184197
0.192772
0.181370
0.224560
0.270388
0.183634
0.186881
0.181885
0.180022
0.239419
0.196602
0.236726
0.218061
0.227166
0.218800
0.177249
0.174361
0.224374
0.217437
0.194428
0.234563
0.173700
0.178740
0.194171
0.178918
0.174372
0.218134
0.216120
0.218911
0.198447
0.216882
0.222005
0.176145
0.214265
0.205350
0.239879
0.240040
0.199193
0.175738
0.199644
0.176060
0.189012
0.270742
0.221290
0.219432
0.197983
0.173963
0.176120
0.181669
0.177200
0.216025
0.218823
0.219225
0.209147
0.180889
0.215371
0.198991
0.197702
0.180310
0.215320
0.214486
0.214152
0.214991
0.173939
0.207150
0.219314
0.216379
0.197842
0.217339
0.200237
0.177764
0.211018
0.209869
0.241067
0.316983
0.272010
0.256825
0.217544
0.216190
0.238371
0.184454
0.271360
0.211498
0.256199
0.238224
0.200511
0.213473
0.176438
0.179319
0.215624
0.175670
0.236548
0.216693
0.219711
0.198537
0.197713
0.222574
0.173897
0.233654
0.219106
0.242099
0.197300
0.198792
0.177709
0.198071
0.236489
0.237215
0.195303
0.214218
0.239339
0.193863
0.176718
0.180890
0.215440
0.218584
0.236651
0.215997
0.232432
0.229668
0.215089
0.176811
0.284690
0.242804
0.196288
0.273736
0.219099
0.257312
0.177836
0.177182
0.195311
0.247151
0.216979
0.218778
0.205448
0.179531
0.195786
0.180028
0.179487
0.218619
0.200159
0.195412
0.198165
0.175622
0.196054
0.177691
0.212614
0.181789
0.217979
0.198274
0.178443
0.205479
0.178857
0.200995
0.226151
0.210242
0.233481
0.234656
0.214431
0.280804
0.183779
0.228562
0.192557
0.238205
0.228972
0.257122
0.238253
0.208906
0.190335
0.183424
0.210377
0.279057
0.213293
0.224001
0.273461
0.183321
0.238338
0.184697
0.203121
0.277037
0.270664
0.251931
0.229609
0.229445
0.208134
0.204414
0.248659
0.225248
0.244174
0.276353
0.204370
0.186858
0.197008
0.189068
0.254449
0.267799
0.232572
0.248849
0.247609
0.185103
0.208169
0.185345
0.204287
0.245163
0.352549
0.273333
0.224329
0.200023
0.208058
0.195900
0.229862
0.179592
0.293507
0.205247
0.239096
0.206903
0.214096
0.220245
0.216975
0.234307
0.245334
0.253605
0.270365
0.245996
0.198801
0.229330
0.208163
0.219800
0.211029
0.250317
0.207503
0.187434
0.226341
0.209415
0.212692
0.231686
0.277887
0.249345
0.252636
0.199006
0.257615
0.204510
0.194713
0.223561
0.228166
0.261524
0.255380
0.271033
0.185158
0.187987
0.216505
0.215294
0.257203
0.268927
0.224356
0.247176
0.181108
0.178486
0.198989
0.192302
0.251061
0.221956
0.256503
0.249373
0.191609
0.183206
0.186765
0.340603
0.242909
0.247385
0.205302
0.232245
0.191566
0.206192
0.192487
0.260143
0.218627
0.236183
0.227718
0.205878
0.186904
0.261438
0.234702
0.242793
0.201910
0.273143
0.221809
0.225645
0.284537
0.177762
0.227317
0.213795
0.224050
0.253526
0.221197
0.223558
0.226376
0.186897
0.190730
0.205091
0.224663
0.331885
0.234124
0.179818
0.183370
0.241056
0.156535
0.294987
0.226863
0.218118
0.228508
0.193525
0.214660
0.171489
0.215262
0.290449
0.234183
0.219710
0.220627
0.195386
0.204675
0.197612
0.216827
0.211490
0.233876
0.271652
0.302071
0.203357
0.230588
0.201740
0.196453
0.214280
0.201624
0.212399
0.227498
0.193373
0.194478
0.178453
0.188019
0.199134
0.231274
0.215472
0.197706
0.277840
0.215904
0.180650
0.164988
0.233668
0.221887
0.215041
0.222200
0.219069
0.211180
0.173174
0.226162
0.186169
0.317124
0.214479
0.195482
0.196106
0.226598
0.181494
0.237209
0.237680
0.225117
0.284516
0.199562
0.186293
0.172156
0.175937
0.201975
0.218698
0.237323
0.238718
0.174740
0.238452
0.177517
0.177668
0.182571
0.245069
0.195934
0.280890
0.202716
0.175829
0.182073
0.178041
0.198302
0.239080
0.200611
0.248693
0.216809
0.195176
0.175562
0.183118
0.195863
0.213241
0.194955
0.252206
0.203857
0.283548
0.182408
0.187032
0.183770
0.234614
0.276676
0.232110
0.178628
0.220009
0.175047
0.200701
0.213269
0.236404
0.218142
0.285494
0.206695
0.176620
0.196157
0.197901
0.238005
0.235730
0.223053
0.227687
0.175996
0.185331
0.197922
0.196178
0.235112
0.197588
0.216270
0.220490
0.174977
0.182269
0.203623
0.198706
0.218412
0.172587
0.268635
0.215891
0.196608
0.218703
0.238278
0.173374
0.263480
0.188149
0.236539
0.221971
0.240713
0.195410
0.218981
0.176503
0.197300
0.174849
0.195715
0.217180
0.229282
0.197471
0.217086
0.175593
0.180214
0.213627
0.197936
0.226820
0.200706
0.174584
0.178654
0.176033
0.185178
0.178994
0.196944
0.218873
0.218379
0.178808
0.173912
0.203083
0.172819
0.174652
0.276568
0.247174
0.174131
0.176491
0.195589
0.198009
0.199864
0.216834
0.220088
0.201989
0.199986
0.183066
0.232146
0.180141
0.195528
0.257721
0.220067
