0.016836
0.009240
0.005719
0.002181
0.007364
0.007632
0.002463
0.002454
0.005971
0.002157
0.002500
0.002422
0.002835
0.002500
0.002595
0.002570
0.002837
0.002397
0.002729
0.004342
0.002805
0.003018
0.002747
0.002566
0.002405
0.002323
0.002283
0.002366
0.002240
0.002397
0.002420
0.002298
0.002127
0.002158
0.002090
0.002131
0.001980
0.001829
0.001665
0.001826
0.001756
0.001636
0.001615
0.001547
0.001327
0.001146
0.001808
0.001180
0.001325
0.001258
0.001234
0.001158
0.001099
0.000935
0.001082
0.001091
0.000929
0.001124
0.000765
0.000891
0.000835
0.000860
0.000763
0.000865
0.000775
0.000835
0.000850
0.000765
0.000773
0.000859
0.001075
0.001002
0.000943
0.001072
0.000968
0.001063
0.001036
0.001115
0.001265
0.001049
0.001241
0.001391
0.001532
0.001391
0.001558
0.001840
0.001558
0.001479
0.001557
0.001539
0.001743
0.001923
0.001877
0.001809
0.001953
0.001886
0.001960
0.001459
0.001321
0.001306
0.001208
0.001246
0.001104
0.001255
0.001064
0.001741
0.001297
0.001109
0.001067
0.001323
0.001238
0.001444
0.001515
0.001454
0.001592
0.001611
0.001761
0.001549
0.001796
0.001803
0.001996
0.002020
0.002069
0.001861
0.001956
0.002518
0.002712
0.002881
0.002824
0.003099
0.003146
0.003258
0.003247
0.003062
0.003379
0.003507
0.003464
0.003417
0.003436
0.003440
0.003544
0.003798
0.003817
0.003333
0.003518
0.004219
0.004350
0.004097
0.004751
0.004090
0.003362
0.002889
0.003162
0.002585
0.002341
0.002147
0.002093
0.001963
0.002511
0.002066
0.001955
0.002100
0.001778
0.001875
0.001989
0.001711
0.001856
0.001946
0.001851
0.002158
0.001963
0.002260
0.002105
0.002309
0.002583
0.002539
0.002847
0.003179
0.003060
0.003883
0.003663
0.003586
0.003326
0.003237
0.003350
0.003264
0.003515
0.004419
0.003852
0.003855
0.003906
0.003459
0.003506
0.004504
0.003890
0.003866
0.003874
0.003963
0.003697
0.003749
0.004768
0.004110
0.003887
0.003915
0.004076
0.004683
0.003988
0.004822
0.003850
0.003727
0.003498
0.003389
0.003041
0.002771
0.003455
0.003054
0.003338
0.002655
0.002791
0.002834
0.002819
0.002923
0.003362
0.003747
0.003349
0.004571
0.003290
0.003248
0.003513
0.003947
0.003453
0.003429
0.003479
0.003270
0.003048
0.003227
0.002861
0.002790
0.003001
0.003022
0.002888
0.003060
0.003299
0.003072
0.002669
0.002911
0.002916
0.002777
0.002363
0.002703
0.002523
0.002731
0.002412
0.002506
0.002437
0.002498
0.002646
0.002110
0.002383
0.002352
0.002448
0.002283
0.003319
0.002521
0.002257
0.005934
0.002272
0.002203
0.002572
0.002410
0.002476
0.002166
0.002388
0.002232
0.002226
0.002337
0.002470
0.002465
0.002330
0.002422
0.002339
0.002417
0.002350
0.002283
0.002289
0.002132
0.002676
0.002999
0.001816
0.002096
0.001409
0.001512
0.001378
0.001687
0.001404
0.001463
0.001468
0.001427
0.001218
0.001473
0.001250
0.001107
0.000915
0.001473
0.001256
0.001111
0.000914
0.000998
0.001226
0.001004
0.001039
0.000959
0.001082
0.001532
0.001602
0.001503
0.002215
0.001594
0.001893
0.001825
0.001878
0.002459
0.002184
0.002193
0.002807
0.002779
0.002755
0.002810
0.003110
0.003188
0.003508
0.003286
0.003243
0.002945
0.003215
0.002775
0.002716
0.002866
0.002716
0.002733
0.003379
0.002697
0.002487
0.002206
0.002095
0.001984
0.002218
0.001973
0.001728
0.002191
0.001701
0.001660
0.001282
0.001391
0.001292
0.001316
0.001300
0.001347
0.001448
0.001351
0.001526
0.001598
0.001450
0.001496
0.001552
0.001674
0.001723
0.001895
0.002126
0.003341
0.002079
0.002099
0.002515
0.002917
0.003021
0.003556
0.003903
0.003957
0.004488
0.004022
0.003596
0.003920
0.003311
0.003474
0.003467
0.003380
0.003513
0.003381
0.003606
0.004145
0.004368
0.008825
0.004420
0.004430
0.004368
0.004911
0.004256
0.004162
0.004706
0.004701
0.004731
0.004692
0.004682
0.004127
0.004270
0.004012
0.004275
0.004358
0.004622
0.004635
0.004394
0.004310
0.004181
0.004579
0.004501
0.004470
0.004558
0.004405
0.004599
0.004606
0.004445
0.004769
0.004311
0.004601
0.005710
0.004907
0.004842
0.004771
0.005254
0.004724
0.005019
0.005283
0.004990
0.004694
0.004971
0.005231
0.005584
0.005570
0.005422
0.005191
0.005358
0.004979
0.005219
0.005345
0.004971
0.004774
0.004395
0.004214
0.004559
0.004199
0.003988
0.003686
0.003168
0.002369
0.002501
0.002704
0.002359
0.002301
0.002723
0.002650
0.002891
0.002742
0.002633
0.002718
0.002633
0.002497
0.002482
0.002314
0.002505
0.002598
0.002597
0.002521
0.002689
0.002943
0.002703
0.002814
0.002458
0.001963
0.002057
0.002113
0.002593
0.002530
0.003030
0.003408
0.003016
0.003473
0.002571
0.002655
0.003053
0.003306
0.003603
0.003971
0.003931
0.004410
0.004697
0.004107
0.004668
0.004294
0.004334
0.004141
0.003725
0.003353
0.002723
0.002984
0.002978
0.003046
0.002854
0.002614
0.002545
0.002312
0.001966
0.001742
0.001906
0.001875
0.001881
0.001841
0.001840
0.001634
0.001560
0.001754
0.001591
0.001873
0.002181
0.002382
0.002963
0.003284
0.003183
0.002886
0.003412
0.003408
0.003168
0.003410
0.003134
0.003466
0.003196
0.003159
0.002876
0.003006
0.002669
0.002968
0.002879
0.002258
0.001725
0.001603
0.001368
0.000918
0.000899
0.000889
0.000994
0.001003
0.001066
0.000939
0.000998
0.001225
0.001008
0.001025
0.001078
0.001122
0.001011
0.000926
0.000939
0.000957
0.001339
0.001945
0.002198
0.002302
0.002333
0.002538
0.002427
0.002389
0.004183
0.003042
0.003629
0.003743
0.003691
0.004113
0.004145
0.004334
0.003846
0.003622
0.003468
0.003451
0.003249
0.002851
0.002583
0.002686
0.002426
0.002729
0.002432
0.001767
0.001778
0.001647
0.000923
0.001070
0.000996
0.000943
0.000926
0.000979
0.001018
0.000922
0.001231
0.000980
0.000928
0.000991
0.001119
0.000904
0.000947
0.001000
0.001001
0.001207
0.000889
0.000903
0.001074
0.001036
0.000978
0.001030
0.000902
0.001384
0.001507
0.001791
0.002258
0.002505
0.005168
0.002590
0.002388
0.002914
0.003284
0.003597
0.003394
0.003438
0.003717
0.003776
0.004554
0.003739
0.003334
0.002644
0.002912
0.002657
0.002072
0.001813
0.001668
0.001584
0.001731
0.001757
0.001383
0.001460
0.001066
0.001095
0.000936
0.000879
0.001022
0.001154
0.000984
0.000877
0.001062
0.001032
0.001040
0.001115
0.000894
0.001042
0.001102
0.001089
0.001001
0.000871
0.000949
0.000957
0.001018
0.001089
0.001157
0.001136
0.001051
0.000987
0.001472
0.001644
0.001989
0.001600
0.001837
0.001616
0.001593
0.001654
0.001797
0.002128
0.002319
0.002125
0.002641
0.002649
0.002860
0.003171
0.002666
0.002990
0.002905
0.002600
0.002688
0.002449
0.002368
0.002110
0.001897
0.001618
0.001709
0.001651
0.001760
0.001788
0.001792
0.001410
0.001727
0.001010
0.001170
0.000923
0.001022
0.000939
0.000989
0.000958
0.000964
0.001103
0.001020
0.001129
0.001043
0.000884
0.001136
0.000946
0.000966
0.001063
0.000912
0.001115
0.000990
0.001057
0.000935
0.001951
0.001571
0.001874
0.001804
0.001715
0.001728
0.001625
0.001735
0.001802
0.001860
0.002105
0.001913
0.001915
0.002170
0.002202
0.002376
0.002714
0.002769
0.002684
0.003013
0.002888
0.003152
0.002916
0.002762
0.002543
0.002805
0.002711
0.002688
0.002690
0.002499
0.002805
0.002966
0.003291
0.003436
0.003635
0.003278
0.003262
0.003281
0.003091
0.002898
0.003034
0.003483
0.003491
0.003784
0.004364
0.003938
0.004105
0.004587
0.003714
0.004071
0.004211
0.004384
0.004473
0.005079
0.004651
0.004663
0.004359
0.004543
0.004895
0.004815
0.004974
0.005115
0.005449
0.004349
0.004449
0.004478
0.004763
0.004452
0.004533
0.004892
0.004817
0.004469
0.004398
0.004897
0.005361
0.004879
0.004654
0.004408
0.004467
0.004003
0.004190
0.004218
0.004219
0.004574
0.004173
0.004425
0.003889
0.003281
0.003557
0.003801
0.003840
0.003823
0.004037
0.003905
0.003845
0.003551
0.003283
0.003120
0.003303
0.003232
0.003684
0.003318
0.002984
0.002944
0.002960
0.003063
0.002908
0.003010
0.003121
0.003148
0.003346
0.003187
0.003235
0.003490
0.003317
0.003221
0.003657
0.003499
0.003680
0.003929
0.004263
0.003680
0.003392
0.003414
0.003011
0.002958
0.003029
0.002718
0.002927
0.002828
0.003673
0.003407
0.003381
0.003141
0.003019
0.003339
0.004136
0.003938
0.004006
0.003604
0.003672
0.004107
0.004556
0.004309
0.004608
0.004311
0.004138
0.003755
0.003682
0.003556
0.003773
0.003363
0.003715
0.003827
0.003951
0.004035
0.003785
0.003581
0.004249
0.005266
0.004670
0.004707
0.004646
0.004956
0.005387
0.004670
0.004833
0.005031
0.003971
0.003370
0.003409
0.003422
0.003051
0.002249
0.002384
0.002335
0.002771
0.001785
0.001675
0.001693
0.001190
0.001220
0.001181
0.001180
0.000958
0.001159
0.001181
0.000937
0.001203
0.000937
0.001202
0.001186
0.002039
0.002066
0.002001
0.002411
0.002482
0.002436
0.002156
0.002390
0.002440
0.002344
0.002421
0.002512
0.001703
0.002024
0.002096
0.002730
0.002761
0.002711
0.002713
0.002744
0.002683
0.002696
0.002564
0.002485
0.002355
0.002399
0.002369
0.002456
0.002369
0.001969
0.002022
0.002259
0.002001
0.001747
0.002046
0.002042
0.002335
0.002035
0.002377
0.002709
0.002627
0.002746
0.002617
0.002955
0.003023
0.002962
0.002756
0.002720
0.002752
0.003494
0.002735
0.002746
0.002587
0.002731
0.002358
0.002603
0.002793
0.002403
0.002565
0.002699
0.002687
0.002711
0.002711
0.002534
0.002795
0.002732
0.002777
0.002717
0.002617
0.002818
0.002785
0.002759
0.002764
0.002705
0.002768
0.002886
0.002699
0.002705
0.002724
0.002762
0.002750
0.002678
0.002666
0.002718
0.002844
0.002412
0.002751
0.002349
0.002741
0.002880
0.002681
0.002693
0.002620
0.002731
0.002725
0.002752
0.002795
0.002688
0.002748
0.002712
0.002768
0.002731
0.002724
0.002722
0.002661
0.002517
0.002647
0.002307
0.002664
0.002710
0.002834
0.002700
0.002655
0.002805
0.002711
0.002503
0.002711
0.002692
0.002362
0.002704
0.002665
0.002853
0.002698
0.002689
0.002686
0.002746
0.002494
0.002430
0.002715
0.002330
0.002549
0.002698
0.002735
0.002840
0.002418
0.002624
0.002770
0.002726
0.002809
0.002553
0.002359
0.002425
0.002574
0.002691
0.002717
0.002373
0.002424
0.002771
0.002705
0.002688
0.002683
0.002737
0.002711
0.002463
0.002702
0.007228
0.002720
0.002719
0.002690
0.002670
0.002706
0.002741
0.002410
0.002743
0.002789
0.002717
0.002705
0.002746
0.002776
0.002724
0.002821
0.002771
0.002371
0.002745
0.002393
0.002639
0.002714
0.002815
0.002701
0.002842
0.002668
0.002648
0.002738
0.002713
0.002692
0.002834
0.002699
0.002725
0.002573
0.002711
0.002682
0.002756
0.002750
0.002696
0.002689
0.002744
0.002767
0.002677
0.003016
0.002761
0.002710
0.002517
0.002870
0.002695
0.002802
0.002734
0.002733
0.002739
0.002911
0.002822
0.002442
0.003017
0.002920
0.002731
0.002681
0.002396
0.002667
0.002550
0.002623
0.002820
0.002699
0.002663
0.002675
0.002743
0.002734
0.002776
0.003067
0.002527
0.003022
0.002725
0.002507
0.002745
0.002713
0.002680
0.002743
0.002719
0.002664
0.002714
0.002731
0.002808
0.002786
0.002594
0.002722
0.002754
0.002569
0.002422
0.002414
0.002749
0.002715
0.002712
0.002508
0.002750
0.002952
0.002811
0.002868
0.002681
0.002710
0.002692
0.002512
0.002907
0.002687
0.003029
0.002741
0.002731
0.002395
0.002645
0.002684
0.002729
0.002792
0.002680
0.002708
0.002865
0.002429
0.002736
0.002749
0.002682
0.002979
0.002698
0.002617
0.002890
0.002697
0.002717
0.002527
0.002584
0.002766
0.003038
0.002751
0.002902
0.002432
0.002759
0.002871
0.002721
0.002734
0.002684
0.002356
0.002720
0.002429
0.002707
0.002347
0.002809
0.002899
0.002808
0.002755
0.002723
0.002737
0.002652
0.002486
0.003017
0.002793
0.002708
0.002685
0.002717
0.002907
0.002795
0.002982
0.002767
0.003119
0.002749
0.002697
0.002725
0.002528
0.002600
0.002740
0.002727
0.002730
0.002997
0.002711
0.002815
0.002731
0.002718
0.002773
0.002682
0.002681
0.002401
0.002719
0.002728
0.002723
0.002750
0.002797
0.002681
0.002765
0.002844
0.002923
0.002942
0.002671
0.003012
0.002845
0.003051
0.002787
0.002887
0.002778
0.002775
0.002834
0.002745
0.002853
0.002830
0.002608
0.002428
0.002958
0.002825
0.002573
0.002842
0.002449
0.002670
0.002908
0.002733
0.002395
0.002758
0.002767
0.002718
0.003028
0.002823
0.002903
0.002797
0.002538
0.002392
0.002713
0.002747
0.002432
0.006188
0.002496
0.002759
0.002688
0.002839
0.002838
0.002589
0.002744
0.003146
0.002515
0.002974
0.002716
0.002649
0.002767
0.002475
0.002582
0.002809
0.002708
0.002742
0.002780
0.005817
0.002754
0.002709
0.002741
0.002774
0.002741
0.002718
0.002821
0.002738
0.002749
0.002707
0.002441
0.002691
0.002736
0.002712
0.002589
0.002738
0.003020
0.002709
0.002729
0.002863
0.002683
0.002833
0.002744
0.002594
0.002718
0.002696
0.002737
0.002702
0.002733
0.002647
0.002877
0.002734
0.002382
0.002455
0.002677
0.002682
0.002620
0.002919
0.002764
0.002864
0.002435
0.002748
0.002535
0.002875
0.002684
0.002520
0.002659
0.002383
0.002780
0.002745
0.002711
0.002314
0.002402
0.002679
0.002681
0.002658
0.003030
0.002615
0.002728
0.002722
0.002818
0.002721
0.002682
0.002805
0.002477
0.002629
0.002705
0.002725
0.002795
0.002583
0.002443
0.002707
0.002771
0.002889
0.002522
0.002708
0.002439
0.002733
0.002727
0.002723
0.002707
0.002719
0.002733
0.002816
0.002434
0.002356
0.002676
0.002554
0.002684
0.002414
0.002689
0.002663
0.002712
0.002359
0.002418
0.002702
0.002436
0.002695
0.002980
0.002706
0.002907
0.002710
0.002695
0.002366
0.002750
0.002465
0.002734
0.002742
0.002696
0.002361
0.002728
0.002666
0.003739
0.006108
0.002943
0.002776
0.002940
0.002873
0.002751
0.002720
0.002794
0.002714
0.002792
0.002786
0.002538
0.002930
0.002426
0.002546
0.002726
0.002840
0.002748
0.002347
0.002737
0.002786
0.002693
0.002757
0.002704
0.002762
0.002738
0.002703
0.002753
0.002815
0.002475
0.002688
0.002549
0.002731
0.002681
0.002718
0.002782
0.002679
0.002705
0.002685
0.002681
0.002325
0.002686
0.002733
0.002600
0.002691
0.002802
0.002708
0.002587
0.002749
0.002461
0.002436
0.002789
0.002726
0.002622
0.002706
0.002778
0.002667
0.002719
0.002772
0.002391
0.002577
0.002766
0.002394
0.002447
0.002716
0.002723
0.002772
0.002655
0.002564
0.002429
0.002369
0.002579
0.002839
0.002659
0.002768
0.002471
0.002894
0.003461
0.002601
0.002706
0.002748
0.002465
0.002577
0.002787
0.002443
0.002668
0.002701
0.002327
0.002721
0.002931
0.002729
0.002480
0.002536
0.002755
0.002416
0.002718
0.002541
0.002614
0.002674
0.002765
0.002754
0.002780
0.002766
0.002648
0.002740
0.002708
0.002595
0.002391
0.002578
0.002784
0.002567
0.002759
0.002736
0.002696
0.002690
0.002786
0.002694
0.002441
0.002762
0.002602
0.002737
0.002774
0.002700
0.002686
0.002790
0.002713
0.002709
0.002701
0.002357
0.002759
0.002698
0.002852
0.002812
0.002910
0.002764
0.002544
0.002856
0.002399
0.002815
0.002461
0.002630
0.002402
0.002409
0.002626
0.003102
0.002719
0.002529
0.002818
0.002459
0.002825
0.002459
0.002701
0.002542
0.002845
0.002378
0.003151
0.002578
0.002385
0.002802
0.002738
0.002555
0.002834
0.002836
0.002792
0.002873
0.002879
0.002740
0.002776
0.002808
0.002772
0.002759
0.002436
0.002735
0.002841
0.002766
0.002737
0.002732
0.002685
0.002843
0.002871
0.002847
0.002792
0.002555
0.002619
0.005891
0.002699
0.002848
0.002811
0.002729
0.002694
0.002758
0.002458
0.002594
0.002730
0.002691
0.002434
0.002504
0.002777
0.002647
0.002752
0.002736
0.002744
0.002782
0.002783
0.002738
0.003254
0.002733
0.002784
0.002915
0.002454
0.002733
0.002815
0.002753
0.002717
0.002432
0.002692
0.002759
0.002766
0.002741
0.002728
0.002786
0.002598
0.002622
0.002728
0.002462
0.002484
0.002785
0.002365
0.002899
0.003183
0.002340
0.002950
0.002647
0.002628
0.002505
0.003162
0.002762
0.003034
0.003070
0.002574
0.002701
0.002526
0.002736
0.002554
0.002563
0.002988
0.002612
0.002603
0.002386
0.002773
0.002805
0.002831
0.003045
0.003426
0.002743
0.002421
0.003410
0.003034
0.002571
0.002470
0.002789
0.002868
0.002601
0.007103
0.002846
0.002521
0.002786
0.002732
0.002916
0.002761
0.002574
0.002936
0.002474
0.002442
0.002969
0.002564
0.002394
0.003493
0.002820
0.002649
0.002787
0.002423
0.002452
0.002747
0.005414
0.002370
0.002570
0.002405
0.004160
0.002671
0.002687
0.002907
0.003513
0.002398
0.002523
0.002578
0.002686
0.002480
0.002435
0.002423
0.002577
0.002879
0.002617
0.002513
0.002551
0.002496
0.002530
0.002667
0.002448
0.003083
0.003193
0.002452
0.003077
0.002422
0.002868
0.002488
0.002849
0.002458
0.002619
0.002733
0.002478
0.002368
0.002374
0.002983
0.002768
0.002603
0.002457
0.002688
0.002411
0.002491
0.002586
0.002605
0.002361
0.002864
0.002494
0.002494
0.002509
0.002537
0.002703
0.002681
0.002398
0.004854
0.002716
0.002423
0.002578
0.002974
0.002490
0.002934
0.002552
0.002480
0.002649
0.002646
0.002348
0.002410
0.002353
0.002332
0.002314
0.002592
0.002434
0.002690
0.002454
0.002742
0.002537
0.002350
0.002647
0.002637
0.002521
0.002651
0.002439
0.002512
0.002725
0.002351
0.002724
0.002800
0.002711
0.002889
0.002337
0.002739
0.002890
0.002936
0.002721
0.002556
0.002705
0.002676
0.002432
0.002646
0.002689
0.002648
0.002765
0.002788
0.002884
0.002492
0.002769
0.002707
0.002740
0.002685
0.002444
0.002742
0.002419
0.002640
0.002628
0.002735
0.003018
0.002716
0.002711
0.002674
0.002694
0.002667
0.002367
0.002375
0.002727
0.002639
0.002795
0.002622
0.002807
0.002783
0.002344
0.002750
0.002750
0.002948
0.002358
0.002691
0.002625
0.002465
0.002327
0.002659
0.002410
0.002764
0.002556
0.002457
0.003102
0.002746
0.002383
0.002758
0.003038
0.002454
0.002518
0.002444
0.002708
0.002724
0.002815
0.002567
0.002746
0.002723
0.002772
0.002798
0.002705
0.002766
0.002737
0.002420
0.002704
0.002384
0.003277
0.002833
0.002803
0.002855
0.002745
0.002632
0.002829
0.002780
0.002763
0.002592
0.002739
0.003071
0.002728
0.002671
0.002752
0.002686
0.002699
0.002733
0.002715
0.002695
0.002920
0.002987
0.002399
0.002954
0.002732
0.002754
0.002728
0.002955
0.002788
0.002757
0.002697
0.002906
0.002717
0.002938
0.002785
0.002819
0.002785
0.002711
0.002765
0.002619
0.002462
0.002517
0.002482
0.003125
0.002867
0.002770
0.003311
0.002764
0.002752
0.002742
0.002791
0.002828
0.002780
0.002706
0.003044
0.002680
0.002804
0.002765
0.002778
0.002773
0.002856
0.002730
0.002763
0.002760
0.002508
0.003005
0.002736
0.002811
0.002724
0.002806
0.002784
0.002785
0.002788
0.002835
0.002754
0.002765
0.002373
0.002862
0.002689
0.002756
0.002713
0.002859
0.002744
0.002602
0.002766
0.002789
0.002742
0.002467
0.002940
0.002754
0.002798
0.002756
0.002820
0.002733
0.002755
0.002528
0.002703
0.002805
0.002794
0.002572
0.002838
0.002866
0.002750
0.002756
0.002667
0.002746
0.002777
0.002844
0.002497
0.002777
0.002868
0.002780
0.002810
0.002782
0.002712
