0.000000	0.000000	0.000000
0.785397	0.707110	0.707109
1.570794	0.707113	1.707115
2.356190	-0.707093	3.121332
2.277183	-1.488658	4.037302
2.683045	-2.950984	4.759166
3.088396	-4.948155	4.865509
3.089864	-6.945478	4.968921
3.853316	-8.459951	3.662642
3.963815	-9.821139	2.197322
4.133383	-10.915522	0.523310
3.348005	-12.873066	0.113411
3.282847	-14.853145	-0.168158
3.243444	-16.842780	-0.371510
3.175257	-18.841645	-0.438826
3.247107	-20.830522	-0.649464
3.824701	-22.381751	-1.911876
3.826902	-23.930196	-3.177700
3.688781	-25.638178	-4.218276
3.799683	-27.220501	-5.441490
3.525816	-28.648187	-6.018730
2.740418	-30.489393	-5.237731
2.225223	-31.706741	-3.651016
2.189678	-32.866991	-2.021961
2.185009	-34.019622	-0.387507
2.970407	-35.990389	-0.046806
3.175596	-37.989233	-0.114800
3.229322	-39.981541	-0.290033
3.225093	-41.974573	-0.456840
3.890497	-43.439443	-1.818514
3.920273	-44.863125	-3.223195
3.934837	-46.266199	-4.648461
3.910003	-47.704232	-6.038447
3.124605	-49.703943	-6.004473
2.341280	-51.096906	-4.569325
2.275779	-52.392947	-3.046082
2.224563	-53.609306	-1.458486
2.217638	-54.814643	0.137495
3.003036	-56.795476	0.413723
3.222837	-58.788879	0.251412
3.224968	-60.781929	0.084855
3.218526	-62.776014	-0.068859
3.217057	-64.770321	-0.219644
2.485362	-66.354917	1.000625
2.488697	-67.943573	2.215602
2.488929	-69.532511	3.430212
2.485817	-71.117661	4.649760
3.271215	-73.100882	4.391240
4.056612	-74.320432	2.806091
4.175749	-75.342935	1.087229
4.175722	-76.365484	-0.631606
4.174139	-77.390753	-2.348820
3.388740	-79.329981	-2.838099
3.146317	-81.329959	-2.847547
3.150415	-83.329881	-2.865192
3.150708	-85.329798	-2.883424
3.863243	-86.831231	-4.204673
3.860607	-88.336141	-5.521960
3.859255	-89.842832	-6.837210
3.858590	-91.350396	-8.151458
3.073192	-93.345718	-8.014763
2.287794	-94.659967	-6.507199
2.207173	-95.848537	-4.898691
2.205855	-97.034986	-3.288617
2.202079	-98.215348	-1.674075
2.987477	-100.191643	-1.367062
3.205805	-102.187521	-1.495399
3.201947	-104.183880	-1.616034
3.199784	-106.180494	-1.732352
2.498971	-107.781549	-0.533760
2.500019	-109.383859	0.663154
2.544164	-111.030646	1.783576
2.503420	-112.637017	2.975033
3.288818	-114.615380	2.681645
4.074214	-115.806841	1.075276
4.119350	-116.924609	-0.583215
4.121577	-118.038680	-2.244191
4.120403	-119.154700	-3.903860
4.135755	-120.245111	-5.580465
4.132337	-121.341246	-7.253333
4.129168	-122.442677	-8.922719
4.125309	-123.550542	-10.587842
4.113603	-124.677821	-12.239883
4.123037	-125.789465	-13.902485
4.123789	-126.899859	-15.565922
4.126257	-128.006144	-17.232095
4.127820	-129.109824	-18.899995
4.129024	-130.211495	-20.569222
4.579713	-130.476070	-22.551645
4.577493	-130.745045	-24.533475
4.579150	-131.010735	-26.515747
4.583480	-131.267840	-28.499152
5.368878	-130.047161	-30.083432
6.154275	-128.063757	-30.340539
6.550244	-126.134655	-29.812747
6.555072	-124.208124	-29.275649
6.551179	-122.279516	-28.746054
6.548423	-120.349455	-28.221777
6.551168	-118.420841	-27.692204
6.550277	-116.491756	-27.164350
6.556398	-114.565938	-26.624697
6.746082	-112.874078	-25.780354
6.556525	-110.948329	-25.240456
6.553801	-109.021116	-24.705806
6.554114	-107.094071	-24.170552
6.503988	-105.142627	-23.732527
6.504570	-103.191439	-23.293366
6.506614	-101.241152	-22.850218
6.508176	-99.291560	-22.404022
6.509751	-97.342672	-21.954758
6.507263	-95.392674	-21.510343
6.489936	-93.435268	-21.099782
6.501951	-91.482936	-20.665733
6.485214	-89.523613	-20.264418
6.387485	-87.534483	-20.056197
6.436915	-85.558069	-19.749947
6.470613	-83.593096	-19.377281
6.459564	-81.624125	-19.026351
6.486316	-79.665246	-18.622878
6.480809	-77.704175	-18.230199
6.495099	-75.748915	-17.809537
6.493139	-73.792834	-17.392707
6.500488	-71.839869	-16.961514
5.715090	-70.154015	-18.037568
4.929692	-69.722821	-19.990533
4.735647	-69.676310	-21.989992
4.744139	-69.612820	-23.988984
4.759880	-69.517874	-25.986729
5.466178	-68.149061	-27.444931
5.453960	-66.798167	-28.919747
5.830650	-64.999631	-29.794169
5.868950	-63.168783	-30.599149
5.819917	-61.379590	-31.492897
5.851782	-59.562830	-32.329188
5.851859	-57.746006	-33.165341
5.847678	-55.932694	-34.009082
5.846975	-54.119975	-34.854097
5.846595	-52.307579	-35.699801
5.061197	-51.624023	-37.579362
4.880422	-51.289536	-39.551192
4.863324	-50.988812	-41.528453
4.873637	-50.667711	-43.502509
4.847527	-50.398257	-45.484274
4.165343	-51.438591	-47.192404
4.151893	-52.501804	-48.886386
4.937291	-52.055783	-50.836018
5.613383	-50.487894	-52.077680
5.624500	-48.906299	-53.301835
5.620629	-47.329455	-54.532102
4.835231	-47.084389	-56.517031
4.746687	-47.015807	-58.515854
4.746011	-46.948576	-60.514723
4.751374	-46.870625	-62.513203
4.125100	-47.978837	-64.178095
4.780385	-47.842950	-66.173473
4.784211	-47.699429	-68.168317
4.788920	-47.546517	-70.162463
4.784779	-47.401863	-72.157225
4.785392	-47.255986	-74.151898
4.788127	-47.104654	-76.146164
4.769747	-46.990002	-78.142875
4.778882	-46.857115	-80.138455
4.784161	-46.713693	-82.133306
4.786608	-46.565392	-84.127800
4.794311	-46.401732	-86.121093
4.794638	-46.237419	-88.114332
4.009240	-47.530663	-89.639950
3.223843	-49.523900	-89.804265
2.740600	-51.365248	-89.023601
2.745663	-53.210525	-88.252270
2.695186	-55.014532	-87.388816
2.721446	-56.840590	-86.573028
2.727137	-58.671261	-85.767644
2.732027	-60.505848	-84.971222
2.734786	-62.342625	-84.179866
2.752356	-64.193023	-83.420902
2.748618	-66.040570	-82.655026
2.729487	-67.873130	-81.853947
2.717449	-69.695913	-81.030867
2.572240	-71.036294	-80.172950
2.707378	-72.850694	-79.331554
2.705557	-74.663560	-78.486854
2.689057	-76.462242	-77.612360
2.709796	-78.278673	-76.775354
2.712668	-80.097500	-75.943569
2.718135	-81.920846	-75.121739
2.727162	-83.751538	-74.316403
2.444555	-84.925092	-73.333860
2.758147	-86.779854	-72.585623
2.746503	-88.625777	-71.815842
2.825660	-90.526791	-71.194435
2.757133	-92.380792	-70.444319
2.770573	-94.244708	-69.719187
2.780227	-96.115537	-69.012083
2.829635	-98.019005	-68.398238
2.790055	-99.896694	-67.709554
2.788779	-101.773502	-67.018475
2.784985	-103.647675	-66.320280
3.483262	-105.532067	-66.990401
4.268661	-106.390687	-68.796716
4.592404	-106.630081	-70.782337
4.594745	-106.864826	-72.768513
4.587122	-107.114704	-74.752841
3.978222	-108.454642	-76.237618
3.971015	-109.805246	-77.712700
3.977872	-111.145703	-79.197009
3.968958	-112.499339	-80.669310
4.004338	-113.800047	-82.188571
3.986936	-115.126996	-83.684968
4.002239	-116.430890	-85.201496
4.001464	-117.735960	-86.717013
3.995790	-119.049608	-88.225101
3.979069	-120.388287	-89.711013
3.978284	-121.728132	-91.195873
3.980313	-123.064962	-92.683451
3.987436	-124.391162	-94.180512
3.995850	-125.704719	-95.688679
3.210453	-127.699976	-95.826290
2.425055	-129.208144	-94.512736
1.975812	-129.996209	-92.674543
1.872223	-130.589976	-90.764716
1.857704	-131.155952	-88.846469
1.647504	-131.306234	-86.891161
1.868943	-131.893732	-84.979396
1.857909	-132.460100	-83.061265
1.858624	-133.027840	-81.143540
1.827491	-133.535610	-79.209072
1.801209	-133.992368	-77.261928
1.805384	-134.457252	-75.316708
1.810030	-134.931168	-73.373670
1.822795	-135.429847	-71.436837
1.834027	-135.950249	-69.505729
1.836930	-136.476256	-67.576140
1.839019	-137.006291	-65.647655
1.855714	-137.568448	-63.728285
1.851261	-138.122053	-61.806431
1.853203	-138.679390	-59.885657
1.852681	-139.235723	-57.964592
1.844017	-139.775391	-56.038779
1.836389	-140.300353	-54.108905
1.851394	-140.854212	-52.187125
1.846587	-141.398827	-50.262705
1.882266	-142.011744	-48.358938
1.887402	-142.634428	-46.458343
1.896527	-143.274431	-44.563509
1.899450	-143.919969	-42.670554
1.896194	-144.559339	-40.775507
1.909619	-145.224092	-38.889215
1.894833	-145.860855	-36.993383
1.883570	-146.476252	-35.090415
1.873148	-147.071783	-33.181138
1.870180	-147.661646	-31.270102
1.855860	-148.224083	-29.350815
2.392825	-149.689140	-27.989342
2.430938	-151.205009	-26.684682
2.405048	-152.686598	-25.341218
2.535619	-154.330494	-24.202093
2.536781	-155.975712	-23.064879
2.538399	-157.622768	-21.930328
2.554953	-159.288379	-20.823197
2.553844	-160.952761	-19.714218
2.567174	-162.631778	-18.627525
2.568922	-164.312690	-17.543769
2.121188	-165.358732	-15.839129
2.111625	-166.388425	-14.124564
2.131245	-167.451558	-12.430531
2.116992	-168.490439	-10.721518
2.115033	-169.525969	-9.010473
2.108336	-170.550018	-7.292531
2.099861	-171.559470	-5.565973
1.314463	-171.052400	-3.631321
0.529065	-169.325842	-2.621868
0.084974	-167.333058	-2.452125
0.091084	-165.341349	-2.270209
0.091631	-163.349739	-2.087203
0.094153	-161.358597	-1.899176
0.093809	-159.367391	-1.711833
0.090838	-157.375637	-1.530406
0.090568	-155.383834	-1.349518
0.084063	-153.390897	-1.181590
0.084692	-151.398065	-1.012409
0.082664	-149.404895	-0.847268
0.080032	-147.411296	-0.687375
0.079820	-145.417664	-0.527904
0.087902	-143.425386	-0.352327
0.097340	-141.434853	-0.157955
0.103535	-139.445563	0.048744
0.096001	-137.454773	0.240451
0.090707	-135.462995	0.421617
0.088184	-133.470766	0.597756
0.093881	-131.479573	0.785242
0.098324	-129.489233	0.981574
0.101304	-127.499487	1.183836
0.102234	-125.509930	1.387948
0.102321	-123.520391	1.592234
0.101377	-121.530659	1.794640
0.103233	-119.541307	2.000739
0.103851	-117.552082	2.208069
0.104668	-115.563028	2.417022
0.104595	-113.573958	2.625831
0.100253	-111.584000	2.826001
0.100284	-109.594049	3.026233
0.100371	-107.604115	3.226639
0.104293	-105.614982	3.434846
0.102595	-103.625499	3.639676
0.102642	-101.636025	3.844599
0.102638	-99.646551	4.049516
0.101589	-97.656862	4.252344
0.101637	-95.667184	4.455268
0.104140	-93.678019	4.663172
0.103711	-91.688766	4.870223
0.104075	-89.699587	5.077998
0.106824	-87.710988	5.291240
0.106018	-85.722217	5.502880
0.107134	-83.733684	5.716738
0.057403	-81.736979	5.831481
0.036022	-79.738277	5.903510
0.039444	-77.739834	5.982378
0.027129	-75.740570	6.036629
0.045965	-73.742684	6.128527
0.051160	-71.745300	6.230803
0.026444	-69.746001	6.283685
0.025086	-67.746630	6.333851
0.039811	-65.748214	6.413452
0.043818	-63.750135	6.501060
-0.700299	-62.220837	5.212167
-0.713089	-60.708148	3.903820
-0.726240	-59.212794	2.575694
-0.746789	-57.745046	1.217123
-0.767093	-56.305184	-0.170967
-0.772958	-54.873488	-1.567479
0.012440	-52.873643	-1.542600
0.797838	-51.477130	-0.110904
1.543714	-51.422972	1.888363
1.587045	-51.455468	3.888098
1.568750	-51.451376	5.888094
1.447528	-51.243146	7.568769
1.385695	-50.875054	9.534603
1.211006	-50.170898	11.406544
1.423659	-49.877684	13.384934
1.602989	-49.942059	15.383898
1.615320	-50.031076	17.381915
1.613539	-50.116534	19.380089
1.612501	-50.199920	21.378350
1.621165	-50.300614	23.375813
1.621593	-50.402163	25.373233
1.623412	-50.507345	27.370465
1.632500	-50.630674	29.366659
1.630994	-50.750996	31.363037
1.647141	-50.903537	33.357211
1.655172	-51.072089	35.350096
1.655802	-51.241896	37.342874
1.651412	-51.402952	39.336379
2.436810	-52.926456	40.632116
3.222208	-54.919961	40.471060
3.398472	-56.854336	39.962933
3.399929	-58.787969	39.451988
3.405591	-60.718677	38.930104
3.392178	-62.656212	38.434161
3.391608	-64.594029	37.939324
4.177006	-65.104201	37.079248
4.962404	-64.609365	35.141431
5.747802	-62.889218	34.121090
5.796866	-61.121100	33.186340
5.793553	-59.356089	32.245737
5.789837	-57.594584	31.298583
5.791819	-55.831206	30.354921
5.792913	-54.066797	29.413188
5.795209	-52.300230	28.475511
5.691733	-50.639966	27.360377
5.693044	-48.978242	26.247419
5.704196	-47.304211	25.153063
5.752740	-45.579048	24.141228
5.810875	-43.798010	23.231339
5.828572	-42.001148	22.353108
5.839754	-40.194579	21.495025
5.853904	-38.376048	20.662591
5.834142	-36.574322	19.794384
5.827319	-34.778563	18.913903
6.612717	-32.886175	19.561103
7.092551	-31.506261	21.008803
7.085019	-30.115481	22.446066
7.025764	-28.642026	23.798446
7.075607	-27.237780	25.222556
7.152031	-25.946364	26.749725
6.792244	-24.199958	27.724435
6.785547	-22.447062	28.687428
6.782828	-20.691554	29.645651
6.762122	-18.916584	30.567322
6.725184	-17.108787	31.422817
6.793794	-15.404203	32.377653
6.807215	-13.672584	33.378399
6.833580	-11.967948	34.424446
6.836074	-10.265925	35.474740
6.825951	-8.553359	36.507753
6.841895	-6.857480	37.567938
6.843728	-5.163547	38.631229
6.852390	-3.478888	39.709154
6.865937	-1.808986	40.809800
6.871776	-0.145538	41.920179
6.868445	1.521599	43.025010
6.879802	3.176081	44.148704
6.872412	4.838823	45.260140
7.396474	5.722250	47.054452
7.403626	6.592822	48.855036
7.413559	7.445466	50.664179
7.408325	8.307566	52.468835
7.410319	9.166067	54.275206
7.395400	10.051420	56.068568
7.391075	10.944522	57.858084
7.406575	11.809779	59.661228
7.414161	12.661333	61.470884
7.448774	13.449753	63.308925
6.663376	14.378347	63.680022
5.877978	16.216387	62.891603
5.092579	16.958581	61.034415
4.355618	16.260081	59.160356
4.354083	15.558705	57.287372
4.353896	14.856979	55.414518
4.355851	14.158915	53.540297
4.356987	13.462981	51.665283
4.354062	12.761565	49.792313
4.354821	12.061571	47.918812
4.360002	11.371292	46.041709
4.461947	10.875628	44.104104
4.500689	10.455383	42.148755
4.397942	9.836801	40.246820
4.316285	9.065147	38.401678
4.288940	8.243333	36.578324
4.250139	7.351407	34.788222
4.191035	6.355299	33.053931
4.729949	6.390417	31.054239
4.394951	5.766151	29.154163
4.307838	4.978940	27.315604
4.283251	4.146766	25.496956
4.258956	3.270658	23.699059
4.219767	2.324784	21.936867
4.213255	1.367453	20.180874
4.262682	0.498049	18.379725
5.048080	1.156891	16.491359
5.823563	2.949331	15.604140
5.856975	4.770409	14.777294
5.746724	6.446258	13.780784
5.911400	8.309619	13.054226
5.404159	9.585422	11.513990
5.393389	10.844562	9.960102
5.383622	12.088467	8.393992
5.372720	13.315223	6.814413
5.375579	14.546491	5.238349
5.368631	15.766778	3.653768
5.365884	16.982708	2.065841
5.368398	18.202625	0.480976
6.153796	20.185907	0.222918
6.351229	22.181279	0.358900
6.384182	24.171087	0.560550
6.393982	26.158824	0.781690
6.402745	28.144547	1.020240
6.423041	30.125019	1.299040
6.415653	32.107497	1.563200
6.410817	34.091229	1.817772
6.416530	36.073475	2.083672
6.400543	38.059717	2.317849
6.721370	39.828359	3.146571
6.324117	41.826684	3.228412
6.318566	43.825432	3.299159
6.315127	45.824412	3.363031
6.306036	47.823890	3.408730
7.091435	48.514655	4.131809
7.876832	48.491807	5.131549
8.662230	47.045649	6.513080
9.447629	45.046172	6.467383
9.991713	43.359069	5.393285
9.989313	41.669395	4.323239
9.981446	39.971354	3.266519
9.986216	38.278374	2.201710
9.987309	36.586558	1.135052
9.990598	34.898260	0.062835
9.989301	33.208573	-1.007192
9.988440	31.517964	-2.075762
9.985481	29.824201	-3.139325
9.987199	28.132268	-4.205797
9.993138	26.446699	-5.282298
10.009952	24.779467	-6.386986
9.951258	23.104127	-7.360690
9.903394	21.328861	-8.281792
10.084067	19.748006	-9.506902
9.987059	18.055924	-10.573137
9.969935	16.345833	-11.610242
9.967170	14.632880	-12.642615
9.959597	12.912159	-13.661985
9.958240	11.190056	-14.679020
10.061398	9.584084	-15.866320
9.964083	7.867952	-16.893400
9.971799	6.159797	-17.933689
10.022008	4.506004	-19.058398
10.209641	3.093552	-20.469340
10.831888	2.767639	-22.442603
11.617286	3.932494	-24.068368
11.948060	5.562212	-25.227687
11.951906	7.196377	-26.380729
11.956202	8.835479	-27.526741
11.913981	10.423477	-28.739943
11.763846	11.678881	-30.039102
11.939856	13.299032	-31.211752
11.942506	14.922286	-32.380104
11.989046	16.598138	-33.471671
11.981550	18.265761	-34.575771
12.007575	19.961549	-35.636102
12.021369	21.671801	-36.672941
12.022453	23.383177	-37.707926
12.020741	25.092778	-38.745839
12.005528	26.786392	-39.809638
12.004334	28.478735	-40.875460
11.218935	28.921752	-42.825776
10.433537	27.855930	-44.518119
9.825985	26.014750	-45.299179
9.825380	24.173097	-46.079124
9.820786	22.327880	-46.850600
9.819190	20.481435	-47.619132
9.813273	18.630475	-48.376724
9.813561	16.779733	-49.134849
9.816964	14.931581	-49.899268
9.813251	13.080605	-50.656820
9.815210	11.231115	-51.417996
9.824365	9.388672	-52.196071
9.826607	7.547977	-52.978275
9.818378	5.700909	-53.745306
9.819744	3.854890	-54.514859
9.797476	1.992194	-55.243119
9.789134	0.123488	-55.955813
9.780940	-1.750995	-56.653173
9.782845	-3.624146	-57.354103
9.787280	-5.494170	-58.063332
9.806727	-7.350050	-58.808791
9.803511	-9.208317	-59.548279
9.800091	-11.069103	-60.281406
9.796737	-12.932337	-61.008288
10.582135	-13.735859	-62.839777
11.240404	-13.251078	-64.780134
11.247416	-12.752702	-66.717045
11.252090	-12.245278	-68.651604
11.255067	-11.732098	-70.584645
11.277702	-11.175298	-72.505575
11.281785	-10.610659	-74.424216
11.284635	-10.040554	-76.341240
11.283965	-9.471734	-78.258645
11.285526	-8.899922	-80.175160
11.282122	-8.334637	-82.093611
11.281271	-7.770986	-84.012542
11.282935	-7.204142	-85.930533
11.284736	-6.633843	-87.847499
10.499338	-7.586081	-89.606261
9.713940	-9.503047	-90.176560
9.594999	-11.474142	-90.515361
9.592103	-13.446209	-90.848452
9.592599	-15.418111	-91.182520
9.592141	-17.390166	-91.515686
9.590687	-19.362703	-91.845984
8.805289	-20.991054	-90.684746
8.019891	-21.321352	-88.712209
7.619105	-20.855906	-86.767123
7.618432	-20.389151	-84.822351
7.619353	-19.924187	-82.877149
7.628980	-19.477971	-80.927562
7.703760	-19.179338	-78.954596
7.653873	-18.781786	-76.994506
7.654750	-18.385954	-75.034068
7.649896	-17.980611	-73.075575
7.651820	-17.579037	-71.116305
7.771415	-17.414092	-69.123118
7.762849	-17.232079	-67.131418
7.745237	-17.015020	-65.143232
7.745401	-16.798285	-63.155011
7.736818	-16.564494	-61.168723
7.750139	-16.357181	-59.179498
7.744927	-16.139504	-57.191379
7.740234	-15.912499	-55.204305
8.525632	-16.534778	-54.421509
9.311030	-17.528316	-54.308006
10.035971	-18.742980	-55.159116
10.821369	-19.089630	-57.128845
11.233871	-18.617534	-59.072328
11.227774	-18.157296	-61.018653
11.239795	-17.673695	-62.959305
11.238247	-17.193100	-64.900703
11.237574	-16.713811	-66.842425
11.224835	-16.259296	-68.790094
11.225713	-15.803070	-70.737363
11.225579	-15.347106	-72.684694
11.255665	-14.837688	-74.598944
11.239326	-14.354997	-76.539822
11.239044	-13.872854	-78.480837
11.238005	-13.392729	-80.422352
11.239193	-12.910296	-82.363294
11.239349	-12.427561	-84.304162
11.240844	-11.941925	-86.244305
11.241406	-11.455199	-88.184176
11.243461	-10.964488	-90.123041
11.244411	-10.471935	-92.061441
11.241602	-9.984827	-94.001215
11.242256	-9.496452	-95.940671
11.243560	-9.005548	-97.879489
11.244783	-8.512274	-99.817705
11.243454	-8.021576	-101.756574
12.028852	-7.162594	-102.268580
12.814250	-5.223725	-101.777882
13.599648	-4.199713	-100.059919
14.096253	-4.117909	-98.061592
14.096895	-4.037387	-96.063214
14.094325	-3.951729	-94.065049
14.091265	-3.859956	-92.067156
14.090302	-3.766260	-90.069352
14.089525	-3.671013	-88.071622
14.091220	-3.579151	-86.073733
14.093872	-3.492587	-84.075607
14.095979	-3.410234	-82.077303
14.093861	-3.323649	-80.079178
14.092279	-3.233904	-78.081193
14.099103	-3.157794	-76.082642
14.099488	-3.082454	-74.084061
14.088315	-2.984789	-72.086448
14.100887	-2.912244	-70.087764
14.107374	-2.852668	-68.088651
14.105143	-2.788631	-66.089677
14.159768	-2.833830	-64.090188
14.159112	-2.877718	-62.090669
13.633537	-1.928802	-60.368580
14.115653	-1.885777	-58.369043
14.130344	-1.872130	-56.369090
14.121576	-1.840950	-54.369333
14.121982	-1.810580	-52.369564
14.109587	-1.755427	-50.370326
13.324188	-0.302751	-48.995650
12.538790	1.696488	-49.050803
11.753400	3.071175	-50.503467
11.778516	4.238954	-51.676998
11.706159	5.543508	-53.192960
11.700316	6.839182	-54.716517
11.696359	8.128817	-56.245190
11.697112	9.419603	-57.772892
11.701606	10.717242	-59.294776
11.700348	12.012965	-60.818292
11.700723	13.309258	-62.341323
11.699913	14.604319	-63.865402
11.699338	15.722829	-65.183245
11.671321	16.973790	-66.743725
11.734598	18.276521	-68.173254
11.663814	19.515732	-69.743082
11.664935	20.756701	-71.311519
11.666938	22.000809	-72.877467
11.666854	23.244786	-74.443520
11.666072	24.487538	-76.010544
11.665709	25.729722	-77.578020
11.664617	26.970192	-79.146851
11.663895	28.209530	-80.716578
11.665199	29.450913	-82.284687
11.663765	30.690047	-83.854575
11.665402	31.931750	-85.422431
11.670758	33.181832	-86.983615
12.456156	34.175764	-87.093607
13.241554	35.736948	-85.843525
14.026953	35.956931	-83.855660
14.547511	35.159082	-82.021692
14.545353	34.365192	-80.186008
14.544365	33.573116	-78.349539
14.543639	32.782374	-76.512496
14.547159	31.985169	-74.678249
14.548740	31.185067	-72.845263
14.548064	30.386203	-71.011738
14.550469	29.582932	-69.180139
14.551496	28.777780	-67.349365
14.551889	27.971910	-65.518908
14.548779	27.171734	-63.685955
14.534157	26.398447	-61.841497
14.546497	25.602457	-60.006722
14.545591	24.808130	-58.171226
14.537705	24.028302	-56.329524
14.551667	23.222836	-54.498888
14.554466	22.412251	-52.670515
14.549847	21.610119	-50.838416
14.543693	20.819278	-49.001416
14.552299	20.012657	-47.171289
14.653752	19.024830	-45.432268
14.676727	17.997314	-43.716398
14.723342	16.890956	-42.050274
14.746221	15.746772	-40.409895
14.750188	14.596090	-38.774068
14.510349	13.866929	-36.911724
13.767684	14.472253	-35.348662
13.536787	15.602165	-33.698420
12.861083	17.515936	-33.117491
12.854205	19.433658	-32.549738
12.843934	21.357109	-32.001711
12.840055	23.282672	-31.461150
12.822965	25.217192	-30.953574
12.815103	27.155642	-30.461222
12.812209	29.095509	-29.974483
12.812002	31.035478	-29.488146
12.799594	32.981331	-29.025917
12.796964	34.928392	-28.568807
12.791466	36.877938	-28.122408
12.793298	38.826662	-27.672438
12.794258	40.774954	-27.220597
12.793642	42.723523	-26.769956
12.793682	44.672075	-26.319238
12.790177	46.622194	-25.875353
12.765712	48.582589	-25.479305
12.765045	50.543247	-25.084564
12.767933	52.502756	-24.684163
12.769128	54.461786	-24.281422
12.768037	56.421254	-23.880817
12.761954	58.383123	-23.492139
12.762512	60.344775	-23.102367
12.763873	62.305894	-22.709925
12.765836	64.266239	-22.313635
12.764671	66.227045	-21.919629
12.768953	68.186145	-21.517230
12.767372	70.145880	-21.117927
13.552771	71.249272	-19.449837
14.338169	70.849969	-17.490103
15.123567	69.181879	-16.386711
15.468458	67.238969	-15.912266
15.468175	65.296192	-15.437272
15.471765	63.351723	-14.969255
15.471853	61.407213	-14.501410
15.473616	59.461881	-14.036994
15.475773	57.515552	-13.576774
15.475926	55.569152	-13.116853
15.441035	53.639980	-12.589313
15.453603	51.704544	-12.086116
15.442001	49.774864	-11.560441
15.445955	47.843121	-11.042400
15.449390	45.909609	-10.530996
15.447631	43.977000	-10.016193
15.314838	42.129568	-9.250039
15.338451	40.264561	-8.527718
15.365367	38.380790	-7.855852
15.399299	36.475310	-7.248280
15.387106	34.577379	-6.617519
15.449788	32.643665	-6.106886
15.507050	30.683896	-5.707758
14.721652	29.580364	-4.039779
13.936254	29.979492	-2.080010
13.277539	31.494692	-0.774572
13.295517	32.986179	0.557895
13.288748	34.486651	1.880234
13.297669	35.975266	3.215907
13.326260	37.425089	4.593589
13.354134	38.835953	6.011142
13.230148	40.411295	7.243335
13.133300	42.098403	8.317424
13.128971	43.790145	9.384199
13.128862	45.482002	10.450789
13.150022	47.150914	11.552938
13.148985	48.820968	12.653356
13.155539	50.483773	13.764695
13.170229	52.130074	14.900340
13.955626	52.491164	16.867473
14.112645	52.540202	18.866871
14.043208	52.727844	20.858049
13.656726	53.652183	22.631632
13.906679	54.109089	24.578742
14.112872	54.157675	26.578152
14.112035	54.207934	28.577520
14.115002	54.252259	30.577029
14.109966	54.306654	32.576288
14.107503	54.365973	34.575407
14.095148	54.449985	36.573641
14.089217	54.545848	38.571341
14.080587	54.658947	40.568140
14.098343	54.736575	42.566633
13.963841	55.081493	44.536665
13.971239	55.411829	46.509196
13.940991	55.801670	48.470834
13.930999	56.211090	50.428479
13.940192	56.602497	52.389805
13.913707	57.045707	54.340077
13.895354	57.524634	56.281887
13.904192	57.986379	58.227854
13.877053	58.500761	60.160575
13.865166	59.038080	62.087044
13.852042	59.600635	64.006296
14.637439	58.641307	65.761200
14.761998	57.471385	67.383324
14.773153	56.283444	68.992296
14.773738	55.094561	70.600573
14.689390	54.045400	72.303294
14.743333	52.905959	73.946970
14.342527	52.498119	75.904945
14.824737	51.228797	77.450525
14.782750	50.025469	79.048022
14.546593	49.229302	80.882719
14.523219	48.476235	82.735524
14.518180	47.732513	84.592100
14.522002	46.981701	86.445820
14.490601	46.289459	88.322198
14.506079	45.568257	90.187638
14.467122	44.920256	92.079751
14.676802	43.898343	93.785972
15.064770	42.297973	94.985479
15.080828	40.678550	96.159134
15.094636	39.043074	97.310316
15.123722	37.374814	98.413449
15.070761	35.767287	99.603348
15.070033	34.160627	100.794415
15.074477	32.548690	101.978332
15.080123	30.930094	103.153128
15.081872	29.309446	104.325093
14.296474	28.992179	106.299764
13.511075	30.164144	107.920412
12.782713	32.117522	108.349729
12.783459	34.070579	108.780503
12.777801	36.026042	109.200220
12.773502	37.983292	109.611526
12.778047	39.938652	110.031725
12.777284	41.894332	110.450431
12.778657	43.849436	110.871823
12.778923	45.804427	111.293734
12.778439	47.759622	111.714699
12.781152	49.713668	112.140966
12.779443	51.668440	112.563894
12.782162	53.622054	112.992134
12.079660	55.389807	112.056693
12.078515	57.156487	111.119226
12.068656	58.913838	110.164388
12.064481	60.667188	109.202222
12.061364	62.417530	108.234595
12.068597	64.174826	107.279655
12.061986	65.925770	106.313117
12.847384	66.886545	106.590446
13.632782	67.369824	107.465938
14.418180	66.815166	109.387488
15.203578	65.064222	110.354026
15.249024	63.271177	111.240021
15.236987	61.488926	112.147534
15.243913	59.700431	113.042681
15.246745	57.909410	113.932760
15.246012	56.119041	114.824152
15.248177	54.326746	115.711665
15.256282	52.528816	116.583896
15.245371	50.739020	117.476435
15.245162	48.949409	118.369347
15.249693	47.155770	119.254142
15.253061	45.359163	120.132892
15.259351	43.557064	121.000324
15.264903	41.750176	121.857737
15.266865	39.941609	122.711602
14.985859	38.440776	124.033532
14.990616	36.933672	125.348308
14.993478	35.422810	126.658765
14.947568	33.973684	128.037181
14.965108	32.500603	129.389968
14.953776	31.042946	130.759360
14.949085	29.591729	132.135577
15.030487	28.033415	133.389234
15.026679	26.479887	134.648817
15.025534	24.927801	135.910177
15.049571	23.345847	137.133869
15.638326	21.350694	137.273030
14.935816	19.917866	138.668379
15.674752	17.918969	138.734789
16.460151	16.458577	137.368314
17.175236	16.251898	135.379022
17.178005	16.050730	133.389165
17.167772	15.829210	131.401470
17.170897	15.613903	129.413093
17.174945	15.406647	127.423861
17.178087	15.205641	125.433988
17.184628	15.017656	123.442842
17.190994	14.842350	121.450540
17.192154	14.669356	119.458036
17.188792	14.489664	117.466124
17.186286	14.304980	115.474670
17.185711	14.119152	113.483322
17.181063	13.924070	111.492859
17.181820	13.730494	109.502249
17.168125	13.509676	107.514476
17.149067	13.251018	105.531273
17.171845	13.037596	103.542693
17.181557	12.843497	101.552134
17.178604	12.643521	99.562156
17.195190	12.476576	97.569136
17.199236	12.317697	95.575457
17.204477	12.169268	93.580972
17.210177	12.032211	91.585674
17.194601	11.864092	89.592753
17.070079	11.449754	87.636143
17.207990	11.308334	85.641149
17.207529	11.165994	83.646220
17.214949	11.038459	81.650291
17.225901	10.932790	79.653084
17.222408	10.820147	77.656259
17.233630	10.729919	75.658296
16.448232	9.253344	74.309323
15.854326	7.274900	74.017666
15.817677	5.286925	73.798679
15.801970	3.295757	73.610943
15.783849	1.301513	73.459317
15.767735	-0.694915	73.339845
15.109781	-2.347549	74.466070
15.053864	-3.868713	75.632335
15.017839	-5.411046	76.905601
14.998356	-6.928281	78.208673
14.995332	-8.441569	79.516328
14.990789	-9.948901	80.830842
15.014877	-11.487457	82.108670
14.929099	-12.907955	83.510725
15.028340	-14.463574	84.767725
15.027560	-16.018212	86.025939
15.027506	-17.572783	87.284235
15.027029	-19.126753	88.543273
15.030048	-20.684517	89.797613
15.031723	-22.244380	91.049343
15.032780	-23.805565	92.299423
14.247382	-24.025550	94.287288
13.706950	-23.191415	96.105039
13.708464	-22.360033	97.924050
13.703999	-21.520537	99.739331
13.705585	-20.683921	101.555942
13.702596	-19.841878	103.370043
13.695440	-18.986876	105.178072
13.694016	-18.129300	106.984883
13.687899	-17.260687	108.786413
13.694312	-16.403646	110.593477
13.691895	-15.542239	112.398463
13.684349	-14.667236	114.196899
13.681906	-13.787842	115.993191
13.683306	-12.910965	117.790713
13.682849	-12.033266	119.587834
13.684890	-11.159236	121.386743
13.685133	-10.285645	123.185865
13.688739	-9.418546	124.988124
13.691509	-8.556442	126.792778
13.681128	-7.675651	128.588386
13.720754	-6.866687	130.417478
13.745554	-6.103327	132.266066
13.823507	-5.486242	134.168487
14.084456	-5.380869	136.165710
13.885477	-4.882788	138.102694
14.233333	-5.074824	140.093454
14.233479	-5.267151	142.084184
14.243689	-5.479792	144.072848
14.251319	-5.707601	146.059831
14.285310	-6.002804	148.037925
14.289302	-6.305901	150.014825
14.294160	-6.618598	151.990228
14.374884	-7.089568	153.933984
14.374841	-7.560452	155.877761
14.381708	-8.044675	157.818258
14.383457	-8.532290	159.757905
14.388726	-9.030119	161.694956
14.393990	-9.538137	163.629360
13.608592	-8.529529	165.356412
12.823193	-6.595126	165.864430
12.038085	-4.867781	164.856324
12.038034	-3.140487	163.848129
12.037202	-1.414033	162.838497
12.043224	0.318470	161.839281
12.009000	2.015768	160.781369
12.005123	3.708951	159.716883
12.058098	5.456124	158.743545
12.241732	6.403890	158.424579
13.027123	7.299609	158.869201
12.241725	8.247373	158.550229
11.456327	8.691995	157.654510
10.670929	8.373023	156.706746
9.885531	7.477303	156.262123
9.100133	5.938751	156.779927
8.314735	5.329133	158.008036
7.529337	5.648106	158.955800
6.743938	6.543824	159.400423
5.958540	7.491588	159.081450
5.173143	7.936212	158.185732
4.387745	7.617240	157.237968
3.602346	6.721522	156.793344
2.816948	5.773758	157.112316
2.031550	5.315699	158.035101
1.246152	5.634671	158.982865
0.460754	6.530388	159.427489
-0.324644	7.478153	159.108518
-1.110042	7.922778	158.212800
-1.895439	7.603807	157.265035
-2.680837	6.708090	156.820410
-3.466235	5.760325	157.139380
-4.251634	5.315650	158.035197
-5.037032	5.634621	158.982962
-5.822430	6.530337	159.427587
-6.607827	7.478103	159.108617
-7.393225	7.922729	158.212901
-8.178623	7.603759	157.265136
-8.964022	6.708043	156.820510
-9.749420	5.760277	157.139479
-10.534818	5.315648	158.035202
-11.320216	5.634617	158.982968
-12.105614	6.530333	159.427594
-12.891012	7.478098	159.108625
-13.676409	7.922725	158.212909
-14.461808	7.603757	157.265143
-15.247206	6.708041	156.820516
-16.032604	5.760276	157.139485
-16.818002	5.315647	158.035205
-17.603400	5.634615	158.982971
-18.388798	6.530331	159.427598
-19.174196	7.478096	159.108630
-19.959594	7.922724	158.212913
-20.744991	7.603757	157.265146
-21.530390	6.708042	156.820518
-22.315788	5.760275	157.139485
-23.101186	5.315646	158.035202
-23.886584	5.634613	158.982968
-24.671982	6.530329	159.427597
-25.457379	7.478096	159.108631
-26.242777	7.922726	158.212916
-27.028175	7.603761	157.265149
-27.813573	6.708046	156.820519
-28.598971	5.760279	157.139484
-29.384369	5.315646	158.035203
-30.169767	5.634610	158.982970
-30.955165	6.530324	159.427600
-31.740563	7.478091	159.108636
-32.525961	7.922722	158.212921
-33.311359	7.603758	157.265154
-34.096757	6.708045	156.820523
-34.882155	5.760277	157.139488
-35.667553	5.315643	158.035207
-36.452951	5.634607	158.982974
-37.238349	6.530321	159.427605
-38.023747	7.478089	159.108642
-38.809144	7.922721	158.212928
-39.594542	7.603759	157.265161
-40.379941	6.708046	156.820529
-41.165339	5.760277	157.139491
-41.950737	5.315645	158.035205
-42.736135	5.634607	158.982975
-43.521532	6.530320	159.427609
-44.306930	7.478088	159.108647
-45.092328	7.922722	158.212934
-45.877725	7.603762	157.265165
-46.663124	6.708050	156.820530
-47.448522	5.760281	157.139491
-48.233920	5.315646	158.035203
-49.019318	5.634606	158.982971
-49.804716	6.530318	159.427606
-50.590113	7.478087	159.108647
-51.375511	7.922723	158.212935
-52.160909	7.603765	157.265166
-52.946307	6.708052	156.820528
-53.731705	5.760283	157.139486
-54.517103	5.315645	158.035200
-55.302501	5.634603	158.982971
-56.087899	6.530314	159.427608
-56.873297	7.478083	159.108651
-57.658695	7.922720	158.212940
-58.444093	7.603763	157.265170
-59.229491	6.708052	156.820532
-60.014889	5.760283	157.139488
-60.800287	5.315645	158.035199
-61.585685	5.634601	158.982969
-62.371083	6.530312	159.427607
-63.156481	7.478081	159.108650
-63.941879	7.922720	158.212939
-64.727277	7.603764	157.265170
-65.512675	6.708053	156.820530
-66.298073	5.760283	157.139485
-67.083471	5.315643	158.035197
-67.868869	5.634598	158.982968
-68.654266	6.530308	159.427608
-69.439664	7.478078	159.108653
-70.225062	7.922719	158.212943
-71.010460	7.603765	157.265173
-71.795858	6.708056	156.820533
-72.581256	5.760285	157.139487
-73.366654	5.315644	158.035196
-74.152053	5.634598	158.982967
-74.937450	6.530307	159.427608
-75.722848	7.478078	159.108655
-76.508246	7.922720	158.212946
-77.293643	7.603768	157.265174
-78.079042	6.708059	156.820532
-78.864440	5.760288	157.139484
-79.649838	5.315645	158.035194
-80.435236	5.634597	158.982965
-81.220634	6.530305	159.427608
-82.006032	7.478076	159.108656
-82.791430	7.922719	158.212948
-83.576828	7.603767	157.265175
-84.362225	6.708058	156.820531
-85.147623	5.760285	157.139482
-85.933022	5.315641	158.035191
-86.718419	5.634591	158.982965
-87.503817	6.530299	159.427610
-88.289215	7.478071	159.108661
-89.074613	7.922716	158.212953
-89.860011	7.603767	157.265180
-90.645409	6.708060	156.820535
-91.430807	5.760288	157.139483
-92.216205	5.315642	158.035190
-93.001603	5.634591	158.982962
-93.787001	6.530298	159.427608
-94.572398	7.478071	159.108661
-95.357796	7.922719	158.212954
-96.143194	7.603772	157.265182
-96.928591	6.708064	156.820533
-97.713990	5.760292	157.139479
-98.499388	5.315643	158.035187
-99.284786	5.634589	158.982960
-100.070184	6.530295	159.427608
-100.855582	7.478067	159.108662
-101.640980	7.922716	158.212956
-102.426378	7.603771	157.265183
-103.211776	6.708065	156.820535
-103.997174	5.760292	157.139480
-104.782572	5.315643	158.035188
-105.567970	5.634588	158.982961
-106.353369	6.530293	159.427609
-107.138766	7.478067	159.108665
-107.924164	7.922716	158.212960
-108.709562	7.603772	157.265186
-109.494960	6.708067	156.820537
-110.280359	5.760293	157.139481
-111.065757	5.315644	158.035186
-111.851154	5.634589	158.982962
-112.636553	6.530294	159.427611
-113.421951	7.478067	159.108667
-114.207349	7.922717	158.212963
-114.992746	7.603773	157.265188
-115.778144	6.708067	156.820536
-116.563542	5.760292	157.139480
-117.348940	5.315641	158.035184
-118.134338	5.634584	158.982959
-118.919736	6.530289	159.427610
-119.705134	7.478063	159.108668
-120.490532	7.922714	158.212964
-121.275930	7.603772	157.265190
-122.061328	6.708068	156.820538
-122.846727	5.760294	157.139481
-123.632125	5.315642	158.035185
-124.417523	5.634584	158.982959
-125.202921	6.530288	159.427610
-125.988319	7.478063	159.108669
-126.773716	7.922716	158.212965
-127.559114	7.603775	157.265190
-128.344512	6.708072	156.820538
-129.129911	5.760298	157.139478
-129.915309	5.315645	158.035182
-130.700707	5.634586	158.982957
-131.486105	6.530289	159.427609
-132.271503	7.478063	159.108669
-133.056901	7.922716	158.212966
-133.842299	7.603776	157.265191
-134.627697	6.708073	156.820538
-135.413095	5.760297	157.139479
-136.198494	5.315642	158.035185
-136.983892	5.634583	158.982960
-137.769290	6.530285	159.427613
-138.554688	7.478060	159.108673
-139.340086	7.922713	158.212970
-140.125484	7.603773	157.265194
-140.910882	6.708071	156.820540
-141.696280	5.760296	157.139480
-142.481678	5.315642	158.035183
-143.267076	5.634582	158.982958
-144.052474	6.530284	159.427611
-144.837873	7.478059	159.108672
-145.623270	7.922714	158.212969
-146.408668	7.603775	157.265192
-147.194066	6.708073	156.820537
-147.979464	5.760298	157.139476
-148.764862	5.315641	158.035181
-149.550260	5.634580	158.982956
-150.335658	6.530282	159.427611
-151.121057	7.478057	159.108673
-151.906454	7.922713	158.212970
-152.691852	7.603775	157.265193
-153.477250	6.708074	156.820537
-154.262648	5.760297	157.139475
-155.048046	5.315639	158.035178
-155.833444	5.634577	158.982955
-156.618842	6.530278	159.427611
-157.404240	7.478055	159.108674
-158.189637	7.922713	158.212973
-158.975035	7.603777	157.265195
-159.760433	6.708076	156.820537
-160.545831	5.760299	157.139472
-161.331229	5.315640	158.035175
-162.116627	5.634575	158.982953
-162.902025	6.530276	159.427612
-163.687422	7.478053	159.108678
-164.472820	7.922713	158.212977
-165.258218	7.603780	157.265200
-166.043616	6.708080	156.820540
-166.829014	5.760303	157.139473
-167.614412	5.315642	158.035175
-168.399811	5.634575	158.982953
-169.185209	6.530275	159.427613
-169.970607	7.478052	159.108680
-170.756004	7.922713	158.212980
-171.541402	7.603781	157.265201
-172.326800	6.708082	156.820540
-173.112198	5.760304	157.139472
-173.897596	5.315643	158.035171
-174.682994	5.634575	158.982949
-175.468392	6.530274	159.427611
-176.253790	7.478052	159.108680
-177.039188	7.922714	158.212981
-177.824587	7.603782	157.265203
-178.609985	6.708084	156.820541
-179.395383	5.760306	157.139472
-180.180781	5.315643	158.035172
-180.966179	5.634574	158.982950
-181.751576	6.530273	159.427613
-182.536975	7.478052	159.108682
-183.322372	7.922715	158.212984
-184.107770	7.603785	157.265205
-184.893168	6.708086	156.820541
-185.678566	5.760306	157.139470
-186.463964	5.315642	158.035169
-187.249362	5.634571	158.982948
-188.034760	6.530269	159.427612
-188.820159	7.478047	159.108683
-189.605556	7.922712	158.212985
-190.390954	7.603784	157.265206
-191.176352	6.708085	156.820540
-191.961750	5.760305	157.139468
-192.747148	5.315638	158.035169
-193.532546	5.634565	158.982948
-194.317944	6.530262	159.427613
-195.103342	7.478041	159.108686
-195.888740	7.922707	158.212988
-196.674138	7.603780	157.265209
-197.459536	6.708082	156.820542
-198.244934	5.760303	157.139469
-199.030332	5.315635	158.035168
-199.815730	5.634561	158.982948
-200.601128	6.530258	159.427615
-201.386525	7.478039	159.108690
-202.171923	7.922707	158.212994
-202.957321	7.603782	157.265214
-203.742718	6.708085	156.820544
-204.528117	5.760305	157.139468
-205.313515	5.315623	158.035190
-206.098913	5.634547	158.982971
-206.884311	6.530242	159.427639
-207.669708	7.478024	159.108716
-208.455106	7.922694	158.213020
-209.240504	7.603771	157.265240
-210.025902	6.708076	156.820570
-210.811300	5.760294	157.139492
-211.596698	5.315624	158.035188
-212.382097	5.634546	158.982969
-213.167495	6.530241	159.427639
-213.952892	7.478022	159.108717
-214.738290	7.922693	158.213023
-215.523688	7.603772	157.265241
-216.309086	6.708076	156.820569
-217.094484	5.760294	157.139491
-217.879882	5.315622	158.035185
-218.665280	5.634543	158.982967
-219.450678	6.530237	159.427638
-220.236076	7.478019	159.108718
-221.021473	7.922692	158.213024
-221.806871	7.603772	157.265241
-222.592269	6.708080	156.820568
-223.377667	5.760298	157.139487
-224.163065	5.315623	158.035181
-224.948463	5.634542	158.982964
-225.733861	6.530236	159.427638
-226.519259	7.478018	159.108720
-227.304657	7.922692	158.213027
-228.090055	7.603774	157.265244
-228.875453	6.708081	156.820569
-229.660851	5.760299	157.139486
-230.446249	5.315624	158.035179
-231.231647	5.634542	158.982962
-232.017045	6.530234	159.427637
-232.802443	7.478016	159.108719
-233.587842	7.922691	158.213027
-234.373239	7.603774	157.265243
-235.158637	6.708082	156.820568
-235.944035	5.760298	157.139485
-236.729433	5.315622	158.035178
-237.514831	5.634538	158.982961
-238.300230	6.530230	159.427637
-239.085628	7.478013	159.108721
-239.871025	7.922690	158.213029
-240.656423	7.603774	157.265246
-241.441821	6.708082	156.820569
-242.227220	5.760298	157.139485
-243.012618	5.315622	158.035177
-243.798016	5.634537	158.982960
-244.583413	6.530229	159.427638
-245.368811	7.478013	159.108723
-246.154209	7.922691	158.213032
-246.939607	7.603777	157.265249
-247.725005	6.708086	156.820571
-248.510403	5.760303	157.139485
-249.295801	5.315624	158.035178
-250.081200	5.634538	158.982962
-250.866597	6.530229	159.427641
-251.651995	7.478013	159.108727
-252.437393	7.922692	158.213037
-253.222791	7.603780	157.265252
-254.008189	6.708089	156.820573
-254.793587	5.760304	157.139486
-255.578985	5.315625	158.035176
-256.364383	5.634537	158.982960
-257.149781	6.530227	159.427641
-257.935179	7.478012	159.108729
-258.720577	7.922692	158.213039
-259.505975	7.603780	157.265255
-260.291373	6.708090	156.820574
-261.076771	5.760306	157.139486
-261.862169	5.315624	158.035178
-262.647567	5.634536	158.982963
-263.432966	6.530225	159.427643
-264.218364	7.478009	159.108731
-265.003761	7.922691	158.213042
-265.789159	7.603780	157.265256
-266.574557	6.708091	156.820574
-267.359955	5.760305	157.139484
-268.145353	5.315609	158.035202
-268.930751	5.634519	158.982988
-269.716149	6.530207	159.427670
-270.501547	7.477992	159.108760
-271.286946	7.922674	158.213071
-272.072344	7.603764	157.265286
-272.857742	6.708076	156.820604
-273.643140	5.760289	157.139514
-274.428538	5.315605	158.035207
-275.213936	5.634515	158.982993
-275.999334	6.530204	159.427675
-276.784732	7.477990	159.108766
-277.570129	7.922673	158.213077
-278.355527	7.603765	157.265292
-279.140925	6.708077	156.820608
-279.926324	5.760291	157.139516
-280.711722	5.315608	158.035204
-281.497120	5.634516	158.982990
-282.282517	6.530204	159.427675
-283.067915	7.477991	159.108767
-283.853313	7.922676	158.213080
-284.638711	7.603769	157.265294
-285.424109	6.708082	156.820609
-286.209507	5.760296	157.139516
-286.994905	5.315610	158.035203
-287.780303	5.634517	158.982990
-288.565702	6.530204	159.427675
-289.351100	7.477990	159.108768
-290.136497	7.922676	158.213081
-290.921895	7.603771	157.265293
-291.707293	6.708084	156.820607
-292.492691	5.760298	157.139513
-293.278089	5.315610	158.035201
-294.063487	5.634516	158.982990
-294.848885	6.530202	159.427677
-295.634283	7.477989	159.108772
-296.419681	7.922676	158.213086
-297.205079	7.603771	157.265299
-297.990477	6.708085	156.820612
-298.775876	5.760297	157.139517
-299.561274	5.315608	158.035207
-300.346672	5.634513	158.982994
-301.132069	6.530199	159.427682
-301.917467	7.477986	159.108778
-302.702865	7.922675	158.213092
-303.488263	7.603772	157.265305
-304.273661	6.708086	156.820616
-305.059059	5.760298	157.139519
-305.844457	5.315608	158.035208
-306.629855	5.634511	158.982996
-307.415253	6.530197	159.427686
-308.200651	7.477984	159.108783
-308.986049	7.922674	158.213098
-309.771447	7.603773	157.265310
-310.556845	6.708088	156.820620
-311.342243	5.760300	157.139522
-312.127641	5.315610	158.035207
-312.913039	5.634512	158.982997
-313.698436	6.530197	159.427688
-314.483834	7.477986	159.108788
-315.269232	7.922678	158.213103
-316.054630	7.603779	157.265315
-316.840028	6.708095	156.820622
-317.625426	5.760307	157.139522
-318.410824	5.315614	158.035205
-319.196222	5.634514	158.982994
-319.981620	6.530197	159.427686
-320.767018	7.477986	159.108787
-321.552416	7.922678	158.213104
-322.337814	7.603780	157.265315
-323.123212	6.708096	156.820622
-323.908611	5.760307	157.139521
-324.694009	5.315615	158.035204
-325.479407	5.634513	158.982993
-326.264805	6.530197	159.427686
-327.050203	7.477986	159.108787
-327.835600	7.922680	158.213104
-328.620998	7.603783	157.265315
-329.406396	6.708100	156.820621
-330.191794	5.760311	157.139518
-330.977193	5.315617	158.035201
-331.762591	5.634514	158.982991
-332.547989	6.530197	159.427684
-333.333387	7.477986	159.108787
-334.118785	7.922680	158.213105
-334.904183	7.603783	157.265315
-335.689581	6.708101	156.820621
-336.474979	5.760310	157.139518
-337.260377	5.315611	158.035210
-338.045775	5.634508	158.982999
-338.831173	6.530190	159.427694
-339.616571	7.477981	159.108798
-340.401968	7.922677	158.213116
-341.187366	7.603782	157.265325
-341.972764	6.708100	156.820629
-342.758163	5.760310	157.139524
-343.543561	5.315613	158.035207
-344.328958	5.634508	158.983000
-345.114356	6.530189	159.427696
-345.899755	7.477979	159.108802
-346.685152	7.922677	158.213120
-347.470550	7.603783	157.265329
-348.255948	6.708102	156.820632
-349.041347	5.760311	157.139526
-349.826745	5.315613	158.035208
-350.612143	5.634507	158.982999
-351.397541	6.530188	159.427696
-352.182938	7.477979	159.108803
-352.968337	7.922677	158.213122
-353.753735	7.603784	157.265331
-354.539133	6.708103	156.820633
-355.324531	5.760313	157.139526
-356.109929	5.315615	158.035207
-356.895327	5.634507	158.982998
-357.680725	6.530188	159.427696
-358.466123	7.477979	159.108803
-359.251521	7.922678	158.213122
-360.036919	7.603786	157.265331
-360.822317	6.708104	156.820631
-361.607715	5.760312	157.139523
-362.393113	5.315613	158.035203
-363.178511	5.634504	158.982995
-363.963909	6.530184	159.427695
-364.749306	7.477977	159.108804
-365.534704	7.922678	158.213125
-366.320102	7.603789	157.265333
-367.105500	6.708109	156.820631
-367.890898	5.760316	157.139521
-368.676296	5.315614	158.035202
-369.461694	5.634504	158.982994
-370.247092	6.530183	159.427696
-371.032490	7.477975	159.108807
-371.817887	7.922678	158.213128
-372.603286	7.603790	157.265335
-373.388684	6.708111	156.820633
-374.174082	5.760319	157.139521
-374.959480	5.315615	158.035201
-375.744878	5.634504	158.982995
-376.530276	6.530182	159.427699
-377.315674	7.477974	159.108811
-378.101071	7.922678	158.213133
-378.886469	7.603792	157.265339
-379.671867	6.708114	156.820634
-380.457265	5.760321	157.139520
-381.242663	5.315616	158.035199
-382.028061	5.634502	158.982993
-382.813459	6.530180	159.427698
-383.598856	7.477974	159.108813
-384.384254	7.922681	158.213136
-385.169652	7.603796	157.265342
-385.955050	6.708120	156.820636
-386.740448	5.760326	157.139520
-387.525846	5.315619	158.035198
-388.311244	5.634503	158.982992
-389.096643	6.530179	159.427699
-389.882040	7.477974	159.108815
-390.667438	7.922681	158.213139
-391.452836	7.603798	157.265345
-392.238234	6.708122	156.820638
-393.023632	5.760328	157.139521
-393.809031	5.315619	158.035199
-394.594429	5.634502	158.982993
-395.379826	6.530179	159.427702
-396.165224	7.477973	159.108819
-396.950622	7.922682	158.213143
-397.736019	7.603800	157.265347
-398.521418	6.708125	156.820638
-399.306816	5.760330	157.139519
-400.092214	5.315621	158.035194
-400.877612	5.634502	158.982989
-401.663010	6.530177	159.427699
-402.448408	7.477973	159.108818
-403.233805	7.922684	158.213143
-404.019203	7.603804	157.265348
-404.804601	6.708129	156.820637
-405.589999	5.760334	157.139517
-406.375398	5.315622	158.035193
-407.160796	5.634502	158.982988
-407.946193	6.530177	159.427700
-408.731591	7.477972	159.108821
-409.516989	7.922685	158.213146
-410.302387	7.603806	157.265351
-411.087785	6.708132	156.820638
-411.873183	5.760337	157.139517
-412.658581	5.315623	158.035193
-413.443979	5.634502	158.982991
-414.229376	6.530176	159.427704
-415.014775	7.477972	159.108827
-415.800172	7.922686	158.213153
-416.585570	7.603809	157.265356
-417.370967	6.708135	156.820640
-418.156365	5.760338	157.139516
-418.941764	5.315621	158.035192
-419.727161	5.634496	158.982991
-420.512559	6.530169	159.427707
-421.297956	7.477967	159.108833
-422.083354	7.922683	158.213162
-422.868753	7.603810	157.265364
-423.654151	6.708138	156.820648
-424.439549	5.760341	157.139521
-425.224947	5.315622	158.035196
-426.010345	5.634496	158.982993
-426.795743	6.530167	159.427710
-427.581141	7.477965	159.108837
-428.366538	7.922684	158.213166
-429.151936	7.603812	157.265368
-429.937334	6.708141	156.820650
-430.722732	5.760342	157.139522
-431.508130	5.315624	158.035193
-432.293528	5.634495	158.982993
-433.078926	6.530166	159.427712
-433.864324	7.477965	159.108842
-434.649721	7.922685	158.213172
-435.435119	7.603815	157.265373
-436.220517	6.708145	156.820653
-437.005916	5.760347	157.139523
-437.791314	5.315626	158.035195
-438.576712	5.634495	158.982994
-439.362110	6.530165	159.427714
-440.147508	7.477964	159.108845
-440.932906	7.922685	158.213175
-441.718304	7.603816	157.265376
-442.503702	6.708147	156.820655
-443.289100	5.760348	157.139524
-444.074498	5.315627	158.035194
-444.859896	5.634495	158.982994
-445.645294	6.530165	159.427715
-446.430692	7.477964	159.108847
-447.216089	7.922686	158.213177
-448.001488	7.603819	157.265378
-448.786886	6.708150	156.820656
-449.572284	5.760350	157.139524
-450.357682	5.315628	158.035193
-451.143080	5.634495	158.982993
-451.928478	6.530164	159.427716
-452.713875	7.477965	159.108849
-453.499273	7.922689	158.213181
-454.284670	7.603824	157.265379
-455.070068	6.708156	156.820655
-455.855466	5.760355	157.139520
-456.640865	5.315630	158.035188
-457.426263	5.634495	158.982988
-458.211660	6.530163	159.427714
-458.997058	7.477964	159.108850
-459.782456	7.922689	158.213182
-460.567854	7.603825	157.265382
-461.353252	6.708156	156.820655
-462.138650	5.760355	157.139519
-462.924048	5.315629	158.035186
-463.709446	5.634492	158.982986
-464.494844	6.530159	159.427713
-465.280242	7.477961	159.108850
-466.065640	7.922687	158.213183
-466.851038	7.603825	157.265382
-467.636436	6.708159	156.820656
-468.421834	5.760357	157.139518
-469.207232	5.315630	158.035185
-469.992631	5.634492	158.982986
-470.778028	6.530159	159.427714
-471.563426	7.477960	159.108852
-472.348824	7.922688	158.213186
-473.134222	7.603826	157.265385
-473.919620	6.708160	156.820657
-474.705019	5.760359	157.139518
-475.490417	5.315631	158.035185
-476.275815	5.634492	158.982987
-477.061213	6.530158	159.427715
-477.846611	7.477959	159.108853
-478.632009	7.922688	158.213187
-479.417407	7.603827	157.265385
-480.202805	6.708161	156.820657
-480.988203	5.760360	157.139517
-481.773601	5.315631	158.035183
-482.558999	5.634492	158.982985
-483.344397	6.530157	159.427714
-484.129795	7.477960	159.108854
-484.915192	7.922690	158.213188
-485.700591	7.603831	157.265386
-486.485988	6.708164	156.820655
-487.271386	5.760362	157.139514
-488.056785	5.315632	158.035178
-488.842183	5.634491	158.982981
-489.627581	6.530155	159.427711
-490.412979	7.477958	159.108852
-491.198377	7.922688	158.213187
-491.983775	7.603829	157.265385
-492.769174	6.708164	156.820655
-493.554572	5.760362	157.139514
-494.339970	5.315631	158.035179
-495.125368	5.634490	158.982982
-495.910766	6.530155	159.427712
-496.696164	7.477958	159.108854
-497.481562	7.922689	158.213190
-498.266960	7.603831	157.265387
-499.052358	6.708167	156.820656
-499.837756	5.760364	157.139514
-500.623154	5.315629	158.035184
-501.408552	5.634487	158.982987
-502.193950	6.530151	159.427718
-502.979348	7.477955	159.108861
-503.764745	7.922688	158.213197
-504.550143	7.603831	157.265394
-505.335542	6.708168	156.820661
-506.120940	5.760365	157.139518
-506.906338	5.315629	158.035188
-507.691736	5.634485	158.982991
-508.477134	6.530148	159.427724
-509.262532	7.477951	159.108868
-510.047930	7.922685	158.213204
-510.833328	7.603829	157.265401
-511.618726	6.708166	156.820667
-512.404124	5.760362	157.139523
-513.189522	5.315628	158.035187
-513.974920	5.634484	158.982990
-514.760318	6.530147	159.427724
-515.545716	7.477951	159.108869
-516.331113	7.922686	158.213206
-517.116512	7.603832	157.265402
-517.901910	6.708170	156.820667
-518.687308	5.760366	157.139521
-519.472706	5.315630	158.035185
-520.258104	5.634484	158.982989
-521.043502	6.530146	159.427724
-521.828900	7.477950	159.108871
-522.614298	7.922686	158.213208
-523.399695	7.603833	157.265403
-524.185093	6.708171	156.820666
-524.970492	5.760366	157.139519
-525.755890	5.315628	158.035182
-526.541288	5.634481	158.982987
-527.326685	6.530142	159.427725
-528.112083	7.477947	159.108873
-528.897481	7.922685	158.213211
-529.682879	7.603834	157.265406
-530.468277	6.708172	156.820668
-531.253675	5.760367	157.139518
-532.039073	5.315627	158.035181
-532.824471	5.634478	158.982989
-533.609869	6.530138	159.427727
-534.395266	7.477944	159.108878
-535.180664	7.922684	158.213218
-535.966062	7.603835	157.265411
-536.751460	6.708175	156.820671
-537.536858	5.760368	157.139520
-538.322256	5.315627	158.035183
-539.107654	5.634475	158.982989
-539.893052	6.530135	159.427729
-540.678450	7.477942	159.108881
-541.463848	7.922682	158.213221
-542.249246	7.603835	157.265415
-543.034644	6.708176	156.820675
-543.820042	5.760369	157.139522
-544.605440	5.315627	158.035182
-545.390839	5.634475	158.982989
-546.176237	6.530134	159.427730
-546.961634	7.477941	159.108883
-547.747032	7.922684	158.213224
-548.532429	7.603838	157.265416
-549.317827	6.708180	156.820673
-550.103225	5.760372	157.139519
-550.888623	5.315628	158.035180
-551.674022	5.634473	158.982986
-552.459419	6.530132	159.427730
-553.244817	7.477939	159.108885
-554.030215	7.922682	158.213227
-554.815613	7.603838	157.265419
-555.601011	6.708180	156.820675
-556.386409	5.760372	157.139520
-557.171807	5.315628	158.035177
-557.957206	5.634472	158.982985
-558.742604	6.530130	159.427729
-559.528002	7.477937	159.108885
-560.313399	7.922682	158.213227
-561.098798	7.603839	157.265420
-561.884196	6.708181	156.820675
-562.669594	5.760373	157.139518
-563.454992	5.315628	158.035176
-564.240390	5.634471	158.982984
-565.025788	6.530128	159.427729
-565.811186	7.477937	159.108886
-566.596584	7.922683	158.213229
-567.381982	7.603840	157.265422
-568.167380	6.708183	156.820676
-568.952778	5.760376	157.139518
-569.738176	5.315628	158.035178
-570.523574	5.634471	158.982985
-571.308972	6.530127	159.427731
-572.094371	7.477935	159.108889
-572.879768	7.922682	158.213232
-573.665166	7.603840	157.265424
-574.450564	6.708182	156.820676
-575.235962	5.760374	157.139517
-576.021360	5.315627	158.035174
-576.806758	5.634468	158.982983
-577.592156	6.530125	159.427731
-578.377554	7.477933	159.108890
-579.162952	7.922681	158.213234
-579.948350	7.603841	157.265426
-580.733748	6.708183	156.820677
-581.519146	5.760375	157.139516
-582.304544	5.315614	158.035197
-583.089942	5.634454	158.983006
-583.875340	6.530110	159.427756
-584.660738	7.477919	159.108917
-585.446136	7.922668	158.213261
-586.231534	7.603829	157.265452
-587.016932	6.708173	156.820703
-587.802330	5.760364	157.139542
-588.587729	5.315615	158.035198
-589.373127	5.634454	158.983007
-590.158525	6.530109	159.427757
-590.943922	7.477919	159.108918
-591.729320	7.922669	158.213263
-592.514718	7.603831	157.265454
-593.300117	6.708176	156.820704
-594.085515	5.760366	157.139542
-594.870913	5.315615	158.035198
-595.656311	5.634453	158.983007
-596.441708	6.530108	159.427758
-597.227106	7.477918	159.108921
-598.012504	7.922669	158.213267
-598.797902	7.603832	157.265457
-599.583301	6.708177	156.820706
-600.368699	5.760368	157.139542
-601.154097	5.315614	158.035202
-601.939495	5.634451	158.983011
-602.724892	6.530105	159.427763
-603.510291	7.477915	159.108927
-604.295689	7.922667	158.213273
-605.081087	7.603832	157.265464
-605.866485	6.708178	156.820712
-606.651883	5.760367	157.139548
-607.437281	5.315612	158.035206
-608.222679	5.634448	158.983017
-609.008077	6.530102	159.427769
-609.793475	7.477913	159.108934
-610.578872	7.922666	158.213280
-611.364270	7.603832	157.265470
-612.149668	6.708178	156.820715
-612.935066	5.760367	157.139548
-613.720464	5.315609	158.035209
-614.505862	5.634442	158.983020
-615.291261	6.530095	159.427774
-616.076658	7.477907	159.108941
-616.862056	7.922662	158.213288
-617.647454	7.603830	157.265477
-618.432851	6.708176	156.820720
-619.218249	5.760365	157.139552
-620.003648	5.315605	158.035212
-620.789046	5.634437	158.983024
-621.574444	6.530088	159.427780
-622.359841	7.477901	159.108949
-623.145239	7.922658	158.213297
-623.930637	7.603828	157.265485
-624.716035	6.708176	156.820728
-625.501433	5.760364	157.139559
-626.286831	5.315606	158.035210
-627.072229	5.634437	158.983022
-627.857628	6.530088	159.427780
-628.643025	7.477901	159.108950
-629.428423	7.922659	158.213298
-630.213820	7.603831	157.265485
-630.999218	6.708180	156.820726
-631.784616	5.760367	157.139554
-632.570014	5.315604	158.035211
-633.355412	5.634432	158.983023
-634.140811	6.530083	159.427782
-634.926208	7.477896	159.108955
-635.711606	7.922656	158.213305
-636.497004	7.603829	157.265492
-637.282402	6.708179	156.820732
-638.067800	5.760365	157.139559
-638.853199	5.315596	158.035226
-639.638597	5.634423	158.983039
-640.423995	6.530072	159.427800
-641.209393	7.477885	159.108973
-641.994791	7.922646	158.213322
-642.780189	7.603820	157.265509
-643.565587	6.708171	156.820748
-644.350985	5.760356	157.139575
-645.136383	5.315596	158.035225
-645.921781	5.634422	158.983038
-646.707179	6.530071	159.427799
-647.492578	7.477884	159.108972
-648.277975	7.922646	158.213323
-649.063373	7.603820	157.265509
-649.848771	6.708171	156.820747
-650.634169	5.760358	157.139573
-651.419568	5.315595	158.035224
-652.204966	5.634421	158.983038
-652.990363	6.530070	159.427801
-653.775761	7.477885	159.108976
-654.561159	7.922648	158.213328
-655.346556	7.603824	157.265513
-656.131954	6.708176	156.820749
-656.917353	5.760362	157.139573
-657.702751	5.315597	158.035223
-658.488149	5.634420	158.983037
-659.273547	6.530068	159.427801
-660.058945	7.477883	159.108978
-660.844343	7.922647	158.213329
-661.629741	7.603825	157.265515
-662.415139	6.708177	156.820751
-663.200537	5.760362	157.139573
-663.985935	5.315596	158.035225
-664.771333	5.634419	158.983039
-665.556731	6.530066	159.427804
-666.342130	7.477881	159.108981
-667.127528	7.922645	158.213333
-667.912926	7.603823	157.265519
-668.698324	6.708175	156.820754
-669.483722	5.760360	157.139577
-670.269120	5.315594	158.035225
-671.054518	5.634417	158.983040
-671.839916	6.530064	159.427804
-672.625314	7.477879	159.108982
-673.410713	7.922644	158.213335
-674.196111	7.603821	157.265520
-674.981509	6.708174	156.820755
-675.766907	5.760358	157.139577
-676.552305	5.315592	158.035228
-677.337703	5.634414	158.983042
-678.123101	6.530061	159.427808
-678.908499	7.477876	159.108987
-679.693896	7.922643	158.213340
-680.479294	7.603822	157.265524
-681.264692	6.708175	156.820758
-682.050091	5.760360	157.139578
-682.835489	5.315592	158.035227
-683.620887	5.634413	158.983043
-684.406285	6.530059	159.427809
-685.191683	7.477874	159.108989
-685.977081	7.922642	158.213342
-686.762478	7.603822	157.265526
-687.547876	6.708176	156.820758
-688.333274	5.760361	157.139577
-689.118673	5.315592	158.035225
-689.904071	5.634411	158.983041
-690.689469	6.530057	159.427809
-691.474867	7.477872	159.108990
-692.260265	7.922641	158.213343
-693.045662	7.603823	157.265526
-693.831060	6.708176	156.820756
-694.616458	5.760359	157.139573
-695.401856	5.315577	158.035244
-696.187254	5.634395	158.983061
-696.972652	6.530040	159.427830
-697.758050	7.477856	159.109013
-698.543449	7.922625	158.213368
-699.328847	7.603808	157.265551
-700.114245	6.708163	156.820782
-700.899643	5.760347	157.139599
-701.685041	5.315577	158.035245
-702.470439	5.634394	158.983061
-703.255837	6.530039	159.427832
-704.041234	7.477857	159.109016
-704.826632	7.922629	158.213371
-705.612030	7.603814	157.265554
-706.397428	6.708169	156.820782
-707.182826	5.760352	157.139597
-707.968224	5.315581	158.035241
-708.753622	5.634396	158.983060
-709.539020	6.530040	159.427833
-710.324417	7.477858	159.109019
-711.109815	7.922631	158.213375
-711.895212	7.603819	157.265556
-712.680610	6.708175	156.820782
-713.466009	5.760356	157.139595
-714.251407	5.315580	158.035242
-715.036805	5.634392	158.983061
-715.822202	6.530035	159.427836
-716.607600	7.477854	159.109025
-717.392997	7.922630	158.213382
-718.178395	7.603820	157.265564
-718.963793	6.708178	156.820787
-719.749191	5.760358	157.139598
-720.534590	5.315582	158.035241
-721.319988	5.634392	158.983059
-722.105386	6.530033	159.427835
-722.890783	7.477853	159.109026
-723.676181	7.922631	158.213384
-724.461579	7.603822	157.265565
-725.246977	6.708181	156.820787
-726.032375	5.760361	157.139596
-726.817773	5.315581	158.035242
-727.603171	5.634390	158.983061
-728.388570	6.530031	159.427839
-729.173967	7.477851	159.109031
-729.959365	7.922630	158.213390
-730.744762	7.603823	157.265569
-731.530160	6.708183	156.820789
-732.315559	5.760363	157.139596
-733.100957	5.315580	158.035243
-733.886354	5.634387	158.983065
-734.671752	6.530027	159.427845
-735.457150	7.477848	159.109039
-736.242548	7.922628	158.213399
-737.027946	7.603823	157.265579
-737.813344	6.708183	156.820798
-738.598742	5.760363	157.139603
-739.384140	5.315582	158.035244
-740.169538	5.634387	158.983064
-740.954936	6.530027	159.427846
-741.740334	7.477847	159.109042
-742.525732	7.922629	158.213402
-743.311130	7.603825	157.265582
-744.096529	6.708186	156.820800
-744.881927	5.760364	157.139605
-745.667325	5.315579	158.035250
-746.452722	5.634384	158.983073
-747.238121	6.530023	159.427855
-748.023519	7.477843	159.109052
-748.808917	7.922626	158.213413
-749.594315	7.603822	157.265592
-750.379713	6.708184	156.820809
-751.165111	5.760362	157.139613
-751.950509	5.315578	158.035254
-752.735907	5.634382	158.983078
-753.521304	6.530021	159.427862
-754.306702	7.477842	159.109059
-755.092100	7.922626	158.213421
-755.877499	7.603824	157.265600
-756.662896	6.708184	156.820815
-757.448294	5.760362	157.139617
-758.233692	5.315576	158.035257
-759.019090	5.634377	158.983079
-759.804489	6.530015	159.427864
-760.589887	7.477837	159.109063
-761.375284	7.922622	158.213425
-762.160682	7.603822	157.265603
-762.946080	6.708183	156.820816
-763.731478	5.760361	157.139616
-764.516876	5.315573	158.035256
-765.302274	5.634373	158.983078
-766.087672	6.530011	159.427864
-766.873070	7.477833	159.109064
-767.658468	7.922619	158.213427
-768.443866	7.603820	157.265604
-769.229264	6.708182	156.820817
-770.014662	5.760359	157.139615
-770.800060	5.315571	158.035252
-771.585458	5.634370	158.983075
-772.370856	6.530006	159.427862
-773.156254	7.477829	159.109064
-773.941652	7.922617	158.213427
-774.727050	7.603819	157.265604
-775.512448	6.708183	156.820816
-776.297846	5.760359	157.139614
-777.083244	5.315570	158.035253
-777.868642	5.634368	158.983076
-778.654040	6.530004	159.427865
-779.439437	7.477828	159.109068
-780.224836	7.922617	158.213433
-781.010233	7.603821	157.265609
-781.795631	6.708185	156.820818
-782.581029	5.760360	157.139613
-783.366427	5.315568	158.035252
-784.151825	5.634363	158.983075
-784.937223	6.529998	159.427866
-785.722621	7.477822	159.109071
-786.508019	7.922613	158.213437
-787.293416	7.603819	157.265611
-788.078814	6.708184	156.820818
-788.864212	5.760359	157.139612
-789.649610	5.315567	158.035246
-790.435008	5.634360	158.983073
-791.220405	6.529994	159.427867
-792.005803	7.477819	159.109075
-792.791202	7.922613	158.213441
-793.576600	7.603821	157.265616
-794.361998	6.708187	156.820823
-795.147396	5.760362	157.139615
-795.932794	5.315555	158.035275
-796.718192	5.634347	158.983101
-797.503590	6.529980	159.427894
-798.288988	7.477805	159.109103
-799.074386	7.922599	158.213469
-799.859784	7.603808	157.265644
-800.645182	6.708176	156.820850
-801.430580	5.760351	157.139641
