0.000000	0.000000	0.000000
0.748554	0.731695	0.680277
1.532875	0.768593	1.680347
2.318254	-0.593628	3.147384
2.241672	-1.338170	4.093303
2.647855	-2.777586	4.864725
3.054010	-4.772638	5.033822
3.053603	-6.765804	5.202169
3.819323	-8.326347	3.944822
3.930582	-9.732718	2.515485
4.097327	-10.876890	0.869849
3.313472	-12.845665	0.523624
3.248508	-14.835186	0.312823
3.210648	-16.829703	0.172085
3.139082	-18.830034	0.173770
3.212264	-20.826947	0.041953
3.789145	-22.420642	-1.166355
3.790214	-24.013022	-2.379280
3.654396	-25.752772	-3.365532
3.767226	-27.364271	-4.559221
3.490245	-28.810462	-5.090900
2.706472	-30.618349	-4.258705
2.192727	-31.783242	-2.617431
2.155568	-32.888408	-0.956545
2.146759	-33.982647	0.725811
2.929603	-35.941242	1.135100
3.132358	-37.932086	1.169112
3.180658	-39.928341	1.092989
3.171886	-41.930375	1.011325
3.837894	-43.464610	-0.256713
3.865530	-44.959356	-1.594769
3.880496	-46.437315	-2.950132
3.858744	-47.938254	-4.275110
3.076717	-49.927825	-4.155315
2.295595	-51.249092	-2.670116
2.230426	-52.475337	-1.083783
2.177469	-53.613600	0.586981
2.173119	-54.744014	2.236586
2.957495	-56.709592	2.610602
3.176434	-58.710708	2.539885
3.181372	-60.707999	2.478097
3.176534	-62.704526	2.416191
3.180231	-64.703863	2.344827
2.445946	-66.236954	3.649403
2.448475	-67.779908	4.916424
2.451366	-69.325501	6.175404
2.447893	-70.862757	7.456611
3.232108	-72.859309	7.262618
4.014028	-74.140608	5.729099
4.133164	-75.232656	4.056638
4.134521	-76.323466	2.381757
4.136933	-77.412176	0.695795
3.351136	-79.366356	0.279717
3.105264	-81.370662	0.359002
3.109370	-83.371263	0.432097
3.108804	-85.369306	0.490862
3.823195	-86.921674	-0.775598
3.821952	-88.478026	-2.029820
3.821284	-90.035994	-3.286315
3.822640	-91.591671	-4.543675
3.035949	-93.580358	-4.334136
2.250312	-94.837885	-2.780112
2.171015	-95.966077	-1.126735
2.173455	-97.094809	0.526045
2.166791	-98.223562	2.176711
2.954908	-100.186812	2.553137
3.177061	-102.187471	2.488712
3.175368	-104.186701	2.425580
3.173283	-106.185063	2.361735
2.471406	-107.754140	3.601878
2.472867	-109.321303	4.841760
2.518893	-110.935407	6.005215
2.479626	-112.512956	7.236915
3.262732	-114.496854	6.990171
4.049605	-115.729147	5.414925
4.093017	-116.889365	3.787669
4.096650	-118.047329	2.157037
4.095184	-119.204725	0.526604
4.105210	-120.335137	-1.121909
4.101864	-121.486593	-2.756942
4.100887	-122.639633	-4.392197
4.096684	-123.794290	-6.024284
4.086499	-124.967973	-7.641824
4.095204	-126.127759	-9.270445
4.094314	-127.283646	-10.904167
4.096103	-128.440340	-12.537147
4.096643	-129.591464	-14.172780
4.098681	-130.737937	-15.810685
4.551999	-131.056691	-17.787313
4.548052	-131.371661	-19.766677
4.546174	-131.700519	-21.736799
4.552986	-132.020859	-23.709438
5.337409	-130.844570	-25.329220
6.121388	-128.877921	-25.651908
6.517774	-126.920915	-25.185291
6.527758	-124.975933	-24.710318
6.524768	-123.037342	-24.237761
6.519959	-121.101045	-23.778777
6.524739	-119.161799	-23.304036
6.522772	-117.220096	-22.841708
6.526974	-115.279676	-22.362008
6.719856	-113.565130	-21.566859
6.533080	-111.623747	-21.086185
6.530023	-109.684582	-20.608340
6.530408	-107.746837	-20.107928
6.479746	-105.784106	-19.712531
6.478226	-103.825320	-19.312723
6.478624	-101.864839	-18.916800
6.478602	-99.902148	-18.532322
6.482602	-97.941597	-18.145849
6.479147	-95.979910	-17.752634
6.459956	-94.013393	-17.389360
6.475865	-92.049716	-17.013569
6.454004	-90.079262	-16.667957
6.349387	-88.146702	-16.782290
6.401321	-86.186301	-16.446845
6.447368	-84.104140	-15.927175
6.429305	-82.195176	-15.782898
6.456155	-80.223284	-15.456773
6.451756	-78.193858	-15.083948
6.464797	-76.221182	-14.753894
6.466954	-74.185662	-14.308015
6.469681	-72.255516	-13.879205
5.680336	-70.646235	-15.083087
4.892808	-70.303494	-17.050403
4.693023	-70.393644	-19.124392
4.702181	-70.450325	-21.093701
4.719087	-70.397836	-23.132484
5.424014	-69.123923	-24.631070
5.411174	-67.815516	-26.158151
5.783196	-66.143184	-27.131718
5.821020	-64.356158	-28.043978
5.772955	-62.628762	-29.047529
5.805339	-60.856677	-29.992554
5.809485	-59.047735	-30.874907
5.799942	-57.347733	-31.884728
5.796695	-55.612910	-32.787343
5.795246	-53.883062	-33.735258
5.010338	-53.361577	-35.654567
4.833507	-53.091760	-37.621456
4.817249	-52.889810	-39.606081
4.827154	-52.645807	-41.565052
4.798481	-52.419757	-43.538126
4.119457	-53.528186	-45.177739
4.103935	-54.666724	-46.823597
4.884918	-54.360781	-48.800876
5.563164	-52.867937	-50.127512
5.575375	-51.339234	-51.429879
5.572289	-49.831138	-52.734764
4.785434	-49.703842	-54.737903
4.698780	-49.744839	-56.735472
4.697116	-49.781567	-58.736458
4.704300	-49.788798	-60.734253
4.075535	-50.982641	-62.343267
4.731035	-50.952384	-64.344611
4.735175	-50.931561	-66.345077
4.744544	-50.869723	-68.345271
4.739498	-50.806221	-70.343963
4.737058	-50.747702	-72.344397
4.741330	-50.689092	-74.343480
4.724793	-50.661232	-76.343073
4.733151	-50.607974	-78.342944
4.738349	-50.550464	-80.343242
4.736806	-50.494381	-82.342485
4.746053	-50.429563	-84.342286
4.746056	-50.359135	-86.341686
3.959253	-51.727643	-87.801682
3.172083	-53.725482	-87.865708
2.688754	-55.511148	-86.995004
2.694241	-57.323696	-86.130157
2.647738	-59.070498	-85.183217
2.674284	-60.853463	-84.295223
2.676745	-62.650528	-83.387252
2.681222	-64.434450	-82.488557
2.682534	-66.230977	-81.620445
2.702316	-68.034385	-80.806524
2.703254	-69.845445	-79.970045
2.685674	-71.633296	-79.090728
2.671288	-73.410124	-78.139445
2.533964	-74.677814	-77.434048
2.669727	-76.428651	-76.594083
2.667786	-78.221795	-75.689512
2.644869	-79.959714	-74.684347
2.669459	-81.719426	-73.821458
2.670369	-83.508550	-72.921398
2.674051	-85.276902	-71.952949
2.680358	-87.089170	-71.018701
2.397024	-88.184996	-69.909526
2.712323	-90.006122	-69.065862
2.690004	-91.798018	-68.067458
2.770143	-93.666396	-67.387253
2.701510	-95.485941	-66.494525
2.714773	-97.301966	-65.679051
2.726238	-99.127113	-64.892430
2.780771	-100.974853	-64.221737
2.737545	-102.809966	-63.322875
2.732167	-104.679313	-62.448264
2.724862	-106.524559	-61.557118
3.423815	-108.442754	-62.078170
4.208220	-109.415462	-63.793364
4.539658	-109.740699	-65.958115
4.542537	-110.077519	-67.927753
4.535154	-110.443537	-69.885806
3.922947	-111.877878	-71.302325
3.916675	-113.327665	-72.711209
3.925143	-114.718631	-74.151818
3.912290	-116.200242	-75.463566
3.950823	-117.575485	-76.935465
3.933004	-118.989119	-78.358290
3.950556	-120.350397	-79.840644
3.949402	-121.728572	-81.288156
3.946865	-123.108135	-82.728986
3.926706	-124.532663	-84.138679
3.926342	-125.944542	-85.551755
3.927738	-127.356187	-86.968826
3.935694	-128.757786	-88.398333
3.946100	-130.139335	-89.842607
3.164926	-132.138615	-89.884891
2.378253	-133.587927	-88.493625
1.928052	-134.287726	-86.612715
1.824134	-134.789322	-84.671916
1.809406	-135.266746	-82.734792
1.599596	-135.314744	-80.775466
1.821467	-135.833130	-78.837057
1.808098	-136.314172	-76.849984
1.809146	-136.798502	-74.922045
1.779844	-137.189832	-73.003412
1.752203	-137.563446	-71.040527
1.754615	-137.905779	-69.057133
1.759044	-138.243383	-67.103872
1.774611	-138.734745	-65.105657
1.782002	-139.102171	-63.310617
1.785718	-139.498079	-61.269455
1.790159	-139.922203	-59.294139
1.807310	-140.414049	-57.342935
1.804267	-140.849438	-55.436407
1.803148	-141.298749	-53.483092
1.805824	-141.782115	-51.613328
1.800094	-142.227387	-49.690544
1.788737	-142.601376	-47.770995
1.803113	-143.116349	-45.862039
1.797679	-143.521267	-43.906890
1.833813	-144.079575	-42.027433
1.834982	-144.590897	-40.155719
1.840553	-145.131281	-38.197632
1.843575	-145.680317	-36.268105
1.837799	-146.190385	-34.332974
1.850409	-146.733209	-32.456394
1.839367	-147.268605	-30.558154
1.828511	-147.837983	-28.675067
1.815938	-148.355552	-26.766507
1.816183	-148.919908	-24.952775
1.801892	-149.457763	-23.064883
2.337627	-150.821929	-21.632148
2.372975	-152.200237	-20.227976
2.348558	-153.632134	-18.782188
2.482521	-155.200141	-17.537447
2.482470	-156.752567	-16.291587
2.481843	-158.288713	-15.035162
2.500303	-159.920201	-13.863643
2.498537	-161.495019	-12.625319
2.512022	-163.132186	-11.456633
2.513487	-164.720515	-10.255099
2.067614	-165.709954	-8.507237
2.055242	-166.684066	-6.775128
2.075191	-167.650476	-5.021238
2.060150	-168.603975	-3.264180
2.063702	-169.541388	-1.500932
2.059940	-170.471471	0.274606
2.052735	-171.399656	2.046872
1.267129	-170.812501	3.947818
0.483919	-169.029680	4.884691
0.035413	-167.032574	4.954136
0.039940	-164.984041	5.050296
0.036933	-162.895434	5.132154
0.038591	-160.869744	5.212769
0.039775	-158.928804	5.301224
0.036888	-156.922509	5.336685
0.040527	-154.875096	5.398307
0.031000	-152.827022	5.466242
0.031759	-150.856226	5.492839
0.031024	-148.891401	5.529135
0.030392	-146.947766	5.563597
0.025454	-144.994729	5.494578
0.030948	-142.976976	5.559477
0.038239	-141.034866	5.575936
0.046039	-139.017503	5.657273
0.035870	-136.989109	5.746437
0.031964	-134.996313	5.841254
0.028169	-132.977017	5.883274
0.035052	-130.991841	5.920613
0.039465	-128.973713	6.014351
0.043615	-126.971330	6.077066
0.045152	-124.950746	6.189038
0.046015	-122.978113	6.325425
0.043580	-120.988704	6.408345
0.045165	-118.987577	6.484780
0.044874	-117.004180	6.584550
0.045104	-114.993514	6.652359
0.048965	-112.982553	6.764251
0.045181	-110.985572	6.816633
0.045696	-108.998220	6.880277
0.041879	-106.999756	6.970870
0.047541	-105.001607	7.060321
0.045825	-103.002819	7.150594
0.045876	-101.006273	7.242246
0.046924	-99.008745	7.333822
0.045841	-97.010872	7.424896
0.043368	-95.012445	7.517443
0.046274	-93.014189	7.610166
0.045491	-91.018526	7.701381
0.043088	-89.020370	7.793668
0.046675	-87.021925	7.884280
0.045280	-85.023440	7.975799
0.055415	-83.290512	8.937415
0.006240	-81.285663	9.112458
-0.012414	-79.311614	9.274700
-0.005012	-77.358417	9.382939
-0.022567	-75.349676	8.991628
-0.003874	-73.310206	8.897630
0.006288	-71.320175	8.996495
-0.015768	-69.307668	8.955075
-0.023121	-67.332345	8.884232
-0.008914	-65.379944	8.909232
0.001643	-63.400597	8.966286
-0.742952	-61.931397	7.576707
-0.757876	-60.585920	6.242072
-0.770115	-59.143633	4.747385
-0.790589	-57.641705	3.331966
-0.815835	-56.239509	1.860370
-0.821483	-54.879440	0.484269
-0.034250	-52.896649	0.360137
0.748467	-51.448368	1.736679
1.495772	-51.340547	3.741735
1.536779	-51.270653	5.742010
1.518244	-51.175006	7.782812
1.395377	-50.841511	9.462495
1.332731	-50.372388	11.413716
1.159795	-49.561857	13.255114
1.373729	-49.155409	15.205185
1.551754	-49.083370	17.210878
1.567939	-49.103617	19.206973
1.565799	-49.122117	21.219648
1.564921	-49.105860	23.226514
1.575723	-49.134730	25.238956
1.577409	-49.164768	27.234927
1.575438	-49.154687	29.238781
1.588302	-49.219857	31.243746
1.584894	-49.232092	33.246496
1.597615	-49.271477	35.246117
1.606079	-49.334989	37.248659
1.609003	-49.467159	39.241685
1.605218	-49.579974	41.237787
2.390014	-51.042219	42.600762
3.175673	-53.043186	42.532845
3.352803	-55.001617	42.115038
3.350845	-56.951707	41.701848
3.355234	-58.906049	41.275821
3.342464	-60.868039	40.867586
3.344898	-62.829351	40.455155
4.133995	-63.380760	39.611731
4.917833	-62.974704	37.646572
5.703774	-61.292900	36.548699
5.755010	-59.570665	35.536417
5.753949	-57.846935	34.517592
5.749413	-56.119471	33.509377
5.749504	-54.424340	32.483594
5.747087	-52.688170	31.461143
5.749886	-50.983099	30.449787
5.645740	-49.395916	29.260832
5.645267	-47.796413	28.051462
5.656517	-46.203713	26.861512
5.701598	-44.532686	25.748606
5.755777	-42.793342	24.749944
5.770007	-40.884721	23.807441
5.776638	-39.219123	22.777155
5.801819	-37.443112	21.919674
5.786330	-35.719815	20.981617
5.779785	-33.970190	20.042973
6.562043	-32.055948	20.599318
7.043215	-30.605413	21.961927
7.034462	-29.150831	23.360999
6.976352	-27.623288	24.641812
7.027856	-26.165095	26.012184
7.099939	-24.766793	27.451033
6.741665	-23.010889	28.366989
6.737129	-21.219882	29.235705
6.731621	-19.422448	30.145219
6.712339	-17.673344	30.997525
6.676041	-15.870148	31.784158
6.743753	-14.133906	32.662236
6.757611	-12.392631	33.614770
6.785703	-10.665280	34.586730
6.793256	-8.912169	35.566440
6.776721	-7.161369	36.473938
6.794581	-5.462400	37.505905
6.796639	-3.737884	38.510212
6.809181	-2.021778	39.529212
6.825525	-0.329694	40.566708
6.831565	1.367258	41.641311
6.827452	3.049285	42.704792
6.838305	4.748228	43.752240
6.832387	6.434788	44.808629
7.357409	7.404177	46.561134
7.361129	8.382510	48.289089
7.371027	9.309733	50.067639
7.365675	10.270918	51.811125
7.364965	11.201038	53.582729
7.350263	12.150492	55.352827
7.347176	13.122333	57.104394
7.362960	14.056868	58.876959
7.369521	14.984234	60.648320
7.401887	15.853321	62.450531
6.618157	16.787240	62.781563
5.835808	18.578508	61.915846
5.055853	19.235495	60.041313
4.317320	18.460391	58.192688
4.313878	17.701888	56.335682
4.312698	16.913283	54.498730
4.312316	16.100864	52.674640
4.315986	15.312884	50.853486
4.313523	14.521951	49.026476
4.312696	13.733029	47.193093
4.317463	12.969359	45.364257
4.419622	12.393577	43.435979
4.461210	11.933395	41.488344
4.359591	11.303208	39.580913
4.275323	10.432034	37.772948
4.246075	9.553400	35.982453
4.209241	8.546448	34.226722
4.145744	7.471815	32.527121
4.682708	7.366428	30.572393
4.344880	6.663333	28.663939
4.256206	5.828514	26.826053
4.233740	4.932716	25.010074
4.211784	3.975252	23.280645
4.173605	2.992176	21.545412
4.166981	1.983495	19.753811
4.219084	1.046033	17.947194
5.006742	1.640791	16.025562
5.786688	3.421169	15.070327
5.821063	5.204764	14.183031
5.714270	6.865413	13.138988
5.875727	8.695277	12.332902
5.368196	9.926528	10.780351
5.360555	11.145962	9.192043
5.348597	12.322771	7.614924
5.339545	13.509862	6.022579
5.346853	14.707241	4.432727
5.337487	15.901270	2.856276
5.334463	17.052465	1.190153
5.334272	18.185626	-0.479128
6.121452	20.157295	-0.795107
6.320093	22.172794	-0.725033
6.351527	24.171539	-0.565253
6.357591	26.152456	-0.428786
6.368243	28.144717	-0.253861
6.386570	30.136126	-0.022392
6.379614	32.131934	0.176230
6.375945	34.123295	0.356076
6.381027	36.112347	0.552473
6.366430	38.107276	0.733727
6.687228	39.906187	1.533343
6.291068	41.904105	1.563441
6.286900	43.904701	1.570964
6.281405	45.905325	1.563424
6.271840	47.905262	1.533130
7.060265	48.620963	2.249719
7.840417	48.626781	3.252725
8.625375	47.225075	4.688950
9.412604	45.221235	4.733168
9.957659	43.502384	3.749366
9.959133	41.775365	2.743109
9.947607	40.045973	1.747878
9.952993	38.319221	0.747100
9.952115	36.590734	-0.272849
9.957976	34.868762	-1.304607
9.958423	33.148871	-2.321285
9.960937	31.435788	-3.360284
9.958045	29.720501	-4.379664
9.958368	27.975915	-5.379075
9.962236	26.286604	-6.366279
9.978045	24.613133	-7.336452
9.918906	22.929891	-8.245132
9.868899	21.118962	-9.128724
10.044902	19.506906	-10.222997
9.950059	17.803830	-11.216363
9.928755	16.037374	-12.156148
9.926423	14.281194	-13.143924
9.916126	12.525566	-14.088839
9.919561	10.796265	-15.011025
10.022983	9.140447	-16.159567
9.926400	7.410304	-17.113600
9.940895	5.724250	-18.180707
9.992820	4.074605	-19.242861
10.181070	2.560145	-20.601973
10.804364	2.182918	-22.573410
11.582824	3.278063	-24.248120
11.917977	4.880847	-25.451798
11.921310	6.451483	-26.653332
11.931060	8.055844	-27.864110
11.889374	9.624986	-29.119923
11.739909	10.862141	-30.442196
11.916146	12.456199	-31.663129
11.921576	14.059224	-32.865669
11.966005	15.701889	-34.003487
11.959261	17.352654	-35.149607
11.983345	19.029741	-36.246912
11.997112	20.717142	-37.319593
12.000222	22.394850	-38.406020
11.999024	24.078423	-39.482864
11.983935	25.755639	-40.573916
11.981827	27.423407	-41.679535
11.199601	27.823819	-43.638919
10.413703	26.726418	-45.310030
9.806090	24.863471	-46.054498
9.809289	22.999920	-46.798702
9.805544	21.136053	-47.531912
9.808956	19.273471	-48.276163
9.801823	17.408063	-49.007987
9.797721	15.536912	-49.731139
9.801574	13.679038	-50.466910
9.795024	11.802907	-51.193855
9.789796	9.873934	-51.858446
9.803386	8.109026	-52.623971
9.799548	6.054041	-53.336914
9.794877	4.273754	-54.067740
9.792050	2.337701	-54.730491
9.767769	0.457225	-55.412560
9.762990	-1.411062	-56.150692
9.750421	-3.364438	-56.729604
9.750606	-5.289557	-57.357435
9.755030	-7.248435	-58.039110
9.773971	-9.121768	-58.774507
9.772174	-10.959588	-59.529441
9.770925	-12.835650	-60.243052
9.768191	-14.765256	-60.889261
10.551832	-15.641190	-62.655383
11.209341	-15.206165	-64.615822
11.216487	-14.776567	-66.548620
11.217835	-14.324828	-68.504637
11.225734	-13.863950	-70.467666
11.249126	-13.377687	-72.396215
11.252065	-12.856168	-74.334604
11.255454	-12.344458	-76.268136
11.255338	-11.826457	-78.201607
11.260272	-11.309365	-80.133132
11.257824	-10.794701	-82.063542
11.255344	-10.278235	-83.995760
11.255269	-9.762233	-85.926769
11.257754	-9.244953	-87.858669
10.474008	-10.241681	-89.593764
9.690735	-12.172917	-90.115821
9.574707	-14.152769	-90.406917
9.571329	-16.130624	-90.698481
9.572272	-18.108172	-90.992442
9.573273	-20.088538	-91.285293
9.567667	-22.066808	-91.579847
8.781782	-23.666924	-90.381048
7.996304	-23.952451	-88.401369
7.596188	-23.441485	-86.467650
7.594608	-22.929450	-84.535588
7.592656	-22.418253	-82.602522
7.602675	-21.923576	-80.669487
7.669690	-21.538177	-78.680840
7.619071	-21.075019	-76.750461
7.620105	-20.733448	-74.758599
7.608380	-20.299236	-72.736652
7.619274	-19.943494	-70.758269
7.737911	-19.761027	-68.727625
7.727677	-19.451927	-66.775178
7.714690	-19.118786	-64.804111
7.716184	-18.862154	-62.823047
7.709313	-18.603489	-60.848524
7.721329	-18.373185	-58.815002
7.715321	-18.101555	-56.833264
7.707902	-17.802585	-54.830948
8.495626	-18.400452	-53.991489
9.276181	-19.317122	-53.837569
9.999805	-20.529918	-54.639743
10.786064	-20.943592	-56.608327
11.202540	-20.531799	-58.577581
11.197855	-20.126723	-60.543582
11.211367	-19.677849	-62.507211
11.211456	-19.268201	-64.458416
11.209951	-18.827512	-66.421060
11.196602	-18.442245	-68.369382
11.197429	-18.033841	-70.334858
11.196514	-17.646660	-72.294153
11.226904	-17.180647	-74.224749
11.211290	-16.750909	-76.175351
11.211979	-16.323543	-78.130524
11.210397	-15.901363	-80.086035
11.211494	-15.475014	-82.040482
11.210157	-15.046418	-83.993629
11.211090	-14.617389	-85.948237
11.209615	-14.188899	-87.902911
11.210661	-13.758119	-89.856771
11.214452	-13.330288	-91.810708
11.210946	-12.900448	-93.763532
11.210319	-12.472000	-95.718633
11.210334	-12.041653	-97.672269
11.212837	-11.611817	-99.626686
11.211547	-11.183859	-101.581052
11.997491	-10.340044	-102.120863
12.782952	-8.385708	-101.692211
13.570672	-7.308479	-100.007858
14.066652	-7.167175	-98.012902
14.069870	-7.026972	-96.018169
14.070351	-6.888225	-94.023752
14.068255	-6.748517	-92.029196
14.068072	-6.608559	-90.034168
14.065586	-6.470255	-88.037870
14.064641	-6.329332	-86.040748
14.065205	-6.187984	-84.045696
14.069436	-6.047844	-82.049651
14.068909	-5.907603	-80.055790
14.067651	-5.766644	-78.060990
14.075675	-5.652091	-76.061393
14.075445	-5.500265	-74.077692
14.060936	-5.243696	-72.113099
14.070606	-5.040320	-70.109361
14.078521	-4.952907	-68.101652
14.072541	-4.862532	-66.105377
14.127242	-4.852171	-64.062821
14.128120	-4.786856	-62.040868
13.599645	-3.758012	-60.367861
14.073706	-3.541604	-58.409546
14.096322	-3.585689	-56.393094
14.085411	-3.470174	-54.438495
14.088396	-3.345264	-52.457233
14.075165	-3.230098	-50.475769
13.290333	-1.765118	-49.137902
12.501164	0.186246	-49.279288
11.718668	1.512166	-50.720407
11.741436	2.643105	-51.959530
11.668564	3.865045	-53.518142
11.666287	5.113820	-55.070207
11.660876	6.372718	-56.623632
11.658500	7.611523	-58.192370
11.663065	8.847085	-59.774250
11.660691	10.080264	-61.353675
11.661210	11.312675	-62.918692
11.661945	12.562823	-64.467513
11.662868	13.632227	-65.820724
11.636193	14.822721	-67.430763
11.698550	16.075241	-68.902437
11.626570	17.258657	-70.514162
11.625691	18.440180	-72.127639
11.627717	19.622945	-73.739750
11.628494	20.802977	-75.354629
11.628053	21.984373	-76.966793
11.628714	23.168625	-78.581367
11.628334	24.351178	-80.195990
11.626269	25.533022	-81.808860
11.629118	26.713675	-83.424281
11.626064	27.895009	-85.037718
11.622286	29.077511	-86.651199
11.625581	30.258444	-88.263937
12.411762	31.246167	-88.417886
13.199364	32.861879	-87.236781
13.984215	33.168198	-85.260828
14.506932	32.449836	-83.395277
14.505752	31.730382	-81.529768
14.505491	31.012106	-79.664320
14.501257	30.294553	-77.797863
14.503218	29.577660	-75.931594
14.505468	28.858253	-74.064935
14.502399	28.141023	-72.200260
14.503775	27.422202	-70.334300
14.504412	26.703854	-68.468664
14.507918	25.984793	-66.601030
14.505734	25.267838	-64.735468
14.486926	24.652176	-62.860142
14.503710	23.893578	-60.988119
14.512285	23.020938	-59.081053
14.494133	22.369220	-57.229982
14.508134	21.644640	-55.345876
14.516606	20.829766	-53.520790
14.519016	19.983844	-51.674918
14.508589	19.293784	-49.809328
14.515657	18.500700	-47.957695
14.624256	17.507457	-46.143530
14.643489	16.655166	-44.393715
14.690635	15.640404	-42.760849
14.712188	14.580743	-41.085098
14.713454	13.466713	-39.426568
14.476560	12.763904	-37.453031
13.735985	13.399272	-35.891979
13.501355	14.566113	-34.296436
12.825608	16.500682	-33.783822
12.819769	18.399429	-33.261084
12.809010	20.350432	-32.742898
12.804271	22.281224	-32.285971
12.790552	24.223338	-31.836913
12.782824	26.178446	-31.403992
12.774848	28.154651	-31.038192
12.771998	30.143601	-30.667797
12.756999	32.109038	-30.265468
12.755263	34.054816	-29.873672
12.745482	36.021928	-29.551946
12.744061	37.997104	-29.208027
12.744685	39.974528	-28.896876
12.744366	41.946929	-28.540619
12.746513	43.897101	-28.174549
12.741881	45.865904	-27.835100
12.718141	47.844918	-27.535674
12.714619	49.821223	-27.235721
12.716276	51.797650	-26.933741
12.718540	53.776483	-26.631896
12.723553	55.753031	-26.331468
12.716871	57.730964	-26.029435
12.716126	59.708048	-25.729621
12.715596	61.684636	-25.429862
12.718612	63.662181	-25.126873
12.713111	65.639741	-24.825106
12.719041	67.618479	-24.524731
12.717491	69.595119	-24.223336
13.498784	70.781812	-22.612747
14.286975	70.488399	-20.633990
15.069918	68.880020	-19.446547
15.415090	66.964591	-18.868480
15.411219	65.050209	-18.290564
15.414720	63.135879	-17.712726
15.413053	61.220834	-17.134215
15.412666	59.305686	-16.555672
15.414677	57.390092	-15.976996
15.411697	55.475837	-15.397063
15.380638	53.523611	-14.703421
15.398859	51.550450	-14.006422
15.389756	49.615365	-13.329436
15.395449	47.713993	-12.668761
15.403576	45.746116	-12.085271
15.404529	43.783238	-11.572664
15.270167	41.967379	-10.714422
15.295030	40.130280	-9.974086
15.326326	38.215361	-9.266070
15.357273	36.364731	-8.529116
15.342019	34.476334	-7.739426
15.411083	32.487341	-7.133543
15.466802	30.584025	-6.718214
14.683710	29.548550	-5.001709
13.896932	30.085085	-3.007953
13.241107	31.624682	-1.791083
13.266679	33.064349	-0.515644
13.261087	34.555233	0.822829
13.273001	36.026832	2.139621
13.296296	37.559863	3.470448
13.326415	38.997708	4.794845
13.198043	40.684948	5.980284
13.102052	42.384990	7.005251
13.090091	44.176478	7.991110
13.090672	45.894064	9.017508
13.111345	47.607717	10.078894
13.112769	49.303678	11.104697
13.120132	51.000387	12.175509
13.135471	52.682799	13.263664
13.921989	53.113897	15.232741
14.075922	53.263520	17.185367
14.002879	53.535492	19.152747
13.620151	54.521128	20.878100
13.873469	55.007196	22.795446
14.081312	55.109466	24.798285
14.077648	55.241031	26.791001
14.084530	55.340907	28.788550
14.080156	55.426540	30.787976
14.080943	55.531517	32.776452
14.068229	55.680712	34.767349
14.062450	55.810367	36.762664
14.054149	55.975398	38.761012
14.070355	56.123593	40.744687
13.934241	56.673056	42.639528
13.943823	57.099269	44.582103
13.913763	57.530641	46.561364
13.904590	58.065211	48.479340
13.916243	58.355583	50.469499
13.890923	58.776714	52.424969
13.874798	59.185490	54.388501
13.887704	59.599689	56.348493
13.859460	60.254215	58.228532
13.847152	60.775693	60.172563
13.828878	61.520341	62.032243
14.614299	60.658450	63.793890
14.734774	59.551279	65.432983
14.747921	58.435420	67.055998
14.747140	57.270974	68.704150
14.666817	56.130401	70.433369
14.722037	55.053172	72.110889
14.327647	54.583220	74.052913
14.810413	53.306991	75.622974
14.767275	52.176597	77.256756
14.528173	51.294713	79.095553
14.503622	50.572017	80.973336
14.497744	49.846808	82.841761
14.501968	49.157940	84.718046
14.468325	48.516713	86.598821
14.484445	47.815415	88.475909
14.442127	47.262448	90.397495
14.657665	46.166731	92.117330
15.042995	44.747278	93.383965
15.055061	43.177673	94.599515
15.069750	41.606172	95.814335
15.101111	39.932832	96.916967
15.049560	38.384731	98.130701
15.046798	36.844793	99.376544
15.048986	35.301128	100.625547
15.051795	33.720955	101.830214
15.055246	32.071378	103.005691
14.267834	31.892639	105.046846
13.481160	33.139926	106.651290
12.751692	35.136534	107.031891
12.756707	37.091770	107.409151
12.754917	39.054459	107.782191
12.746154	41.025560	108.141253
12.750593	42.984056	108.519224
12.748980	44.944275	108.878316
12.750410	46.910653	109.258646
12.751295	48.874992	109.630774
12.749901	50.841727	110.004564
12.752712	52.800684	110.381187
12.752043	54.781759	110.723145
12.754513	56.760735	111.071037
12.049982	58.505550	110.075612
12.051677	60.240031	109.120260
12.043373	61.962541	108.138273
12.040136	63.681564	107.168932
12.034625	65.412421	106.074210
12.046453	67.141647	105.081856
12.043712	68.872792	104.117853
12.834479	69.836354	104.420063
13.619068	70.325556	105.240289
14.403464	69.797468	107.186623
15.183412	68.068657	108.153060
15.229278	66.291651	109.062473
15.216647	64.534064	110.008879
15.227669	62.756056	110.944625
15.230961	60.978097	111.870369
15.228302	59.208721	112.806402
15.233669	57.424413	113.695420
15.241342	55.645510	114.603682
15.230201	53.880285	115.541806
15.226305	52.123111	116.499028
15.229693	50.372737	117.470276
15.227958	48.614485	118.420333
15.231348	46.861822	119.372916
15.235005	45.083364	120.294316
15.236032	43.307058	121.215201
14.958441	41.857086	122.598843
14.965413	40.367880	123.925410
14.972423	38.849990	125.215745
14.923868	37.437620	126.629987
14.940461	36.001305	128.022287
14.927158	34.587704	129.444625
14.925066	33.191970	130.879627
15.007882	31.662516	132.168835
15.006485	30.142162	133.469318
15.000337	28.628938	134.778680
15.021602	27.059732	136.016598
15.611931	25.063121	136.201410
14.914585	23.652808	137.612275
15.656153	21.664220	137.730621
16.441970	20.174063	136.388708
17.154802	19.943802	134.421654
17.154955	19.715502	132.466452
17.146836	19.430035	130.471406
17.149698	19.168932	128.504853
17.153661	18.917828	126.550532
17.153090	18.651095	124.548058
17.155594	18.395649	122.613783
17.162299	18.156613	120.633504
17.167631	17.983309	118.672073
17.160653	17.748565	116.710971
17.157647	17.524939	114.802886
17.159444	17.282423	112.789460
17.151593	16.936114	110.827475
17.156254	16.690362	108.850200
17.142738	16.427314	106.789275
17.126842	16.128403	104.761691
17.146536	15.783441	102.819012
17.159113	15.561204	100.869950
17.151321	15.141494	98.871253
17.169318	14.951227	96.921141
17.170969	14.771681	94.986516
17.172576	14.581079	93.026940
17.178491	14.397695	91.033962
17.160907	14.089462	88.956348
17.039123	13.682144	86.987995
17.184566	13.467937	84.898427
17.180457	13.236176	82.808652
17.185034	12.935533	80.838619
17.198208	12.863662	78.849313
17.191700	12.650289	76.862191
17.206853	12.581288	74.789541
16.420281	11.080265	73.522859
15.822067	9.054575	73.347355
15.787340	7.091547	73.189085
15.770494	5.132528	73.068828
15.754006	3.164533	72.923848
15.737444	1.198047	72.850027
15.081850	-0.390345	74.025792
15.021088	-1.865843	75.267987
14.987380	-3.379067	76.572723
14.968949	-4.845574	77.909979
14.968772	-6.329097	79.211381
14.966069	-7.801371	80.527585
14.987115	-9.305408	81.862643
14.900439	-10.689868	83.300464
15.001640	-12.214499	84.594365
15.000854	-13.735824	85.892804
15.001333	-15.256008	87.193253
14.997656	-16.779064	88.491026
14.999055	-18.298947	89.791230
14.999648	-19.821014	91.091810
15.002368	-21.340959	92.390876
14.216141	-21.500824	94.384983
13.674208	-20.609515	96.175424
13.680189	-19.718925	97.966088
13.674138	-18.828740	99.756252
13.676378	-17.938244	101.549324
13.677196	-17.043506	103.337418
13.671127	-16.151641	105.109370
13.674789	-15.332865	106.876308
13.673458	-14.458602	108.655442
13.679495	-13.559263	110.414131
13.682330	-12.695920	112.205459
13.676530	-11.781207	113.991088
13.672538	-10.855953	115.784859
13.673549	-9.982803	117.575815
13.671689	-9.045643	119.353907
13.674363	-8.105468	121.147068
13.672228	-7.170823	122.928519
13.676309	-6.294527	124.721917
13.681878	-5.504270	126.526398
13.665963	-4.267095	128.301758
13.703749	-3.393130	130.105385
13.727538	-2.576007	131.912764
13.805137	-1.890108	133.805967
14.069850	-1.813779	135.820114
13.867302	-1.211713	137.730844
14.219805	-1.396248	139.757498
14.217175	-1.526958	141.738039
14.225838	-1.702026	143.733536
14.228534	-1.860033	145.722089
14.262211	-2.088926	147.690259
14.269359	-2.356407	149.682929
14.273741	-2.635994	151.659532
14.356071	-3.075342	153.612720
14.350936	-3.510663	155.558683
14.359573	-3.948903	157.509505
14.358064	-4.377694	159.458769
14.360449	-4.806990	161.410801
14.364572	-5.253574	163.361757
13.577658	-4.193015	165.054383
12.791875	-2.251356	165.503824
12.007081	-0.565858	164.438013
12.006697	1.064315	163.392337
12.008029	2.769224	162.347090
12.016213	4.481878	161.332723
11.979526	6.137454	160.212564
11.972148	7.791142	159.072419
12.026479	9.488257	158.035591
12.214108	10.369638	157.702481
13.000052	11.301416	158.096725
12.221185	12.206895	157.784596
11.435868	12.674809	156.865936
10.650161	12.361819	155.923261
9.860334	11.511047	155.473056
9.075028	10.016489	156.054490
8.291312	9.404446	157.311514
7.500058	9.755989	158.230569
6.715048	10.691458	158.655627
5.929672	11.617702	158.327933
5.144238	12.034385	157.419521
4.360782	11.685298	156.467114
3.573908	10.810732	156.057617
2.790630	9.904523	156.411370
2.006623	9.472641	157.353592
1.216947	9.827717	158.280724
0.431170	10.745019	158.699004
-0.356983	11.673445	158.351655
-1.142009	12.110585	157.417803
-1.932791	11.733397	156.461268
-2.719959	10.838399	156.052329
-3.506397	9.896834	156.413408
-4.291984	9.510549	157.315474
-5.074370	9.870588	158.262666
-5.860576	10.778514	158.691516
-6.645584	11.717265	158.334207
-7.433304	12.114059	157.409915
-8.217345	11.747152	156.484804
-9.000593	10.829091	156.084718
-9.784586	9.893485	156.425387
-10.566747	9.477674	157.345639
-11.345447	9.799849	158.305846
-12.130757	10.703634	158.732794
-12.913883	11.651140	158.374913
-13.697732	12.064835	157.469532
-14.482263	11.733058	156.527438
-15.267293	10.828707	156.097877
-16.053978	9.875110	156.439401
-16.838835	9.444561	157.336308
-17.627015	9.785407	158.292816
-18.410112	10.662113	158.726247
-19.196972	11.614888	158.373119
-19.982762	12.027970	157.464743
-20.767241	11.684248	156.534106
-21.555063	10.745519	156.124052
-22.343121	9.773440	156.482937
-23.128319	9.348240	157.384696
-23.913168	9.675567	158.317353
-24.697183	10.561995	158.746731
-25.481616	11.506839	158.404906
-26.267722	11.931042	157.492018
-27.050092	11.591165	156.552188
-27.837474	10.673372	156.132651
-28.620758	9.729568	156.469192
-29.405131	9.301145	157.379902
-30.196918	9.642560	158.322527
-30.981023	10.562299	158.743017
-31.766726	11.510863	158.388468
-32.554515	11.927180	157.477858
-33.346791	11.593176	156.535252
-34.128810	10.697291	156.120171
-34.913183	9.775311	156.466104
-35.694421	9.347125	157.372242
-36.480067	9.682143	158.313973
-37.262876	10.570359	158.739505
-38.046236	11.500798	158.400851
-38.829723	11.924069	157.502654
-39.621332	11.597525	156.551587
-40.412837	10.674918	156.131698
-41.199172	9.731948	156.483860
-41.980086	9.328045	157.387201
-42.765601	9.680266	158.320679
-43.550582	10.589034	158.740106
-44.338126	11.528814	158.388200
-45.120460	11.956072	157.482629
-45.915380	11.608609	156.528748
-46.697657	10.700071	156.119459
-47.482033	9.765477	156.479856
-48.264091	9.354074	157.392840
-49.052859	9.698805	158.323960
-49.836114	10.601951	158.740227
-50.621539	11.529538	158.385056
-51.402068	11.925290	157.477123
-52.191675	11.583158	156.540547
-52.971312	10.665337	156.129974
-53.755370	9.726813	156.470786
-54.541155	9.314228	157.379417
-55.322076	9.653613	158.322557
-56.109520	10.563554	158.746143
-56.894567	11.504037	158.410531
-57.680930	11.922800	157.504649
-58.468634	11.588563	156.559335
-59.253815	10.687387	156.138397
-60.039583	9.758335	156.478597
-60.822783	9.341202	157.388584
-61.606598	9.678777	158.328961
-62.393812	10.588792	158.752785
-63.179808	11.521588	158.411140
-63.972654	11.931872	157.507779
-64.761302	11.589572	156.564267
-65.548128	10.681729	156.148786
-66.331455	9.754809	156.494095
-67.118313	9.340363	157.402854
-67.901549	9.683206	158.340702
-68.688146	10.607737	158.746335
-69.471587	11.534153	158.400249
-70.255784	11.931745	157.501478
-71.036017	11.593469	156.560894
-71.820977	10.693204	156.141175
-72.608702	9.749871	156.483592
-73.395292	9.334806	157.389991
-74.181908	9.675225	158.323116
-74.964267	10.577350	158.738174
-75.750530	11.510137	158.394955
-76.537480	11.929704	157.493814
-77.317014	11.584267	156.564099
-78.103840	10.677766	156.140707
-78.887501	9.740058	156.472168
-79.673268	9.329008	157.375052
-80.460058	9.674154	158.312216
-81.242096	10.583277	158.739077
-82.027309	11.509775	158.407076
-82.816873	11.937888	157.497262
-83.601093	11.589571	156.563907
-84.384156	10.683266	156.141865
-85.167156	9.741658	156.477632
-85.950884	9.313453	157.378003
-86.740610	9.674927	158.324958
-87.520652	10.579844	158.750407
-88.301724	11.526504	158.411326
-89.087884	11.960706	157.514863
-89.869074	11.633832	156.578721
-90.652844	10.725942	156.141508
-91.436793	9.790484	156.470814
-92.221055	9.352212	157.374291
-93.009434	9.678191	158.324258
-93.794975	10.573090	158.762320
-94.578806	11.516929	158.434632
-95.361454	11.956185	157.539304
-96.147261	11.630308	156.583020
-96.936612	10.733338	156.143159
-97.724360	9.778185	156.473078
-98.511658	9.340364	157.377092
-99.299573	9.671262	158.315468
-100.085895	10.569663	158.745629
-100.870399	11.517429	158.405815
-101.662077	11.955568	157.495124
-102.448789	11.609087	156.552205
-103.234012	10.698766	156.129143
-104.020440	9.762649	156.459598
-104.806398	9.334119	157.366210
-105.590969	9.687010	158.311524
-106.376162	10.591398	158.733565
-107.164141	11.525690	158.388388
-107.948456	11.948918	157.475387
-108.737098	11.597175	156.542581
-109.521458	10.687473	156.124048
-110.307040	9.739285	156.465813
-111.094505	9.304439	157.375357
-111.880180	9.650434	158.313195
-112.664197	10.561960	158.729713
-113.448356	11.501192	158.378742
-114.233677	11.924040	157.474685
-115.018269	11.568704	156.538825
-115.804140	10.660742	156.118616
-116.589668	9.723434	156.466258
-117.377310	9.307287	157.367376
-118.161981	9.659477	158.309085
-118.942600	10.563763	158.726506
-119.728133	11.505770	158.382641
-120.514438	11.925477	157.476135
-121.294967	11.588751	156.543948
-122.079268	10.689351	156.111540
-122.862375	9.753145	156.445776
-123.653187	9.319571	157.353040
-124.439724	9.658633	158.288200
-125.225077	10.565361	158.712457
-126.008048	11.504457	158.374743
-126.789371	11.937132	157.467510
-127.577022	11.598595	156.528237
-128.367046	10.691251	156.097028
-129.155282	9.754557	156.435062
-129.942269	9.330990	157.349143
-130.729126	9.680641	158.291418
-131.514301	10.593554	158.711545
-132.300727	11.535490	158.361622
-133.079113	11.958595	157.455801
-133.871677	11.621284	156.514260
-134.659245	10.712402	156.098604
-135.451675	9.769565	156.453476
-136.234285	9.352773	157.367346
-137.013305	9.708052	158.292321
-137.798665	10.609000	158.705915
-138.583738	11.546287	158.356970
-139.371801	11.966119	157.447532
-140.153119	11.622095	156.515359
-140.941588	10.715926	156.086956
-141.724950	9.778685	156.438715
-142.508349	9.363581	157.342936
-143.289259	9.704599	158.281339
-144.072440	10.607867	158.703592
-144.857641	11.541729	158.371021
-145.646505	11.967477	157.466777
-146.436282	11.621733	156.526451
-147.218159	10.712151	156.110690
-148.012239	9.775284	156.452960
-148.798851	9.356297	157.363819
-149.583776	9.697412	158.291185
-150.368810	10.603367	158.702600
-151.161311	11.540226	158.353771
-151.947099	11.947673	157.442740
-152.732826	11.590439	156.508322
-153.518539	10.669365	156.101510
-154.300384	9.739963	156.460087
-155.086895	9.335988	157.365146
-155.864402	9.686938	158.291641
-156.650293	10.600468	158.706364
-157.434706	11.536287	158.359017
-158.223191	11.955719	157.453680
-159.003183	11.608750	156.523357
-159.790837	10.701961	156.104857
-160.574067	9.762980	156.455536
-161.363073	9.344313	157.365575
-162.151044	9.690909	158.302520
-162.932234	10.589531	158.719503
-163.719723	11.530348	158.368855
-164.502276	11.947413	157.467578
-165.292940	11.597808	156.524934
-166.079179	10.681527	156.111043
-166.862756	9.746599	156.462773
-167.648876	9.331381	157.377932
-168.431063	9.679127	158.303886
-169.218491	10.586859	158.718737
-169.998171	11.518737	158.369421
-170.777812	11.937481	157.462484
-171.560387	11.592348	156.522212
-172.343921	10.689996	156.092989
-173.131207	9.748204	156.425662
-173.921622	9.315258	157.332909
-174.706690	9.659055	158.273161
-175.493567	10.566967	158.688308
-176.277942	11.504751	158.354527
-177.061821	11.929291	157.450828
-177.844592	11.590977	156.509138
-178.628406	10.688327	156.081214
-179.416680	9.744888	156.420571
-180.208612	9.326049	157.328937
-180.993096	9.668028	158.262822
-181.774263	10.576718	158.687732
-182.559004	11.515196	158.355994
-183.344068	11.940965	157.454560
-184.126337	11.606781	156.512017
-184.911627	10.705031	156.085232
-185.702044	9.770511	156.418605
-186.492257	9.352387	157.327189
-187.277036	9.694398	158.261729
-188.056766	10.597216	158.685289
-188.843751	11.541845	158.341744
-189.632889	11.968801	157.426603
-190.417302	11.626525	156.486957
-191.200388	10.716383	156.069040
-191.981084	9.782277	156.411004
-192.766044	9.353225	157.317582
-193.552046	9.690200	158.263658
-194.338312	10.592027	158.695507
-195.125921	11.531911	158.360667
-195.911973	11.956789	157.458292
-196.695630	11.618082	156.517854
-197.479768	10.706828	156.091449
-198.268095	9.763501	156.433386
-199.052212	9.342483	157.340385
-199.837606	9.683565	158.278832
-200.621506	10.589686	158.704782
-201.406710	11.527488	158.362651
-202.195874	11.954288	157.455544
-202.978648	11.611304	156.513584
-203.766805	10.703249	156.087486
-204.551912	9.756872	156.430434
-205.336000	9.330582	157.339136
-206.120698	9.672531	158.280710
-206.907330	10.576059	158.709046
-207.692850	11.524669	158.364477
-208.475219	11.944855	157.458332
-209.260002	11.605395	156.511442
-210.045988	10.701181	156.087514
-210.830953	9.767105	156.419064
-211.614665	9.337696	157.333766
-212.400778	9.662633	158.274182
-213.185700	10.568645	158.704118
-213.973946	11.512223	158.364442
-214.761632	11.939686	157.464788
-215.544938	11.597046	156.529309
-216.328429	10.687873	156.098768
-217.111401	9.753044	156.434955
-217.894429	9.327279	157.339308
-218.677893	9.655430	158.289568
-219.458635	10.550050	158.721788
-220.249761	11.494597	158.396682
-221.038087	11.924373	157.494876
-221.826388	11.590700	156.546078
-222.610478	10.684279	156.120003
-223.395938	9.739483	156.455062
-224.180964	9.311566	157.353372
-224.966194	9.647909	158.295734
-225.754107	10.548385	158.724507
-226.537953	11.494266	158.388714
-227.324744	11.913938	157.481462
-228.109325	11.578098	156.545980
-228.899189	10.672396	156.116585
-229.687194	9.727156	156.457854
-230.473865	9.300349	157.374786
-231.257871	9.643179	158.315442
-232.040585	10.541549	158.734431
-232.824637	11.483679	158.386847
-233.611380	11.910675	157.478564
-234.399613	11.571996	156.537326
-235.186573	10.661700	156.118123
-235.969915	9.731710	156.461953
-236.758118	9.317821	157.363249
-237.547438	9.666358	158.306917
-238.332580	10.572178	158.721832
-239.117538	11.506477	158.373717
-239.898984	11.923343	157.465302
-240.684462	11.576420	156.528384
-241.468347	10.672779	156.105730
-242.256518	9.737046	156.451180
-243.039197	9.318654	157.359495
-243.826806	9.668866	158.303610
-244.614171	10.576316	158.724172
-245.396125	11.512577	158.374447
-246.179397	11.930528	157.467463
-246.970728	11.585521	156.523698
-247.755208	10.674023	156.105714
-248.540451	9.738173	156.451522
-249.329862	9.316596	157.368023
-250.117440	9.666928	158.298091
-250.896743	10.578549	158.709264
-251.680364	11.515402	158.365981
-252.465905	11.937169	157.458446
-253.251431	11.583912	156.516844
-254.034162	10.674637	156.094975
-254.821972	9.736356	156.439592
-255.609543	9.316449	157.347823
-256.394534	9.665721	158.287782
-257.176865	10.566146	158.705388
-257.958738	11.503180	158.359035
-258.744866	11.923776	157.447976
-259.533066	11.581381	156.504826
-260.318155	10.675879	156.082505
-261.103178	9.730090	156.428329
-261.885838	9.307314	157.331520
-262.668277	9.650578	158.266646
-263.458323	10.561933	158.689902
-264.247224	11.506822	158.334527
-265.029526	11.925599	157.427883
-265.820401	11.582263	156.490332
-266.606665	10.673192	156.075333
-267.388042	9.736752	156.420120
-268.174662	9.315991	157.331224
-268.958355	9.662267	158.267606
-269.745131	10.571047	158.684210
-270.529426	11.510679	158.334404
-271.314494	11.930161	157.433186
-272.093936	11.591647	156.500052
-272.879251	10.686949	156.074954
-273.665352	9.750696	156.413130
-274.448650	9.326076	157.321636
-275.239158	9.675251	158.270720
-276.020777	10.584862	158.695532
-276.804019	11.523922	158.358469
-277.590982	11.948244	157.445336
-278.378989	11.608407	156.503624
-279.163974	10.703505	156.076784
-279.946243	9.765375	156.421653
-280.729210	9.343240	157.319845
-281.511084	9.675500	158.255592
-282.301862	10.582991	158.688410
-283.086347	11.531332	158.347154
-283.875208	11.955980	157.443780
-284.662474	11.613734	156.502244
-285.447268	10.700053	156.080925
-286.232700	9.759412	156.422856
-287.009551	9.335467	157.326682
-287.796764	9.668529	158.273453
-288.585688	10.580460	158.702121
-289.370107	11.524527	158.357908
-290.155019	11.952891	157.457624
-290.943046	11.613321	156.513969
-291.729324	10.701177	156.087077
-292.511294	9.761668	156.427770
-293.296382	9.327698	157.329171
-294.080397	9.659291	158.263440
-294.864973	10.556471	158.694538
-295.647801	11.498368	158.357723
-296.435054	11.929962	157.455433
-297.217216	11.598625	156.516111
-298.004882	10.693295	156.084293
-298.794992	9.749601	156.420092
-299.585295	9.318953	157.326194
-300.369169	9.657247	158.265979
-301.151855	10.560855	158.689299
-301.937654	11.503759	158.348232
-302.726137	11.928163	157.440376
-303.514004	11.591040	156.498583
-304.303543	10.676057	156.079835
-305.087790	9.735219	156.423039
-305.874030	9.313264	157.333965
-306.663603	9.664917	158.274451
-307.445450	10.569204	158.689136
-308.234133	11.509577	158.341894
-309.020479	11.923342	157.436780
-309.806601	11.569834	156.503264
-310.590990	10.659063	156.091593
-311.378629	9.723266	156.444761
-312.167490	9.307418	157.356171
-312.951099	9.664391	158.294996
-313.734982	10.568297	158.704145
-314.518189	11.503585	158.346558
-315.300559	11.918502	157.438112
-316.084409	11.572665	156.504311
-316.865828	10.663352	156.085948
-317.647868	9.723953	156.429667
-318.428753	9.299205	157.332325
-319.219643	9.640001	158.278179
-320.003237	10.543170	158.703941
-320.789946	11.484400	158.366912
-321.577258	11.910858	157.456013
-322.364224	11.570948	156.519425
-323.147487	10.661592	156.099206
-323.934531	9.720069	156.442462
-324.718283	9.297692	157.349388
-325.508801	9.648878	158.295983
-326.294527	10.552900	158.712212
-327.077873	11.490567	158.366559
-327.862619	11.911077	157.461426
-328.647986	11.569062	156.521178
-329.436017	10.663580	156.099739
-330.219241	9.722565	156.444861
-331.005299	9.302037	157.351510
-331.788967	9.645662	158.294433
-332.568420	10.549954	158.717793
-333.353167	11.493891	158.377691
-334.141131	11.919334	157.476735
-334.928405	11.577764	156.531472
-335.709801	10.673242	156.108520
-336.490779	9.735927	156.443187
-337.276904	9.302953	157.343407
-338.064439	9.652550	158.299769
-338.848774	10.563828	158.727427
-339.635999	11.506677	158.389115
-340.422212	11.931947	157.483716
-341.207623	11.594731	156.541671
-341.995889	10.687168	156.117162
-342.780874	9.746462	156.457704
-343.560214	9.323705	157.356654
-344.343415	9.655721	158.291835
-345.129920	10.555655	158.724912
-345.913935	11.502965	158.389255
-346.699795	11.930899	157.485601
-347.486435	11.600149	156.548263
-348.278675	10.691214	156.115328
-349.066503	9.751857	156.453882
-349.853799	9.329907	157.358253
-350.640533	9.669561	158.293108
-351.425066	10.571031	158.712830
-352.210514	11.511221	158.365764
-352.998387	11.934303	157.450439
-353.780624	11.588865	156.511454
-354.568083	10.679305	156.090853
-355.351444	9.743357	156.433968
-356.140938	9.324663	157.341763
-356.926702	9.679010	158.284276
-357.710782	10.586771	158.701616
-358.493621	11.524451	158.356365
-359.275074	11.947746	157.453725
-360.065076	11.607093	156.514469
-360.848485	10.696259	156.096792
-361.628668	9.757282	156.434807
-362.414508	9.333535	157.338103
-363.201094	9.671732	158.280591
-363.987316	10.573732	158.704777
-364.772973	11.514364	158.362145
-365.564320	11.940451	157.453267
-366.352213	11.591195	156.512629
-367.136981	10.678563	156.096006
-367.922560	9.739677	156.447174
-368.706625	9.321413	157.355773
-369.493261	9.669677	158.298537
-370.280082	10.574215	158.716732
-371.062783	11.510198	158.367362
-371.848157	11.927279	157.462564
-372.627310	11.584917	156.531094
-373.405878	10.677941	156.107232
-374.193362	9.731816	156.440885
-374.974108	9.305030	157.336943
-375.764378	9.636086	158.274681
-376.550436	10.541601	158.703620
-377.342420	11.483887	158.367117
-378.127695	11.903476	157.464301
-378.911948	11.558967	156.522224
-379.697896	10.658525	156.098822
-380.485924	9.715497	156.442359
-381.271819	9.295452	157.355613
-382.057233	9.642144	158.290912
-382.843542	10.551672	158.707238
-383.630162	11.492271	158.360975
-384.413133	11.908744	157.457212
-385.198187	11.565263	156.517381
-385.985250	10.658905	156.099587
-386.772069	9.727680	156.442942
-387.558149	9.313493	157.349241
-388.344750	9.657701	158.283487
-389.128296	10.571999	158.696936
-389.918881	11.509447	158.348277
-390.699143	11.920057	157.434515
-391.488215	11.569396	156.496242
-392.272947	10.664207	156.083347
-393.058133	9.732071	156.428004
-393.840278	9.321955	157.330242
-394.626431	9.677282	158.275613
-395.415933	10.587490	158.692095
-396.200848	11.521467	158.338125
-396.984255	11.934645	157.429036
-397.770208	11.578139	156.489105
-398.555428	10.669655	156.073365
-399.335263	9.734462	156.421853
-400.119183	9.316303	157.326451
-400.900858	9.659664	158.267281
-401.679484	10.556329	158.692976
-402.467491	11.497784	158.358087
-403.252263	11.927439	157.456310
-404.036699	11.593631	156.518548
-404.820712	10.693499	156.091507
-405.605350	9.751635	156.425998
-406.387139	9.318763	157.324395
-407.170981	9.650521	158.268350
-407.955418	10.555194	158.703708
-408.741241	11.501075	158.372078
-409.529055	11.936624	157.465415
-410.314713	11.604931	156.518278
-411.104322	10.701319	156.085470
-411.892302	9.757989	156.420100
-412.678910	9.330853	157.324180
-413.465573	9.670096	158.266984
-414.256134	10.581920	158.689126
-415.038689	11.521782	158.344472
-415.823043	11.939551	157.432760
-416.609803	11.601126	156.494978
-417.396277	10.692623	156.068795
-418.184578	9.749033	156.411411
-418.973557	9.329140	157.321934
-419.756877	9.676842	158.255800
-420.542936	10.584177	158.674265
-421.326009	11.517750	158.329554
-422.107528	11.937778	157.424642
-422.896359	11.594448	156.482584
-423.675301	10.697243	156.061908
-424.455744	9.753621	156.401439
-425.240441	9.325950	157.303937
-426.021232	9.656043	158.240312
-426.809655	10.549068	158.679245
-427.590124	11.485098	158.351677
-428.377756	11.922257	157.448814
-429.163999	11.591908	156.507289
-429.949146	10.697121	156.072930
-430.734232	9.752679	156.401589
-431.520957	9.318595	157.303738
-432.307434	9.654045	158.253224
-433.092945	10.554836	158.685008
-433.879139	11.496592	158.357220
-434.664187	11.928970	157.454034
-435.451565	11.593863	156.509543
-436.238958	10.691403	156.083598
-437.029324	9.751320	156.421565
-437.816396	9.325266	157.324106
-438.601542	9.672021	158.266508
-439.387962	10.581292	158.686394
-440.174715	11.519354	158.343145
-440.957474	11.938101	157.438425
-441.741553	11.595319	156.499324
-442.526276	10.687048	156.075756
-443.313343	9.749053	156.414031
-444.098016	9.324758	157.321744
-444.886835	9.666442	158.260756
-445.672687	10.572047	158.681675
-446.460705	11.510080	158.338899
-447.242093	11.925308	157.433617
-448.026041	11.586221	156.497660
-448.808326	10.685268	156.076287
-449.590239	9.748894	156.414605
-450.376058	9.322806	157.315776
-451.155544	9.652513	158.250836
-451.941503	10.558633	158.686893
-452.723666	11.500731	158.356881
-453.505424	11.937124	157.461130
-454.293766	11.610259	156.519226
-455.075832	10.710177	156.084353
-455.865168	9.759950	156.411803
-456.653272	9.324727	157.309171
-457.438766	9.652975	158.252856
-458.226322	10.555423	158.684985
-459.007915	11.500125	158.350135
-459.795297	11.930800	157.445967
-460.580146	11.601936	156.498405
-461.367695	10.693928	156.066041
-462.148921	9.747001	156.398039
-462.933358	9.314444	157.299824
-463.719085	9.645716	158.247677
-464.511392	10.552201	158.685253
-465.295355	11.496727	158.349493
-466.083032	11.930701	157.440846
-466.870472	11.596089	156.499909
-467.664389	10.679393	156.071010
-468.452898	9.736782	156.417832
-469.237709	9.323577	157.329591
-470.024950	9.674903	158.272581
-470.804240	10.579781	158.689662
-471.589681	11.521829	158.343436
-472.378855	11.942858	157.428629
-473.162503	11.593192	156.492215
-473.942914	10.689872	156.073158
-474.722297	9.753916	156.411008
-475.507608	9.326548	157.310202
-476.290739	9.660051	158.250334
-477.077647	10.565667	158.682233
-477.863531	11.510155	158.348572
-478.648462	11.937506	157.444139
-479.430918	11.605006	156.506069
-480.221720	10.702435	156.072807
-481.009298	9.761639	156.410195
-481.793151	9.335570	157.315081
-482.576369	9.673568	158.258869
-483.361311	10.573987	158.687307
-484.147678	11.513859	158.355264
-484.935021	11.943959	157.448852
-485.720512	11.606518	156.505726
-486.505448	10.698077	156.083689
-487.290067	9.756464	156.419891
-488.073246	9.327087	157.320071
-488.858888	9.662171	158.260225
-489.644396	10.565491	158.690318
-490.432891	11.511509	158.351707
-491.221041	11.939911	157.446005
-492.006860	11.600490	156.503913
-492.792838	10.699530	156.080902
-493.578743	9.761904	156.421079
-494.366162	9.342279	157.324228
-495.157928	9.690705	158.270392
-495.943810	10.605107	158.685087
-496.731628	11.541294	158.338462
-497.513672	11.953708	157.429846
-498.294884	11.605385	156.494446
-499.076871	10.698849	156.076058
-499.862273	9.765043	156.415405
-500.649800	9.342156	157.325463
-501.436279	9.689328	158.269431
-502.215920	10.589544	158.687914
-503.002136	11.529855	158.350108
-503.786937	11.953318	157.444302
-504.573217	11.614431	156.505940
-505.358864	10.712973	156.082417
-506.144556	9.768865	156.424938
-506.928170	9.344817	157.329852
-507.714028	9.684486	158.272238
-508.494902	10.583749	158.696260
-509.282412	11.524784	158.362350
-510.069287	11.950372	157.457977
-510.854913	11.616744	156.519986
-511.640485	10.709543	156.094064
-512.424971	9.770570	156.434680
-513.209940	9.345277	157.339774
-513.996674	9.684141	158.283667
-514.779385	10.592369	158.706697
-515.564001	11.534290	158.374491
-516.350915	11.960768	157.470326
-517.143571	11.618341	156.524834
-517.927945	10.711302	156.105201
-518.706615	9.769906	156.444888
-519.493054	9.342442	157.353518
-520.282223	9.681025	158.299704
-521.067051	10.583138	158.722372
-521.850682	11.521182	158.382304
-522.637391	11.946679	157.475335
-523.419942	11.608211	156.537514
-524.206941	10.702555	156.110940
-524.992024	9.762167	156.451486
-525.777101	9.338863	157.354828
-526.561726	9.674103	158.287449
-527.346619	10.580885	158.712645
-528.131424	11.518841	158.376365
-528.920486	11.944387	157.461534
-529.706950	11.601494	156.518615
-530.495342	10.689695	156.095503
-531.282077	9.749777	156.441667
-532.068628	9.332564	157.345309
-532.852505	9.672164	158.273922
-533.635193	10.578643	158.694870
-534.417122	11.520668	158.357426
-535.201546	11.946979	157.453105
-535.986762	11.611622	156.515915
-536.777027	10.701673	156.091864
-537.563233	9.757142	156.439005
-538.348931	9.339671	157.342990
-539.129643	9.682625	158.281028
-539.910429	10.578226	158.708475
-540.692489	11.517046	158.376110
-541.477785	11.947471	157.470164
-542.263915	11.616488	156.525493
-543.047818	10.712106	156.094481
-543.834493	9.766012	156.426723
-544.617070	9.336390	157.330425
-545.408237	9.674823	158.282355
-546.188799	10.569297	158.712474
-546.971986	11.518236	158.377402
-547.756392	11.955085	157.483256
-548.541739	11.626290	156.535571
-549.326369	10.730816	156.095799
-550.114239	9.784448	156.425276
-550.903711	9.348834	157.330787
-551.685717	9.679666	158.272234
-552.470765	10.575787	158.706633
-553.255500	11.520520	158.375599
-554.041762	11.953414	157.480191
-554.826846	11.621334	156.534698
-555.615239	10.721803	156.101448
-556.401697	9.776002	156.434747
-557.190022	9.344745	157.338392
-557.978227	9.681080	158.280722
-558.763425	10.589689	158.706329
-559.555886	11.532017	158.365981
-560.333945	11.953101	157.460060
-561.120554	11.614462	156.514714
-561.904008	10.716137	156.089919
-562.686410	9.781450	156.422611
-563.473761	9.350952	157.332882
-564.258745	9.685734	158.272846
-565.041777	10.583601	158.704355
-565.826520	11.523429	158.370254
-566.608555	11.958500	157.474227
-567.395510	11.629330	156.531177
-568.181183	10.730060	156.097261
-568.966333	9.785739	156.430777
-569.751496	9.352725	157.332129
-570.540037	9.681524	158.273324
-571.327042	10.591274	158.698378
-572.112364	11.531417	158.366512
-572.897877	11.958635	157.454655
-573.686937	11.622171	156.510889
-574.472685	10.722003	156.085548
-575.257506	9.779736	156.427710
-576.037424	9.352720	157.332996
-576.828758	9.686249	158.276585
-577.617333	10.594185	158.702045
-578.401591	11.537033	158.358150
-579.184369	11.961016	157.452839
-579.972821	11.618260	156.511574
-580.761383	10.707840	156.089012
-581.546782	9.773351	156.431724
-582.328965	9.352611	157.338827
-583.116513	9.695322	158.278988
-583.901372	10.600572	158.697748
-584.691310	11.543421	158.348640
-585.479768	11.961870	157.439573
-586.262453	11.610992	156.503561
-587.051334	10.700156	156.086762
-587.834345	9.767828	156.437150
-588.620552	9.354891	157.339827
-589.404321	9.703653	158.275606
-590.191015	10.612742	158.693310
-590.974412	11.548150	158.346788
-591.758517	11.964995	157.439822
-592.541526	11.621796	156.503602
-593.330354	10.707729	156.080899
-594.115421	9.767449	156.425299
-594.900957	9.349437	157.336334
-595.683207	9.691606	158.270173
-596.464923	10.601421	158.687370
-597.250354	11.540858	158.345025
-598.038267	11.965513	157.438270
-598.821243	11.621019	156.497127
-599.605703	10.713208	156.073522
-600.396299	9.767350	156.415192
-601.183869	9.346690	157.321502
-601.967387	9.691987	158.256764
-602.751989	10.596398	158.678496
-603.538473	11.537048	158.329943
-604.324946	11.957388	157.424253
-605.111546	11.613187	156.488368
-605.896540	10.706247	156.071465
-606.685895	9.765296	156.422171
-607.471065	9.351931	157.335706
-608.261530	9.708521	158.278047
-609.040525	10.614011	158.686890
-609.821371	11.550872	158.338381
-610.604710	11.972956	157.430271
-611.390926	11.628700	156.489129
-612.177071	10.710097	156.066602
-612.965475	9.776284	156.410265
-613.747206	9.357762	157.313861
-614.534056	9.703716	158.256340
-615.320986	10.615960	158.674603
-616.107303	11.554017	158.326037
-616.894326	11.973950	157.420446
-617.680490	11.624319	156.483624
-618.461117	10.720574	156.066852
-619.247457	9.783203	156.410527
-620.036716	9.364620	157.327925
-620.820678	9.714776	158.261190
-621.605958	10.624644	158.675901
-622.389977	11.563214	158.329450
-623.173390	11.980319	157.427097
-623.962853	11.631936	156.486444
-624.749390	10.711809	156.073098
-625.532950	9.777668	156.417140
-626.323195	9.361412	157.327825
-627.101615	9.711611	158.258209
-627.886387	10.621014	158.677428
-628.673023	11.559626	158.333055
-629.459297	11.979612	157.424907
-630.246947	11.631248	156.483112
-631.031340	10.722666	156.068102
-631.816718	9.788803	156.417079
-632.604592	9.372121	157.331793
-633.390083	9.722749	158.272660
-634.175692	10.632299	158.685795
-634.960955	11.573425	158.329098
-635.742821	11.988356	157.427432
-636.527999	11.637037	156.487849
-637.318064	10.720620	156.073487
-638.104677	9.788890	156.424454
-638.887797	9.373658	157.336600
-639.671965	9.728933	158.278865
-640.457129	10.636812	158.693988
-641.241395	11.569087	158.347539
-642.029275	11.982272	157.440777
-642.813996	11.631456	156.503188
-643.600353	10.726747	156.088646
-644.390599	9.787545	156.440511
-645.170672	9.375188	157.352709
-645.954018	9.725536	158.288385
-646.739003	10.635594	158.702705
-647.526862	11.573961	158.354513
-648.316048	11.986410	157.442028
-649.101361	11.632630	156.508310
-649.887558	10.723968	156.100056
-650.672051	9.786773	156.455370
-651.457761	9.376924	157.363081
-652.242127	9.728167	158.295849
-653.030260	10.636324	158.705824
-653.817120	11.571303	158.349226
-654.600299	11.979796	157.440129
-655.383133	11.629536	156.509504
-656.162876	10.723363	156.098486
-656.946715	9.783228	156.450673
-657.729646	9.367065	157.348556
-658.520743	9.712959	158.289150
-659.310679	10.633900	158.698786
-660.098067	11.567336	158.343616
-660.877706	11.977161	157.436662
-661.659130	11.632201	156.504469
-662.441161	10.723201	156.086220
-663.230386	9.784173	156.428615
-664.017075	9.365623	157.344535
-664.801419	9.712317	158.280769
-665.585625	10.624552	158.695808
-666.367755	11.562639	158.352595
-667.154198	11.985815	157.447386
-667.938475	11.639889	156.506042
-668.727279	10.729731	156.086339
-669.517801	9.788208	156.433494
-670.302644	9.371765	157.348067
-671.088521	9.720798	158.282143
-671.874675	10.627211	158.696639
-672.659926	11.563562	158.346912
-673.447151	11.976877	157.437499
-674.232300	11.621529	156.502385
-675.017749	10.713867	156.093125
-675.803928	9.780691	156.444646
-676.585462	9.370165	157.356884
-677.366694	9.717427	158.293221
-678.151800	10.618427	158.713434
-678.928111	11.552786	158.370154
-679.715015	11.976604	157.465804
-680.503449	11.635992	156.524710
-681.293076	10.729124	156.100726
-682.077541	9.790529	156.449278
-682.864816	9.370736	157.354403
-683.646743	9.716121	158.287834
-684.434807	10.623585	158.708191
-685.222455	11.560385	158.363817
-686.008395	11.978028	157.455359
-686.799093	11.628654	156.516516
-687.583620	10.718214	156.105976
-688.365228	9.784148	156.455799
-689.150223	9.366736	157.368150
-689.933685	9.710710	158.303694
-690.720834	10.623993	158.723382
-691.505272	11.563948	158.369267
-692.287445	11.983482	157.458695
-693.071545	11.641120	156.521380
-693.848511	10.744423	156.098337
-694.632981	9.809210	156.431795
-695.420772	9.380508	157.335014
-696.208062	9.716009	158.275335
-696.993765	10.620049	158.702170
-697.780397	11.563788	158.358304
-698.562577	11.989148	157.459858
-699.344183	11.654475	156.517015
-700.124513	10.752034	156.085977
-700.910449	9.807822	156.418242
-701.696210	9.372563	157.318436
-702.480695	9.694416	158.255556
-703.268900	10.591595	158.692819
-704.053596	11.537606	158.360136
-704.838138	11.971115	157.460642
-705.618010	11.648676	156.521738
-706.404956	10.746619	156.080463
-707.196030	9.796553	156.408728
-707.987599	9.363648	157.320626
-708.771898	9.708507	158.266813
-709.554440	10.609988	158.695548
-710.339491	11.552647	158.361131
-711.123282	11.983060	157.456303
-711.908720	11.651271	156.513875
-712.692821	10.753154	156.080041
-713.478319	9.808933	156.409730
-714.263836	9.378756	157.309662
-715.050909	9.704977	158.248066
-715.832047	10.602331	158.682616
-716.621972	11.544294	158.360454
-717.402066	11.976702	157.459429
-718.191532	11.647310	156.512372
-718.973308	10.750195	156.079090
-719.758123	9.806581	156.407856
-720.545365	9.372624	157.306455
-721.330063	9.702026	158.248370
-722.118594	10.598744	158.686903
-722.907374	11.542270	158.356376
-723.692023	11.972491	157.457809
-724.481080	11.636154	156.512371
-725.265159	10.731444	156.084288
-726.052590	9.791284	156.420665
-726.843604	9.362440	157.331659
-727.627197	9.702523	158.271719
-728.412114	10.607693	158.692648
-729.199746	11.551528	158.347927
-729.985251	11.971962	157.440679
-730.765947	11.632103	156.503715
-731.552876	10.726029	156.078984
-732.338117	9.786456	156.420402
-733.121734	9.361087	157.326055
-733.911639	9.700949	158.269747
-734.698920	10.607335	158.690860
-735.483864	11.545705	158.345767
-736.269142	11.965808	157.438664
-737.054201	11.624660	156.502717
-737.837625	10.718749	156.080884
-738.624465	9.780231	156.424931
-739.405752	9.358412	157.324378
-740.191130	9.694865	158.264408
-740.977883	10.600913	158.687652
-741.764811	11.540497	158.352995
-742.547545	11.962852	157.442391
-743.335978	11.622376	156.499211
-744.118351	10.716777	156.073992
-744.903737	9.775192	156.413159
-745.692633	9.348031	157.322140
-746.477349	9.690167	158.261815
-747.263273	10.589995	158.687381
-748.050151	11.527454	158.344496
-748.831816	11.946513	157.441593
-749.616026	11.607667	156.502265
-750.404408	10.694264	156.074598
-751.191410	9.750113	156.419130
-751.979751	9.330302	157.326710
-752.763967	9.676436	158.269328
-753.548161	10.586226	158.688493
-754.331208	11.524639	158.344292
-755.119845	11.945333	157.437392
-755.909456	11.597783	156.494196
-756.693378	10.687908	156.080373
-757.481081	9.747948	156.430461
-758.263093	9.333347	157.337871
-759.049335	9.677698	158.277361
-759.839210	10.594889	158.692244
-760.622524	11.528604	158.345490
-761.408464	11.944884	157.441221
-762.193181	11.594226	156.503798
-762.975998	10.689448	156.086574
-763.760331	9.752766	156.432209
-764.540983	9.338431	157.333860
-765.329052	9.684403	158.278783
-766.116410	10.594724	158.697839
-766.894893	11.527559	158.356549
-767.682889	11.951933	157.451516
-768.469750	11.610654	156.512723
-769.255011	10.700162	156.087937
-770.042802	9.761570	156.428452
-770.832502	9.338074	157.345229
-771.617499	9.692609	158.288618
-772.398391	10.595423	158.705828
-773.179550	11.532559	158.360243
-773.966375	11.958179	157.458543
-774.750470	11.618760	156.519639
-775.536368	10.714655	156.096290
-776.321224	9.771641	156.438535
-777.104611	9.349825	157.336905
-777.890877	9.692946	158.280290
-778.680238	10.596018	158.704235
-779.459893	11.534025	158.362014
-780.244237	11.958252	157.453483
-781.025862	11.618837	156.507185
-781.813233	10.712666	156.076013
-782.599303	9.771263	156.409933
-783.384023	9.340519	157.320905
-784.172027	9.677755	158.268767
-784.961631	10.582179	158.696009
-785.748336	11.524153	158.348619
-786.534475	11.944223	157.440600
-787.321236	11.600249	156.500490
-788.108048	10.694080	156.079326
-788.891029	9.755028	156.424136
-789.677830	9.331811	157.329735
-790.465077	9.683985	158.277383
-791.251498	10.591031	158.693525
-792.038496	11.530623	158.345129
-792.816447	11.947313	157.441378
-793.597259	11.605073	156.500829
-794.379950	10.700958	156.075512
-795.166996	9.757962	156.412508
-795.954555	9.329204	157.317518
-796.743025	9.675651	158.268028
-797.527176	10.583468	158.689132
-798.313198	11.521989	158.350315
-799.105924	11.944239	157.441527
-799.891541	11.597468	156.503558
-800.677392	10.683774	156.086132
-801.462674	9.747661	156.433795
