0.002682
0.005934
0.014992
0.027044
0.042448
0.060318
0.088002
0.098631
0.110150
0.122882
0.170218
0.232844
0.296742
0.376717
0.479285
0.558578
0.645681
0.741486
0.800122
0.888467
0.976273
1.075207
1.136733
1.242307
1.400983
1.653565
1.917948
2.160295
2.442621
2.664028
2.916554
3.166751
3.471802
3.632243
3.859463
4.186172
4.413153
4.835728
5.245371
5.734970
6.182345
6.582287
7.031497
7.322844
7.580346
7.944826
8.304695
8.578125
8.831367
9.083825
9.271524
9.723513
10.285302
10.875517
11.389121
11.768336
12.216667
12.647610
13.075604
13.603461
13.924237
14.242777
14.556275
14.829863
15.369046
15.873964
16.335360
16.762269
17.105014
17.465398
17.831938
18.179595
18.578128
18.839190
19.106567
19.371504
19.632146
19.887761
20.239586
20.565220
20.886299
21.227068
21.571017
21.880121
22.231965
22.579510
22.921737
23.036739
23.115874
23.315234
23.509327
23.239376
22.647201
22.032608
21.432523
20.899706
20.305948
19.805731
19.216465
18.680801
18.231775
17.714702
17.229980
16.931585
16.572454
16.248019
15.861547
15.363754
14.867237
14.466014
14.102356
13.660216
13.244251
11.094730
11.306421
12.164942
10.847000
10.336536
10.139527
9.560906
9.670324
9.674337
8.972452
8.982907
8.728050
9.085841
8.922713
8.869948
8.663244
8.398606
7.941058
7.542463
7.136058
6.942382
6.517493
6.502856
6.344212
6.726518
6.974095
7.311431
7.668760
7.876362
8.427387
8.944279
9.457560
9.470285
9.425804
9.491178
10.029312
10.619672
11.190454
11.682611
12.391886
13.015750
13.773284
14.347860
14.879621
15.461472
16.100049
16.719236
17.294895
17.927243
18.626786
19.389910
20.133174
20.996370
21.413973
21.306380
21.424190
21.317777
21.293772
21.503372
21.600120
21.672648
21.593548
21.688246
21.776153
22.157822
20.763722
20.296938
20.487586
20.807527
20.565917
20.770563
21.306283
22.016813
22.355290
22.799620
24.116691
24.354844
25.245914
25.672636
26.044040
26.182582
27.732871
29.333766
30.967789
32.605642
34.186443
32.951851
33.757075
34.771858
36.078720
37.425307
38.222542
40.799668
41.851924
43.292404
44.103936
45.416152
46.681314
48.229489
49.636890
51.074310
52.503679
53.844859
55.003817
55.414384
55.165158
54.759030
54.253563
53.472173
53.249441
53.436358
52.927342
51.865829
51.460835
51.077199
50.283730
51.008521
48.316731
48.908328
48.872079
48.872475
48.018052
47.856392
46.824860
46.314299
45.466078
45.126311
44.903520
44.366223
43.553584
43.975408
44.093305
44.169961
43.662124
43.397005
43.014035
42.798824
41.494761
41.037820
41.700173
42.682880
43.918096
45.176615
46.483933
47.990002
48.837568
50.549592
51.675153
53.294094
53.882855
54.104790
54.940339
55.627998
56.396086
57.270073
57.983163
57.503143
56.438178
54.945440
53.720078
52.328495
50.821825
49.378237
47.365180
45.794464
44.514445
42.614642
40.924862
39.291965
36.452129
35.153738
33.040993
31.642134
30.536333
29.593706
28.184095
26.613377
25.598071
24.225979
23.366408
22.700331
21.583331
20.416612
19.457264
18.265968
17.479374
16.286296
15.211648
14.387936
13.523517
12.717493
11.943816
11.196568
10.485501
9.808991
9.128789
8.468064
7.839920
7.202285
6.607312
10.571836
10.971119
11.549315
11.711269
8.887288
7.857455
7.831797
7.330241
6.678402
6.366916
6.201294
5.676642
5.484368
4.722946
4.485157
4.133017
4.212058
3.623118
3.416825
3.444081
3.473673
3.668888
3.750230
3.786544
3.790763
3.837489
4.077828
4.193260
4.375124
4.614945
4.832651
4.999003
5.322589
5.515813
5.856617
6.234039
6.624469
6.757367
6.940737
7.428108
7.775406
8.066209
8.436133
8.790547
9.121590
9.445678
9.385570
8.949832
8.443458
7.928465
7.440437
7.065202
6.512311
6.096829
5.634656
5.161509
4.653574
4.132168
3.681152
3.318556
3.364924
2.599354
2.453338
2.141992
1.930525
1.769736
1.722407
1.770207
1.751535
1.776447
1.885935
1.829317
1.808923
1.862821
1.733199
1.667209
1.697145
1.696612
1.725571
1.842900
1.941201
1.952336
2.049376
2.157415
2.249031
2.367936
2.438043
2.630551
2.752568
3.073766
3.525087
3.833159
4.289151
4.622689
4.920426
5.312839
5.666385
6.074471
6.516178
6.612041
6.533499
6.171936
5.779210
5.500562
5.068752
4.522423
4.082838
3.687110
3.322212
3.014568
2.752351
2.622222
2.595253
2.265359
2.073176
1.745076
1.526189
1.187004
1.047763
0.964102
0.857222
0.673747
0.600781
0.564031
0.489270
0.452835
0.508948
0.543102
0.588647
0.670312
0.655872
0.681835
0.663072
0.665986
0.675693
0.655052
0.772683
0.923253
1.038241
1.175953
1.268499
1.466616
1.624523
1.747634
1.925583
2.138801
2.347341
2.512868
2.609730
2.779214
2.993945
3.246270
3.525666
3.554534
3.549524
3.361002
3.039377
2.724168
2.508951
2.312983
2.118664
1.983439
1.871832
1.731358
1.657505
1.549947
1.401858
1.201600
0.930170
0.813642
0.762541
0.572456
0.478659
0.394855
0.376654
0.333548
0.266795
0.284283
0.259350
0.251674
0.220984
0.302931
0.359767
0.461778
0.515389
0.630115
0.722282
0.782577
0.830121
0.914672
0.981088
1.086622
1.163549
1.241942
1.330122
1.464620
1.572593
1.647040
1.760760
1.867031
1.903314
1.896343
1.894396
1.884870
1.890973
1.892915
1.900417
1.891320
1.921252
2.036584
1.821031
2.361198
2.141286
2.349125
2.385722
2.393506
2.609973
2.774642
3.079071
3.141236
3.068288
3.123011
3.374576
3.665203
3.850330
4.125355
4.347299
4.559339
4.863293
5.051222
5.314168
5.548794
5.807819
6.053410
6.287251
6.544613
6.818749
7.053008
7.132431
7.187218
7.229009
7.272971
7.334645
7.383541
7.253064
7.019857
6.775430
6.535921
6.296496
6.048282
5.640224
5.319685
5.587811
5.492617
5.719909
5.665643
5.055868
4.541771
4.370609
4.260786
4.197962
3.978765
3.712866
3.666559
3.422349
3.464206
3.709359
3.910168
4.105229
4.221827
4.502379
4.646046
4.943063
5.139149
5.441314
5.630304
5.874019
6.129328
6.407115
6.682753
6.955692
7.246650
7.553238
7.876354
8.233949
8.558277
8.904205
9.261977
9.644679
10.031860
10.118992
10.006458
9.667977
9.301275
8.940379
8.625290
8.345752
8.080396
7.837466
7.565290
7.266882
6.958452
6.677983
6.415788
6.222515
5.846429
5.104121
4.530087
4.412007
4.302373
4.075509
3.648249
3.347157
2.745161
2.938015
2.660464
2.364068
2.186959
2.159899
2.334449
2.478779
2.627932
2.924395
3.103130
3.228360
3.446604
3.728865
4.023539
4.321262
4.531683
4.778328
5.100355
5.378642
5.690335
6.033861
6.399312
6.794024
7.181696
7.567291
7.961244
8.358192
8.792446
9.213489
9.658412
10.187462
10.338224
10.208965
9.753356
9.228393
8.749480
8.288933
7.843215
7.368907
6.903534
6.455501
6.003022
5.556216
5.121555
4.728153
4.089329
3.885236
4.022948
3.565274
3.209988
3.228659
3.345458
2.981087
2.905791
2.809186
2.261225
2.069868
1.816681
1.702598
1.510817
1.447486
1.432283
1.475996
1.576828
1.563976
1.684509
1.769084
1.844771
2.018087
2.188621
2.299195
2.467549
2.778446
3.048624
3.453052
3.740773
4.044987
4.414915
4.775073
5.151334
5.560443
5.996927
6.454193
6.865217
7.310033
7.786348
8.281427
8.789384
9.369804
9.949388
10.225433
10.017384
9.456597
8.817334
8.205028
7.576474
6.969854
6.371851
5.780537
5.212190
4.486643
3.714317
3.157515
2.664275
2.444599
2.462006
2.172717
2.111898
2.017607
1.654535
1.270918
1.079959
1.032616
0.927760
0.873774
1.051519
1.159428
1.123573
1.161658
1.280507
1.506312
1.671216
1.804904
2.091461
2.225548
2.382968
2.632665
2.793655
2.985421
3.061278
3.351993
3.561978
3.831274
3.987844
4.074829
4.260124
4.384739
4.453093
4.595440
4.778103
4.871040
4.999454
5.244087
6.133075
6.561894
6.636159
7.237601
6.761458
6.664540
6.343777
6.135038
6.807697
6.684863
7.582694
7.939711
8.130529
8.380887
8.333902
7.844361
7.982169
7.777889
7.659036
7.836226
7.460225
7.497991
7.534345
7.721620
7.931187
7.980203
8.316470
7.930314
8.564415
8.678694
8.808051
8.783431
9.020148
9.215649
9.406591
9.539813
9.369797
9.983285
10.466848
10.852095
11.008915
11.182637
11.417845
11.562896
11.774497
11.974186
12.194571
12.424748
12.627295
13.081861
13.542697
13.633415
13.504835
13.400377
13.221324
13.637348
13.632840
13.504457
13.412108
13.690047
13.738145
13.871284
13.865372
13.847130
13.738948
13.670550
13.617753
13.660995
13.635250
13.610567
13.570834
13.531453
13.530614
13.570665
13.555319
13.566411
13.730261
13.819060
13.828312
13.979616
14.126079
14.294550
14.539720
14.660260
14.803883
14.979339
15.042018
14.931178
15.065595
15.035601
14.764796
14.547121
14.282487
13.831399
13.463583
13.091548
12.656653
12.099021
11.652708
11.600626
11.191484
10.820251
10.488419
9.516014
9.186636
9.039175
8.872097
8.064016
7.851812
6.717964
6.544460
6.369688
6.124802
5.900907
5.358418
5.404621
5.216068
4.987908
4.258596
4.375083
3.980906
4.183019
3.956945
3.617601
3.629184
3.668607
3.758462
3.824144
4.025275
4.145313
4.240674
4.427753
4.556236
4.704461
4.822640
4.964945
5.089104
5.227735
5.376409
5.515235
5.691945
5.875535
6.083574
6.384760
6.672234
6.978019
7.246947
7.539639
7.832596
8.043868
7.832207
7.869047
8.122898
8.138874
8.371585
8.639462
8.620404
8.980737
9.383053
9.768507
9.830510
9.386806
11.700642
12.163284
12.567132
13.063937
12.843779
13.615395
13.644972
14.109120
14.386967
14.918366
15.439839
15.709055
15.970910
16.217571
16.503180
16.871167
17.350791
17.916361
18.429949
18.897538
18.999355
18.682478
17.889091
17.741972
17.591293
17.312701
17.080704
16.760294
16.249346
16.611916
16.264432
16.485075
16.524773
16.894353
17.154842
17.093867
17.401523
17.758421
17.593442
17.382944
17.144040
17.263745
17.555241
17.745244
18.075494
18.294679
18.174358
18.170768
17.700949
17.650930
17.639352
18.116807
18.463637
18.590259
18.571630
18.213644
17.778115
17.525766
17.594572
17.798981
17.808290
17.899817
17.953134
17.710134
17.595754
17.502495
17.422437
17.536826
17.705943
17.563967
17.654536
17.413341
17.185324
16.786902
16.537300
16.685705
16.773058
16.718548
16.726589
16.586913
16.408183
16.197541
16.205027
16.314053
16.500583
16.726139
16.782572
16.576818
16.449466
16.405606
16.574913
16.693089
16.830846
16.795991
16.683664
16.515693
16.460068
16.211647
16.205162
16.520129
16.806862
16.946663
16.928397
16.802049
16.582526
16.428925
16.477841
16.722442
16.953134
17.051673
16.938824
16.562664
16.361587
16.137596
16.181081
16.419292
16.588975
16.731885
16.696129
16.502812
16.377435
16.301006
16.421809
16.623727
16.783520
16.927159
16.837013
16.571499
16.379089
16.242597
16.373884
16.599444
16.804798
17.090704
16.954598
16.579419
16.414402
16.343562
16.347749
16.570769
16.762964
16.854596
16.767638
16.573930
16.336424
16.221345
16.284410
16.543415
16.768547
16.901115
16.747262
16.634437
16.379002
16.263350
16.289756
16.414715
16.757776
16.857699
16.876240
16.792875
16.712738
16.604514
16.689635
16.730708
16.784653
16.786839
16.766731
16.722669
16.678358
16.661731
16.587662
16.631621
16.740497
16.781841
16.810657
16.779620
16.551401
16.404205
16.481635
16.596251
16.873479
16.974788
16.902695
16.754903
16.470189
16.321470
16.286915
16.346687
16.576446
16.742163
16.719021
16.556334
16.248932
16.117010
16.160402
16.380013
16.654631
16.760983
16.750073
16.565602
16.400614
16.353616
16.424332
16.497209
16.676153
16.793747
16.750884
16.671484
16.502001
16.389689
16.450953
16.594374
16.849600
17.023665
17.021648
16.862107
16.705132
16.556841
16.546321
16.745719
17.070999
17.157623
17.116371
16.936031
16.709926
16.601990
16.639342
16.865724
17.057804
17.151282
17.057933
16.917448
16.690491
16.537101
16.592496
16.778783
16.986274
17.116762
17.072711
16.795213
16.468023
16.210532
16.300734
16.613657
16.900505
17.087633
17.032162
16.842796
16.590922
16.464236
16.490019
16.679581
16.918020
16.979882
16.969473
16.754698
16.501456
16.292929
16.349619
16.559316
16.820504
16.959487
16.874399
16.682082
16.461065
16.385261
16.413232
16.490671
16.700803
16.842094
16.783635
16.634049
16.469755
16.389281
16.394166
16.582894
16.788057
16.921656
16.865563
16.722013
16.591612
16.516590
16.601939
16.797345
17.003121
17.091587
17.103206
16.989977
16.788815
16.631788
16.707298
16.817404
16.965930
17.034326
16.993902
16.843924
16.673620
16.521955
16.524688
16.698708
16.890686
17.001861
16.955026
16.827953
16.625630
16.499291
16.475844
16.604891
16.798961
16.885539
16.929762
16.747744
16.581584
16.482662
16.573938
16.669380
16.728208
16.832522
16.829162
16.696630
16.488287
16.360153
16.438712
16.577851
16.648493
16.657184
16.640081
16.529467
16.413170
16.301285
16.302685
16.432741
16.579714
16.640328
16.649003
16.465636
16.312965
16.211947
16.201275
16.314916
16.515446
16.571741
16.566924
16.444004
16.277344
16.125309
16.231832
16.469915
16.713671
16.836549
16.769770
16.565101
16.325672
16.230520
16.289148
16.481517
16.738155
16.866629
16.817613
16.619262
16.405153
16.240590
16.297647
16.454038
16.730536
16.905873
16.852988
16.686243
16.402393
16.260671
16.299642
16.479987
16.734626
16.811025
16.764572
16.594588
16.400298
16.288811
16.265630
16.429283
16.642132
16.799573
16.831555
16.640416
16.429812
16.278445
16.330405
16.499504
16.735287
16.881961
16.862965
16.668930
16.489262
16.387894
16.451476
16.593464
16.835513
16.976749
16.932887
16.795080
16.617842
16.517251
16.556420
16.733867
16.858855
16.971969
17.009969
16.859847
16.662632
16.483500
16.507068
16.661467
16.776966
16.931400
16.938609
16.813688
16.641429
16.483343
16.517886
16.595660
16.716857
16.748591
16.727709
16.632616
16.520285
16.424272
16.432486
16.530044
16.697004
16.791786
16.785687
16.641570
16.486834
16.294448
16.314162
16.473868
16.747351
16.859947
16.842977
16.609196
16.311595
16.142851
16.189113
16.397203
16.714721
16.831105
16.787617
16.568196
16.332072
16.184467
16.214887
16.363352
16.541241
16.628225
16.602256
16.479378
16.295476
16.151159
16.166278
16.327876
16.587973
16.694927
16.652470
16.473057
16.277906
16.166372
16.182759
16.359767
16.564111
16.662811
16.662381
16.515983
16.331632
16.229845
16.290652
16.377758
16.611812
16.760914
16.748714
16.606684
16.451765
16.328385
16.354806
16.525512
16.648071
16.698523
16.718455
16.595346
16.485375
16.363154
16.403185
16.573556
16.758417
16.840202
16.819908
16.675731
16.449920
16.303857
16.363177
16.554298
16.847198
16.983964
16.940858
16.778414
16.591057
16.430007
16.472834
16.630106
16.793090
16.873431
16.850480
16.720758
16.467002
16.290575
16.315658
16.508969
16.752101
16.860754
16.809482
16.601089
16.389064
16.268783
16.261251
16.403204
16.514748
16.616182
16.598159
16.408204
16.196277
16.127436
16.130274
16.301780
16.541019
16.692371
16.674826
16.460954
16.253475
16.129532
16.226123
16.454577
16.676553
16.871321
16.832552
16.586274
16.318736
16.195414
16.282189
16.548663
16.845476
17.004198
16.945084
16.711802
16.399088
16.253294
16.309574
16.508504
16.714704
16.749990
16.722841
16.611203
16.476736
16.415065
16.439829
16.530509
16.639224
16.725012
16.728237
16.670960
16.567266
16.486287
16.499151
16.628018
16.799153
16.962848
16.937210
16.744743
16.572612
16.442056
16.440626
16.618079
16.870248
17.003579
16.927911
16.743333
16.538698
16.489091
16.491312
16.617709
16.724536
16.711960
16.630485
16.580948
16.479739
16.471189
16.483428
16.558967
16.689532
16.749775
16.714521
16.626820
16.492034
16.409930
16.443879
16.583494
16.815585
16.961855
16.919868
16.724412
16.519473
16.387039
16.436698
16.582703
16.778948
16.894135
16.851683
16.629374
16.449520
16.372010
16.434316
16.575373
16.680673
16.777545
16.748203
16.681309
16.608349
16.558347
16.526429
16.600109
16.681428
16.754576
16.753549
16.653740
16.573295
16.456023
16.443243
16.531368
16.630693
16.728345
16.727337
16.660983
16.524497
16.333453
16.333756
16.562432
16.830640
16.944846
16.939429
16.778198
16.513630
16.413329
16.479526
16.613356
16.742128
16.841348
16.836915
16.710471
16.586173
16.513861
16.542593
16.678832
16.838781
16.901043
16.856696
16.755203
16.598985
16.462897
16.487035
16.603418
16.744860
16.827967
16.843204
16.727169
16.553671
16.478794
16.529066
16.720030
16.961724
17.157823
17.105463
16.863768
16.607564
16.480569
16.562395
16.717329
16.951667
17.026462
16.994120
16.837676
16.662214
16.584010
16.579252
16.732332
16.908181
16.967039
16.934541
16.793086
16.659593
16.539442
16.579011
16.722082
16.889249
17.021891
16.993528
16.858369
16.665454
16.537637
16.559301
16.680297
16.841960
16.924821
16.876097
16.737514
16.565279
16.459295
16.488269
16.649749
16.802744
16.920255
16.865763
16.739635
16.539562
16.379128
16.403195
16.612579
16.806475
16.928114
16.908772
16.773156
16.624533
16.479844
16.465615
16.672770
16.880751
16.904666
16.851511
16.751247
16.649084
16.558988
16.553472
16.663353
16.815601
16.826586
16.859156
16.793198
16.712877
16.707114
16.703449
16.763151
16.868889
16.887435
16.880285
16.784272
16.674359
16.626660
16.622227
16.719624
16.868650
17.000871
16.988255
16.811957
16.649133
16.598105
16.683303
16.777409
16.917363
16.954163
16.911821
16.834094
16.743868
16.699010
16.706048
16.792599
16.882533
17.025191
16.982165
16.864687
16.716777
16.651658
16.662405
16.791429
16.916411
17.043836
17.040482
16.886813
16.684451
16.533350
16.605710
16.782877
16.987000
17.102250
17.107263
16.914878
16.638795
16.475781
16.554143
16.800368
17.059767
17.208362
17.148556
16.939469
16.725185
16.544655
16.567757
16.761029
16.969347
17.124298
17.091557
16.945874
16.728669
16.599055
16.581352
16.759827
16.991814
17.096870
17.084166
16.902384
16.679734
16.546830
16.555243
16.782307
17.096563
17.228270
17.183526
17.018614
16.802977
16.584800
16.660372
16.860062
17.087849
17.262440
17.228556
17.042570
16.776720
16.668450
16.715562
16.895869
17.171212
17.331702
17.298315
17.083516
16.833598
16.589137
16.661615
16.870261
17.149565
17.299531
17.263395
17.081381
16.833290
16.683572
16.751304
16.951321
17.220152
17.379942
17.382741
17.148488
16.872454
16.659330
16.741753
16.957145
17.261985
17.404889
17.318733
17.078577
16.804128
16.686143
16.708512
16.947295
17.220794
17.382089
17.348230
17.110525
16.806099
16.647520
16.681583
16.947626
17.232366
17.384167
17.335004
17.059822
16.779242
16.644347
16.658901
16.886626
17.117023
17.374277
17.310941
17.043407
16.807871
16.660629
16.697407
16.880737
17.123346
17.301463
17.258030
17.096732
16.867291
16.713113
16.723279
16.925827
17.190925
17.322425
17.274761
17.040054
16.725657
16.576335
16.647371
16.900810
17.147691
17.225886
17.151147
16.993857
16.807782
16.687283
16.719529
16.908572
17.144328
17.275621
17.223124
17.021676
16.761622
16.592590
16.659435
16.857755
17.078602
17.257512
17.244126
17.060665
16.854195
16.813487
16.894413
17.014341
17.160886
17.255204
17.258903
17.104753
16.968445
16.892931
16.902529
16.973079
17.013145
17.036644
17.042535
16.956971
16.914207
16.857207
16.825262
16.897902
17.111729
17.182459
17.163468
17.060418
16.947078
16.910698
16.923827
17.036025
17.110078
17.139046
17.096497
17.004021
16.917277
16.888109
16.907447
16.990835
17.085522
17.103559
17.086243
16.972512
16.827382
16.729407
16.765611
16.872766
17.056295
17.168391
17.174790
16.994840
16.807912
16.693880
16.727178
16.869506
17.046388
17.168324
17.130758
16.948220
16.749780
16.632700
16.670756
16.850273
17.004413
17.120526
17.077327
16.918338
16.736696
16.627000
16.647041
16.769830
16.970195
17.032307
16.984595
16.787901
16.613911
16.446279
16.437900
16.620896
16.848425
17.000191
16.962037
16.785164
16.547799
16.387385
16.404819
16.629700
16.847396
17.065549
16.992823
16.775992
16.504732
16.390482
16.440560
16.675922
16.899490
17.055660
16.967038
16.816475
16.622215
16.473678
16.516238
16.657711
16.952601
17.049704
17.002111
16.856221
16.676765
16.577325
16.582437
16.763355
16.966458
17.056793
17.011243
16.864246
16.695802
16.590910
16.620105
16.710829
16.859666
16.956381
16.951745
16.771317
16.557637
16.438033
16.470001
16.628761
16.898362
17.032243
17.009898
16.794934
16.595345
16.498027
16.509871
16.625028
16.844085
16.977088
16.931770
16.770476
16.531098
16.346231
16.397894
