0.132757
0.307253
0.096420
0.103236
0.090124
0.117477
0.079044
0.125634
0.370414
0.402477
0.102045
0.089163
0.095250
0.087212
0.112168
0.133631
0.207486
0.080598
0.081026
0.132086
0.107359
0.118486
0.113272
0.096149
0.084881
0.094891
0.097636
0.075065
0.162443
0.093218
0.114867
0.123483
0.136255
0.088359
0.134466
0.363526
0.138771
0.119964
0.103549
0.121826
0.131297
0.086343
0.145070
0.098744
0.099822
0.159407
0.092454
0.080648
0.074231
0.112930
0.071922
0.098478
0.097165
0.101908
0.086898
0.114217
0.093429
0.095149
0.083509
0.103065
0.106499
0.094067
0.095525
0.108655
0.107408
0.085220
0.081752
0.144188
0.100589
0.101923
0.109447
0.117358
0.116267
0.097068
0.084416
0.108445
0.104991
0.087586
0.083945
0.122119
0.095806
0.099714
0.106658
0.119315
0.108820
0.101053
0.103102
0.118549
0.105441
0.104175
0.105202
0.120886
0.119623
0.133238
0.107431
0.105346
0.104123
0.088798
0.088117
0.124629
0.099922
0.435351
0.138240
0.119926
0.107442
0.112789
0.124162
0.107150
0.122940
0.121006
0.124496
0.172871
0.111747
0.116647
0.103294
0.109890
0.111847
0.151440
0.112363
0.101761
0.109189
0.145050
0.108930
0.114166
0.103795
0.103718
0.108460
0.129453
0.120501
0.130563
0.154751
0.138555
0.103016
0.120297
0.119787
0.131931
0.094865
0.096748
0.120844
0.164382
0.118015
0.100821
0.109158
0.139494
0.107673
0.108337
0.123471
0.133372
0.170843
0.265580
0.163352
0.134188
0.126625
0.134121
0.149253
0.137377
0.127740
0.124360
0.111087
0.127180
0.119802
0.156398
0.096252
0.129788
0.121802
0.121049
0.113289
0.106813
0.119985
0.118847
0.113904
0.179501
0.125054
0.091192
0.120368
0.106666
0.120321
0.093629
0.113746
0.133441
0.120981
0.119841
0.135800
0.097176
0.123572
0.115677
0.114069
0.102370
0.130701
0.194778
0.209843
0.124127
0.118685
0.146506
0.108549
0.165939
0.129203
0.131130
0.111550
0.127425
0.128430
0.137464
0.087724
0.113029
0.103012
0.147417
0.124456
0.094656
0.115012
0.146444
0.113160
0.134685
0.144237
0.124214
0.130143
0.101402
0.104044
0.105285
0.119976
0.109227
0.137765
0.130185
0.114282
0.137250
0.125453
0.120193
0.088719
0.167816
0.130041
0.120391
0.114966
0.113628
0.124047
0.123674
0.092431
0.113853
0.111522
0.199527
0.181907
0.166156
0.137655
0.116639
0.147598
0.136204
0.113415
0.141763
0.131329
0.120903
0.119179
0.183652
0.145908
0.135310
0.129770
0.144131
0.139013
0.138544
0.182498
0.139780
0.110164
0.110539
0.147396
0.089672
0.103334
0.122151
0.134140
0.160297
0.140480
0.119162
0.145913
0.118798
0.113446
0.120176
0.115016
0.160746
0.115563
0.090700
0.122952
0.121611
0.089449
0.162758
0.135706
0.117180
0.129894
0.089848
0.127235
0.135271
0.113081
0.104290
0.109523
0.145239
0.118733
0.129230
0.142349
0.114733
0.118144
0.112364
0.120419
0.239998
0.177810
0.145337
0.119976
0.194173
0.132102
0.114863
0.120505
0.148995
0.101650
0.149475
0.128964
0.138216
0.121746
0.112898
0.103513
0.129014
0.099890
0.121439
0.107718
0.107881
0.102847
0.211124
0.108670
0.138333
0.120875
0.118725
0.137269
0.128162
0.108341
0.120728
0.110753
0.131206
0.104478
0.098836
0.094124
0.126137
0.127674
0.131004
0.103987
0.149680
0.099804
0.135876
0.188779
0.128513
0.144692
0.169306
0.155011
0.145839
0.126329
0.127496
0.122217
0.117245
0.158950
0.155262
0.166209
0.131677
0.125165
0.110298
0.113574
0.120814
0.104694
0.158912
0.135935
0.146084
0.104638
0.139451
0.136947
0.109902
0.109969
0.114543
0.206543
0.149677
0.101632
0.142731
0.143817
0.117989
0.115801
0.115007
0.142036
0.109378
0.133603
0.144975
0.143223
0.136393
0.125966
0.114773
0.124459
0.144481
0.127730
0.115320
0.126610
0.126109
0.131565
0.127300
0.136977
0.113116
0.122886
0.130640
0.115946
0.147799
0.111585
0.139412
0.186204
0.171732
0.109927
0.118578
0.124370
0.123565
0.117643
0.172037
0.251031
0.177251
0.119913
0.125805
0.122144
0.139282
0.105511
0.102028
0.123523
0.245898
0.135836
0.197055
0.133947
0.136634
0.138260
0.121216
0.126190
0.148057
0.135177
0.125005
0.136009
0.117893
0.141785
0.121373
0.147880
0.139466
0.153029
0.125888
0.122094
0.128712
0.136663
0.113991
0.133704
0.134003
0.110648
0.136981
0.137593
0.136539
0.113799
0.138727
0.132847
0.124874
0.124979
0.130348
0.132050
0.125957
0.200911
0.111798
0.111971
0.173308
0.122443
0.120501
0.250169
0.135192
0.134135
0.238233
0.132988
0.148395
0.145667
0.188563
0.114422
0.130546
0.139148
0.118555
0.117254
0.132302
0.119340
0.134733
0.114459
0.118170
0.153117
0.110414
0.123418
0.114795
0.126433
0.122674
0.122367
0.146902
0.119742
0.188966
0.118956
0.122506
0.123538
0.109770
0.121564
0.135415
0.108303
0.133589
0.120764
0.125275
0.342587
0.481905
0.124139
0.125993
0.162832
0.175045
0.116256
0.153930
0.142700
0.098076
0.100119
0.115055
0.123118
0.126045
0.113025
0.128104
0.103046
0.131624
0.114934
0.117057
0.109343
0.167796
0.140710
0.086634
0.138687
0.136069
0.126701
0.128537
0.133496
0.166996
0.115869
0.135393
0.121221
0.134178
0.126246
0.125610
0.123514
0.124040
0.118855
0.135925
0.162994
0.128017
0.118176
0.134722
0.120860
0.118787
0.216680
0.202730
0.162627
0.134754
0.138737
0.126763
0.185712
0.147464
0.137533
0.144517
0.106995
0.129241
0.133178
0.199721
0.124426
0.189417
0.124863
0.115196
0.130109
0.127506
0.143267
0.133480
0.173676
0.166122
0.124821
0.176518
0.150932
0.149460
0.160064
0.136602
0.108427
0.135286
0.195534
0.139336
0.137398
0.125794
0.116014
0.105020
0.141555
0.147411
0.184019
0.107355
0.108708
0.117073
0.139671
0.129975
0.127100
0.108485
0.115109
0.144792
0.283025
0.132982
0.145317
0.121766
0.121771
0.129045
0.127382
0.147535
0.130428
0.171303
0.138264
0.143273
0.185935
0.249105
0.170319
0.157458
0.198090
0.168477
0.177719
0.129876
0.137293
0.141334
0.167842
0.187182
0.122327
0.120620
0.145182
0.157277
0.122062
0.156384
0.119683
0.124364
0.144614
0.133522
0.134571
0.117523
0.128620
0.137044
0.135054
0.128124
0.127332
0.141866
0.140212
0.117980
0.107345
0.123572
0.136303
0.137113
0.138593
0.131675
0.104899
0.114650
0.106269
0.116261
0.144289
0.128531
0.104186
0.125542
0.144933
0.129003
0.133762
0.124086
0.123227
0.155811
0.111300
0.093167
0.165189
0.200308
0.137508
0.124353
0.157300
0.179085
0.109517
0.119344
0.109841
0.134013
0.129765
0.154149
0.122032
0.101623
0.112375
0.133395
0.112949
0.122234
0.142179
0.132695
0.113336
0.103724
0.124666
0.160394
0.136782
0.181661
0.125605
0.185276
0.156157
0.108466
0.141035
0.155192
0.144885
0.123718
0.159375
0.119070
0.139264
0.141043
0.139087
0.132462
0.136098
0.108382
0.134648
0.131174
0.109267
0.151155
0.233488
0.187139
0.147774
0.177788
0.191526
0.193132
0.118128
0.136352
0.133615
0.121679
0.146031
0.122743
0.142328
0.130206
0.135841
0.139256
0.136594
0.132369
0.146848
0.116943
0.140024
0.444546
0.158949
0.127696
0.142700
0.098383
0.134371
0.132024
0.108494
0.127103
0.124414
0.108560
0.124665
0.140650
0.119309
0.130856
0.152489
0.115343
0.131107
0.123066
0.125077
0.138192
0.148154
0.196281
0.125462
0.133915
0.153371
0.140762
0.123464
0.188991
0.117792
0.119940
0.149251
0.121465
0.129858
0.122271
0.111003
0.115960
0.113498
0.131771
0.115752
0.134814
0.114494
0.112345
0.129403
0.111727
0.129956
0.156279
0.143034
0.118031
0.106559
0.131336
0.138202
0.161241
0.134506
0.119036
0.148088
0.103003
0.109603
0.157908
0.444697
0.116927
0.133750
0.152366
0.140849
0.203291
0.194286
0.155837
0.148017
0.140196
0.130133
0.126349
0.125235
0.143994
0.132013
0.154409
0.138209
0.135300
0.136622
0.109767
0.132888
0.146422
0.139996
0.148016
0.163231
0.127251
0.151007
0.130999
0.197722
0.169006
0.144521
0.148049
0.138559
0.145605
0.144364
0.205497
0.150038
0.150516
0.191338
0.154232
0.137964
0.123409
0.107224
0.138556
0.133811
0.153760
0.115433
0.161359
0.130861
0.134292
0.165978
0.134547
0.117913
0.144548
0.121870
0.139763
0.140737
0.129379
0.138883
0.138333
0.152564
0.121915
0.110867
0.162738
0.135307
0.096705
0.138879
0.119782
0.149969
0.196808
0.120613
0.157267
0.127268
0.125436
0.140010
0.140547
0.158645
0.149440
0.133475
0.144016
0.137481
0.137442
0.145185
0.236060
0.200504
0.159128
0.134455
0.148758
0.136955
0.132406
0.144363
0.174663
0.189006
0.135122
0.149281
0.153272
0.149193
0.121827
0.196611
0.138196
0.155663
0.137268
0.167750
0.167618
0.142350
0.130726
0.115958
0.121516
0.124246
0.190687
0.143026
0.138637
0.129726
0.133809
0.113724
0.137734
0.139988
0.133255
0.138458
0.203744
0.155527
0.139827
0.127709
0.127546
0.150003
0.133798
0.141783
0.139455
0.119456
0.134130
0.135640
0.130006
0.153959
0.134245
0.191905
0.172131
0.193464
0.120839
0.162063
0.132782
0.156299
0.143566
0.185641
0.147111
0.122005
0.127411
0.125547
0.348543
0.161107
0.194357
0.137223
0.162300
0.141980
0.146440
0.143846
0.120083
0.127534
0.207041
0.147712
0.146905
0.135279
0.140438
0.140768
0.139789
0.137454
0.197600
0.112812
0.149377
0.139825
0.160588
0.135008
0.117024
0.107818
0.199489
0.205183
0.149414
0.117526
0.176249
0.123710
0.134541
0.202844
0.133169
0.111104
0.142438
0.132171
0.136106
0.136451
0.137373
0.153502
0.146241
0.197320
0.149639
0.133182
0.135958
0.134496
0.230236
0.128478
0.157717
0.132946
0.167505
0.133179
0.128124
0.126583
0.131774
0.119225
0.127472
0.121520
0.154192
0.139751
0.134592
0.143763
0.118116
0.162107
0.171199
0.154772
0.173700
0.175365
0.207742
0.163126
0.168350
0.176251
0.256339
0.129345
0.167719
0.140863
0.126846
0.132176
0.127544
0.108450
0.134287
0.127345
0.136790
0.140426
0.134031
0.136839
0.135413
0.161281
0.148371
0.183485
0.150080
0.146755
0.134284
0.150518
0.118555
0.123619
0.132943
0.129450
0.142564
0.146135
0.143866
0.126222
0.160883
0.128116
0.159713
0.106961
0.136522
0.145902
0.132916
0.133949
0.147907
0.147556
0.142891
0.125855
0.147491
0.133090
0.135188
0.208358
0.124718
0.137105
0.109309
0.140468
0.162201
0.143372
0.129313
0.130158
0.143124
0.124787
0.138697
0.125904
0.147971
0.130801
0.105746
0.127313
0.176925
0.126273
0.121890
0.113982
0.149166
0.130407
0.139700
0.156825
0.138143
0.144897
0.131771
0.144397
0.154003
0.135946
0.133055
0.154649
0.169263
0.137027
0.135550
0.131130
0.150091
0.137953
0.135762
0.185366
0.123888
0.137561
0.166343
0.111558
0.167823
0.142646
0.167314
0.136713
0.132418
0.193848
0.131763
0.135465
0.200295
0.139197
0.151332
0.160800
0.126851
0.155457
0.135432
0.114214
0.136846
0.142739
0.134974
0.140667
0.134276
0.142351
0.150203
0.193914
0.131196
0.140585
0.134021
0.142058
0.133548
0.146420
0.129413
0.138342
0.137070
0.185365
0.137728
0.105907
0.193505
0.144874
0.231027
0.176219
0.130233
0.135685
0.161571
0.138781
0.121462
0.122230
0.134254
0.128766
0.139695
0.137809
0.135520
0.137768
0.136994
0.123043
0.168996
0.180922
0.136054
0.137327
0.167063
0.158376
0.177169
0.147405
0.129576
0.183463
0.184027
0.174883
0.131150
0.138251
0.149933
0.149234
0.139952
0.114341
0.144735
0.136651
0.131338
0.130973
0.124142
0.154227
0.168072
0.133291
0.149392
0.140021
0.133554
0.139972
0.120420
0.170245
0.159674
0.139099
0.167434
0.147439
0.130000
0.139493
0.134008
0.145204
0.131075
0.117392
0.146534
0.132613
0.132771
0.135297
0.150666
0.152387
0.212007
0.189792
0.155439
0.157465
0.137561
0.136271
0.138155
0.189259
0.149402
0.124489
0.152371
0.140139
0.142877
0.135378
0.167005
0.138330
0.139802
0.133008
0.137408
0.119771
0.158379
0.150626
0.143283
0.146230
0.122447
0.176974
0.148237
0.164132
0.149081
0.136024
0.131358
0.142428
0.182745
0.113974
0.154367
0.145022
0.133491
0.173573
0.141455
0.152623
0.134156
0.111411
0.152476
0.174017
0.122514
0.103959
0.130067
0.152801
0.135399
0.118714
0.140794
0.136214
0.135085
0.141976
0.134641
0.222727
0.243576
0.133951
0.217670
0.146473
0.133875
0.136818
0.136808
0.144498
0.144694
0.138880
0.183233
0.139000
0.120478
0.201508
0.134083
0.121663
0.199520
0.134308
0.139311
0.153333
0.174918
0.131396
0.135961
0.150731
0.140422
0.124936
0.146056
0.146581
0.163977
0.128733
0.136244
0.097572
0.200377
0.140294
0.152071
0.158432
0.129279
0.153906
0.119466
0.122817
0.150824
0.128380
0.197973
0.186076
0.130618
0.148138
0.131569
0.141121
0.126940
0.101560
0.136748
0.126721
0.119453
0.140299
0.131926
0.255130
0.140692
0.116729
0.143418
0.187733
0.106123
0.120578
0.135300
0.131933
0.116905
0.170207
0.135327
0.127247
0.129897
0.131470
0.133546
0.161429
0.129943
0.126595
0.135080
0.137538
0.129152
0.108500
0.121829
0.135173
0.176023
0.130634
0.147786
0.147272
0.136819
0.125742
0.175966
0.146885
0.148963
0.132950
0.199629
0.175446
0.127021
0.140707
0.140149
0.186014
0.140621
0.123750
0.202651
0.143493
0.146026
0.130624
0.139982
0.151529
0.152491
0.122891
0.169104
0.143959
0.125761
0.127624
0.163516
0.214261
0.127670
0.147044
0.163220
0.138281
0.136427
0.141378
0.140000
0.310121
0.148531
0.136393
0.136733
0.167100
0.161427
0.196291
0.136683
0.170352
0.156482
0.121138
0.133054
0.186872
0.129274
0.125865
0.134905
0.127619
0.177979
0.198619
0.163688
0.181123
0.136016
0.181238
0.141231
0.189775
0.161652
0.175179
0.209659
0.173084
0.157830
0.140358
0.139620
0.150184
0.150582
0.158092
0.148273
0.143320
0.124819
0.133698
0.134590
0.142303
0.136271
0.116502
0.132725
0.158587
0.121173
0.160063
0.135266
0.167947
0.156965
0.189159
0.170702
0.161195
0.127898
0.136051
0.157740
0.157275
0.173675
0.183769
0.220264
0.146760
0.135269
0.131594
0.128474
0.162085
0.191708
0.144754
0.139254
0.145531
0.133808
0.133330
0.147196
0.141732
0.161675
0.130226
0.152982
0.150801
0.126226
0.152620
0.171351
0.326574
0.141682
0.185962
0.161352
0.162705
0.160312
0.139063
0.127084
0.123898
0.167059
0.147733
0.156685
0.129256
0.141828
0.168299
0.156010
0.284007
0.162840
0.114926
0.159098
0.127650
0.125523
0.134023
0.135799
0.188194
0.144258
0.103955
0.139561
0.148786
0.175252
0.149236
0.165672
0.136558
0.133406
0.138184
0.138375
0.178386
0.131904
0.132581
0.142451
0.154230
0.159815
0.152698
0.150149
0.147650
0.147739
0.134353
0.139112
0.151347
0.144054
0.127890
0.147475
0.148829
0.125047
0.155470
0.115466
0.196365
0.159854
0.115724
0.170733
0.145585
0.127599
0.108452
0.133603
0.160256
0.148711
0.152975
0.134948
0.151639
0.144554
0.142376
0.144507
0.136365
0.170074
0.138652
0.154499
0.147484
0.116464
0.168014
0.172810
0.145776
0.136393
0.111755
0.153707
0.156308
0.152596
0.132738
0.149308
0.131523
0.133548
0.135258
0.147072
0.164867
0.122991
0.132468
0.149977
0.178359
0.141730
0.125712
0.147548
0.146169
0.148228
0.127491
0.135697
0.143944
0.175430
0.132783
0.152162
0.193069
0.133331
0.146330
0.144740
0.129957
0.235761
0.188236
0.138670
0.143634
0.148337
0.147675
0.131995
0.113399
0.127432
0.152434
0.158005
0.225219
0.139099
0.154995
0.129139
0.105670
0.121285
0.126189
0.156378
0.137626
0.126764
0.129234
0.132475
0.124197
0.176316
0.136145
0.153517
0.142350
0.158765
0.242812
0.147504
0.134308
0.224419
0.142595
0.139120
0.148979
0.163601
0.152059
0.130558
0.203590
0.120252
0.121782
0.132188
0.137321
0.125579
0.146909
0.151440
0.162800
0.145600
0.188543
0.184232
0.148079
0.136400
0.144102
0.148530
0.138081
0.138395
0.133950
0.143753
0.120868
0.113030
0.146216
0.142174
0.134109
0.152266
0.122313
0.142372
0.198820
0.137833
0.141445
0.130943
0.139804
0.159829
0.234094
0.172816
0.150162
0.133424
0.139317
0.159752
0.128998
0.157175
0.142315
0.156603
0.166327
0.148821
0.141715
0.133457
0.135674
0.142377
0.143133
0.204159
0.153730
0.125946
0.122870
0.174757
0.121357
0.138327
0.120855
0.187178
0.144844
0.165285
0.159110
0.135287
0.248842
0.172724
0.183503
0.192505
0.157639
0.120760
0.202598
0.145298
0.153958
0.134062
0.130925
0.144986
0.131939
0.151164
0.143649
0.189169
0.156462
0.132803
0.128253
0.144170
0.128418
0.126072
0.135317
0.126550
0.163649
0.144888
0.159086
0.142722
0.135973
0.135395
0.142674
0.257070
0.150656
0.157910
0.190853
0.154782
0.147785
0.139193
0.134571
0.176199
0.155962
0.123479
0.123607
0.149670
0.143132
0.116601
0.124979
0.139930
0.233644
0.168302
0.129016
0.146663
0.148958
0.123844
0.129971
0.134887
0.126861
0.147616
0.161676
0.150957
0.146206
0.122057
0.122838
0.134194
0.149984
0.117311
0.132649
0.151016
0.179765
0.129286
0.192821
0.175473
0.118329
0.150422
0.184466
0.139853
0.144684
0.132760
0.145100
0.136897
0.170426
0.147096
0.112605
0.131569
0.173383
0.101266
0.133671
0.176996
0.232067
0.139420
0.145434
0.148641
0.141721
0.142722
0.140109
0.160378
0.153049
0.134768
0.189739
0.136662
0.183842
0.160698
0.248518
0.161127
0.156006
0.331209
0.121442
0.161530
0.147615
0.140210
0.160558
0.134189
0.147006
0.156616
0.129874
0.154182
0.131787
0.136983
0.230108
0.162789
0.125069
0.175378
0.147770
0.142008
0.148750
0.159564
0.135611
0.123342
0.137588
0.134748
0.114364
0.157171
0.145198
0.135209
0.193375
0.131450
0.149722
0.139341
0.126997
0.198694
0.144878
0.110107
0.107794
0.117582
0.139557
0.147497
0.170251
0.157689
0.181173
0.123844
0.138698
0.133409
0.143127
0.155919
0.133925
0.151414
0.132409
0.132345
0.141383
0.135014
0.152725
0.142830
0.113587
0.141759
0.203909
0.153567
0.122827
0.164574
0.153805
0.113469
0.131424
0.183789
0.147126
0.130276
0.136627
0.158695
0.136593
0.145717
0.111887
0.151239
0.146272
0.119592
0.137623
0.118686
0.155206
0.179230
0.129151
0.135750
0.144464
0.139137
0.166401
0.165171
0.134711
0.143899
0.120951
0.139020
0.167830
0.124066
0.126198
0.119516
0.159408
0.141156
0.183768
0.144746
0.133314
0.132439
0.162778
0.137575
0.129764
0.190079
0.140409
0.146903
0.141495
0.149023
0.145174
0.159276
0.112589
0.155383
0.139857
0.164911
0.144664
0.131905
0.172195
0.134113
0.163151
0.152384
0.142816
0.141664
0.147347
0.143004
0.142341
0.142394
0.144565
0.161415
0.122850
0.145049
0.168432
0.138920
0.139519
0.167006
0.135819
0.226632
0.178542
0.149727
0.140423
0.146923
0.127548
0.137159
0.143796
0.143142
0.135187
0.153596
0.142205
0.142162
0.127876
0.121749
0.139184
0.169938
0.136430
0.154429
0.160805
0.135706
0.145295
0.139707
0.167990
0.146280
0.114352
0.135414
0.136632
0.142186
0.161192
0.140172
0.137386
0.146092
0.120516
0.177682
0.177072
0.143415
0.135856
0.130179
0.122342
0.175731
0.112717
0.147326
0.135311
0.130989
0.134466
0.139265
0.143636
0.137375
0.131274
0.173629
0.141175
0.141047
0.146270
0.151331
0.271280
0.165276
0.131715
0.150166
0.161488
0.145460
0.124187
0.129056
0.132776
0.119685
0.133890
0.159767
0.155462
0.166371
0.160073
0.150018
0.093503
0.106624
0.144608
0.156365
0.153186
0.139964
0.144562
0.115239
0.171841
0.133898
0.130837
0.146176
0.141320
0.137196
0.142677
0.144378
0.145959
