0.152878
0.121218
0.121730
0.154414
0.131419
0.087979
0.095070
0.163492
0.128656
0.114618
0.190978
0.115909
0.093374
0.144581
0.171505
0.131723
0.127741
0.183054
0.674133
0.247113
0.143708
0.169148
0.202047
1.232853
0.134864
0.193702
0.224390
0.220743
0.248495
0.253606
0.160131
0.162011
0.203810
0.167983
0.189200
0.213626
0.160887
0.250850
0.165309
0.208053
0.222678
0.169073
0.171914
0.189847
0.208184
0.211509
0.170761
0.195175
0.216105
0.194403
0.192089
0.269850
0.184104
0.242836
0.185314
0.202189
0.211712
0.203141
0.203132
0.233935
0.203605
0.232633
0.202292
0.207020
0.236744
0.141683
0.239861
0.238534
0.200419
0.243187
0.214002
0.220808
0.286059
0.226663
0.232594
0.229234
0.244127
0.273851
0.210134
0.242725
0.249612
0.292424
0.247332
0.293098
0.223631
0.211975
0.221627
0.243686
0.277722
0.249237
0.216998
0.281572
0.280065
0.225612
0.261100
0.256701
0.259394
0.227292
0.289626
