0.117220
0.088277
0.063736
0.064722
0.094834
0.094027
0.135040
0.143403
0.139228
0.178901
0.129643
0.167869
0.178448
0.183644
0.255354
0.173455
0.180028
0.235664
0.284115
0.222074
0.306667
0.256546
0.265297
0.313183
0.308656
0.286908
0.276539
0.350700
0.355753
0.902366
0.794331
0.644340
0.721164
0.415881
0.356235
0.530516
0.595744
0.767129
0.998509
0.987595
0.940443
0.450436
0.398474
0.542421
0.735976
0.944644
1.345075
0.962540
1.023965
0.871533
0.636071
0.656915
0.764003
1.114699
1.137831
1.350025
1.284134
0.736555
0.623806
0.797120
0.878236
1.159260
1.819852
1.363684
1.497849
0.903332
0.743688
0.904980
0.961248
1.442109
1.643593
1.631451
1.687444
1.067767
0.806774
1.048188
1.375399
1.580364
1.719580
1.769653
1.969664
1.057052
0.940905
1.106088
1.600622
1.751449
1.876321
2.005782
2.105130
1.393935
1.086469
1.254098
1.661017
1.905364
1.339124
2.127787
2.465747
1.548311
1.120441
