0.001092
0.000534
0.000321
0.002229
0.004763
0.004408
0.004116
0.004336
0.002245
0.006807
0.005094
0.001070
0.001071
0.000811
0.001133
0.000134
0.000754
0.002716
0.002131
0.000977
0.005212
0.005291
0.001717
0.005626
0.003049
0.002914
0.001124
0.002872
0.007013
0.000173
0.001398
0.002309
0.001231
0.003021
0.000682
0.001471
0.000481
0.000987
0.000362
0.000997
0.000310
0.000518
0.001479
0.002343
0.000638
0.001446
0.014212
0.012540
0.023473
0.017906
0.002546
0.004119
0.006824
0.001105
0.002662
0.000827
0.000460
0.001432
0.004685
0.005494
0.010711
0.003047
0.002775
0.013925
0.019653
0.008686
0.006094
0.007616
0.015798
0.015749
0.007230
0.004568
0.001102
0.011000
0.004328
0.001796
0.006043
0.016569
0.016573
0.008383
0.005850
0.004867
0.003360
0.001836
0.007273
0.002987
0.010298
0.012883
0.021681
0.022242
0.017220
0.018679
0.010449
0.006193
0.006107
0.008393
0.006603
0.006083
0.001335
0.011956
0.008700
0.003769
0.004214
0.002558
0.003434
0.001091
0.000789
0.003965
0.002667
0.003057
0.005972
0.007410
0.007438
0.002518
0.001970
0.000272
0.000611
0.003875
0.000609
0.003797
0.002559
0.000920
0.002652
0.003438
0.004955
0.006660
0.004003
0.002076
0.004732
0.000204
0.000566
0.004434
0.001481
0.002140
0.002248
0.003644
0.002425
0.001088
0.001114
0.001293
0.000612
0.000183
0.003284
0.002713
0.001753
0.001005
0.003190
0.000548
0.000668
0.004201
0.002051
0.002605
0.004032
0.009025
0.001678
0.008133
0.002255
0.003785
0.007108
0.004114
0.002337
0.003162
0.001700
0.003627
0.001576
0.001819
0.001254
0.001306
0.001999
0.001495
0.001314
0.000186
0.001145
0.000478
0.000369
0.000314
0.000817
0.000744
0.000371
0.000279
0.001537
0.000319
0.000493
0.001937
0.000741
0.005473
0.000375
0.000250
0.000368
0.000445
0.000351
0.000358
0.001976
0.001350
0.002069
0.000794
0.000316
0.000682
0.005759
0.001510
0.002063
0.004343
0.007204
0.008687
0.000828
0.004392
0.009725
0.006983
0.010790
0.016115
0.008330
0.006184
0.008039
0.009872
0.008130
0.012409
0.021012
0.027148
0.017853
0.029341
0.036234
0.017342
0.031027
0.023774
0.029457
0.027954
0.034914
0.021907
0.035383
0.022460
0.033177
0.057859
0.040890
0.059546
0.058454
0.056974
0.053865
0.056473
0.064120
0.078627
0.063202
0.051154
0.050812
0.044226
0.060882
0.079725
0.050153
0.046605
0.045879
0.052247
0.045174
0.062548
0.040653
0.026511
0.029834
0.037752
0.049513
0.092486
0.097546
0.036848
0.070264
0.061111
0.067674
0.048762
0.060785
0.071475
0.127423
0.099742
0.048562
0.050937
0.038659
0.045771
0.035601
0.041805
0.038533
0.030540
0.023769
0.015384
0.046550
0.028322
0.049409
0.060644
0.056160
0.049412
0.035574
0.022116
0.017496
0.038860
0.024505
0.016812
0.031995
0.055069
0.067060
0.059804
0.108115
0.155975
0.147326
0.210798
0.251446
0.358090
0.316348
0.427617
0.425925
0.427479
0.521067
0.446279
0.675451
0.558101
0.559367
0.636716
0.678279
0.780994
0.849298
0.977742
0.917461
1.231633
1.326996
1.596330
1.728736
1.816378
1.914588
1.590610
1.348737
1.056864
1.020450
0.798924
0.813353
0.897206
0.873435
0.793782
0.816291
0.645512
0.600414
0.555671
0.550876
0.552006
0.561815
0.496072
0.523654
0.505313
0.506542
0.489461
0.436642
0.509244
0.535384
0.546899
0.534921
0.636194
0.720110
0.699017
0.743554
0.836389
0.657300
0.818132
0.919531
0.985317
1.189559
1.210943
1.208021
1.244921
1.319704
1.313599
1.073273
1.179567
1.178308
1.304078
1.139242
1.176950
1.021190
0.935526
0.978955
0.815773
0.805345
0.825821
0.663427
0.673427
0.582934
0.628781
0.565377
0.644735
0.677658
0.707845
0.789588
0.875475
0.889405
0.936822
0.927259
1.102251
1.133926
1.171135
1.309530
1.333905
1.525754
1.627755
1.648852
1.417524
1.218736
1.370512
1.414297
1.368411
1.456653
1.497770
1.595609
1.610741
1.844193
2.091903
2.112503
2.187154
2.281084
2.349894
2.426542
2.608073
2.818922
3.060475
3.416057
3.622670
3.555167
3.995240
4.387785
4.778003
4.890227
5.104838
5.566141
4.985327
4.832562
5.077124
4.780509
4.698247
4.611414
4.628879
4.382951
4.080534
4.000874
3.928709
3.585186
3.344364
3.509842
3.165065
2.890404
2.414613
2.453113
2.261432
2.054061
1.903984
1.982244
1.664444
1.723918
1.566134
1.536000
1.471496
1.449260
1.497854
1.373058
1.312451
1.536769
1.765424
1.826842
1.777650
1.811948
1.881541
1.809481
1.946166
1.995874
1.988776
2.097000
2.173678
2.303718
2.198190
2.281617
2.395952
2.674393
2.557946
2.666248
2.652021
2.823160
2.825007
3.031282
2.948387
3.000725
3.118775
3.206038
3.276731
3.541265
3.380646
3.207938
3.221101
3.446033
3.388040
3.378824
3.602614
3.604949
3.744438
3.551476
3.289203
3.377329
3.409627
3.272343
3.343148
3.125683
3.101799
3.114980
3.128245
2.977714
2.821304
2.708345
2.695750
2.731093
2.697258
2.796651
2.810332
2.822478
2.924427
3.059489
3.199637
3.189297
3.209877
3.304358
3.564572
3.402274
3.587740
3.818451
3.884093
4.243192
4.328764
4.130666
4.215263
4.562820
4.785929
4.492010
4.511551
4.656537
4.351122
4.350720
4.130800
4.037970
4.028993
3.835869
3.972256
3.660106
3.629781
3.586342
3.521013
3.507469
3.372661
3.472733
3.390014
3.194541
3.396088
3.488968
3.652975
3.692389
3.706028
3.803577
3.995884
4.047312
4.200637
4.274492
4.348315
4.420936
4.624180
4.470522
4.502563
4.836273
4.946407
4.950820
4.874921
5.042252
5.047091
4.896309
5.206636
5.156612
5.528085
5.484504
5.625872
5.584509
5.472265
5.906652
6.269778
5.700439
5.921765
5.578504
5.442702
5.820963
5.572740
5.650349
5.279269
5.433394
5.409843
5.535012
5.115949
4.931809
5.092170
5.149602
4.930459
4.767431
5.022531
5.046743
4.995549
4.942707
