0.014092
0.004459
0.002031
0.002711
0.003128
0.001762
0.001958
0.005386
0.002780
0.001995
0.001894
0.002387
0.002162
0.002018
0.001751
0.002136
0.003677
0.002020
0.003038
0.001918
0.002249
0.002068
0.002149
0.002054
0.001785
0.001779
0.001912
0.001946
0.002003
0.001814
0.001945
0.001984
0.001984
0.001999
0.002125
0.002449
0.002899
0.002198
0.001980
0.002607
0.002196
0.001936
0.002382
0.002126
0.001981
0.002393
0.001881
0.002027
0.002447
0.002517
0.002118
0.001994
0.002416
0.002083
0.001941
0.001802
0.001933
0.001937
0.002210
0.003703
0.002247
0.002075
0.002480
0.002448
0.002175
0.002130
0.001950
0.002357
0.002051
0.002091
0.002625
0.002739
0.002966
0.001846
0.001649
0.001748
0.001885
0.001991
0.002056
0.002132
0.002290
0.002341
0.002255
0.002132
0.002117
0.001973
0.001894
0.001832
0.001757
0.001635
0.001573
0.001683
0.001677
0.001556
0.001990
0.001637
0.001780
0.001785
0.001964
0.002056
0.002016
0.001729
0.001874
0.001969
0.001826
0.001917
0.001779
0.001898
0.002120
0.002049
0.001923
0.001999
0.002178
0.002159
0.002286
0.002155
0.002232
0.002210
0.002108
0.005993
0.002160
0.002134
0.001974
0.001704
0.002199
0.002439
0.002845
0.002417
0.002372
0.002834
0.002519
0.002307
0.002210
0.002221
0.002507
0.002150
0.002327
0.002182
0.003002
0.002766
0.002452
0.002464
0.003090
0.002996
0.002631
0.002834
0.002851
0.002638
0.002354
0.002726
0.002347
0.002442
0.002574
0.002612
0.003070
0.002618
0.003047
0.002639
0.002568
0.002583
0.002410
0.002518
0.002415
0.002576
0.002655
0.002504
0.002449
0.002542
0.002743
0.002750
0.003226
0.003694
0.002560
0.002534
0.002345
0.002331
0.002199
0.002172
0.002288
0.002739
0.002992
0.002355
0.002291
0.002387
0.002227
0.003232
0.002061
0.002086
0.002190
0.002068
0.002269
0.002410
0.002203
0.002372
0.002203
0.002312
0.002347
0.002321
0.002578
0.002663
0.002439
0.002300
0.002308
0.002427
0.002367
0.002451
0.002787
0.002503
0.002599
0.002428
0.002526
0.002809
0.003165
0.002594
0.002590
0.002551
0.002687
0.002444
0.002512
0.002501
0.002447
0.002450
0.002525
0.002911
0.003068
0.002670
0.002700
0.003000
0.002645
0.002624
0.003112
0.002589
0.002558
0.002469
0.002579
0.002841
0.002602
0.002560
0.002987
0.002479
0.002636
0.002739
0.002798
0.002853
0.002789
0.002666
0.002550
0.002413
0.002459
0.002709
0.002522
0.002635
0.003577
0.002602
0.002434
0.002397
0.002738
0.002723
0.002428
0.002490
0.005688
0.002494
0.002341
0.002585
0.002501
0.002616
0.002499
0.002339
0.002234
0.002089
0.001876
0.002224
0.002270
0.002564
0.002248
0.002232
0.002152
0.002227
0.002357
0.002708
0.003589
0.002333
0.002017
0.001965
0.002187
0.002217
0.002062
0.002171
0.001865
0.002048
0.001880
0.001892
0.001736
0.001960
0.001922
0.001830
0.002100
0.001839
0.002236
0.001931
0.001966
0.002899
0.002950
0.001903
0.001901
0.001845
0.001870
0.001787
0.001749
0.001820
0.001826
0.001779
0.001882
0.001942
0.001682
0.001874
0.001869
0.002027
0.002179
0.002250
0.002192
0.002160
0.002404
0.001816
0.001963
0.002111
0.002396
0.002332
0.002496
0.002487
0.002494
0.002315
0.002361
0.002449
0.002341
0.002312
0.002576
0.002972
0.002606
0.002709
0.002918
0.003062
0.002768
0.002720
0.002344
0.002791
0.002570
0.002774
0.002636
0.002759
0.003131
0.002567
0.002769
0.002637
0.002538
0.002561
0.003172
0.002334
0.002325
0.003314
0.002851
0.002418
0.002439
0.004014
0.002832
0.002501
0.002808
0.002125
0.002081
0.002230
0.002419
0.002563
0.002372
0.002513
0.002442
0.002555
0.002523
0.002610
0.002688
0.003283
0.002587
0.002577
0.002573
0.002539
0.002587
0.002465
0.002792
0.002802
0.003025
0.002857
0.002376
0.004615
0.002635
0.002453
0.002413
0.002174
0.002220
0.002480
0.002177
0.002243
0.002357
0.002825
0.002370
0.002758
0.002873
0.002804
0.002804
0.002556
0.002941
0.002840
0.002763
0.002602
0.002518
0.002323
0.002331
0.002565
0.002359
0.002509
0.002954
0.002512
0.002882
0.002449
0.002364
0.002537
0.002772
0.002414
0.002778
0.002944
0.002598
0.002594
0.003571
0.002937
0.002696
0.003082
0.002312
0.002981
0.002374
0.002386
0.002412
0.002300
0.002908
0.002338
0.002374
0.002494
0.002898
0.002413
0.002445
0.002205
0.002300
0.002350
0.002352
0.002355
0.002092
0.002015
0.002259
0.002514
0.002017
0.001981
0.002031
0.001946
0.002068
0.002161
0.002204
0.002403
0.002533
0.002352
0.002709
0.002749
0.002438
0.002456
0.002287
0.002372
0.002243
0.002285
0.002573
0.002480
0.002437
0.002162
0.002365
0.002650
0.002163
0.002244
0.002216
0.002134
0.002000
0.002037
0.002034
0.002099
0.002055
0.001974
0.001989
0.002473
0.002039
0.001911
0.001846
0.001965
0.001793
0.002052
0.001864
0.001769
0.001671
0.001652
0.001758
0.001731
0.001978
0.001697
0.001566
0.001765
0.001904
0.001644
0.001661
0.001669
0.001476
0.001558
0.001564
0.001797
0.001741
0.001781
0.001685
0.001676
0.001811
0.001755
0.001713
0.002027
0.001902
0.002009
0.002081
0.002040
0.002150
0.002173
0.002310
0.002584
0.002121
0.002374
0.002225
0.002127
0.002246
0.002578
0.002548
0.002360
0.002521
0.002759
0.002782
0.002512
0.002638
0.002739
0.002671
0.002804
0.002521
0.002318
0.002318
0.002471
0.002528
0.002630
0.002486
0.002631
0.002495
0.002415
0.002430
0.002486
0.002347
0.002162
0.002279
0.002395
0.002461
0.002403
0.002514
0.002262
0.002214
0.002552
0.002518
0.002736
0.002200
0.002050
0.002129
0.002240
0.002474
0.002448
0.002430
0.002408
0.002481
0.002363
0.002436
0.002537
0.002460
0.002296
0.002637
0.002718
0.002613
0.002606
0.003071
0.002805
0.002755
0.002583
0.002526
0.002812
0.002489
0.002512
0.002955
0.002650
0.003017
0.005335
0.002831
0.002926
0.002878
0.003132
0.002825
0.002450
0.002497
0.002814
0.002644
0.002733
0.002704
0.002758
0.002627
0.002578
0.002589
0.002779
0.002887
0.002709
0.002882
0.002694
0.002622
0.002696
0.002711
0.002971
0.002521
0.002583
0.002682
0.002502
0.002496
0.002647
0.002419
0.002935
0.002379
0.002483
0.002428
0.002526
0.002373
0.002202
0.002467
0.002327
0.002517
0.002508
0.002514
0.002497
0.002507
0.002426
0.002574
0.002666
0.002185
0.002278
0.002344
0.002240
0.002156
0.002116
0.002193
0.002004
0.001844
0.002046
0.001899
0.001975
0.001857
0.001735
0.001759
0.001800
0.001690
0.001767
0.001857
0.001889
0.001896
0.001694
0.001982
0.001962
0.002037
0.002005
0.002065
0.002008
0.002419
0.002173
0.002135
0.002218
0.002247
0.002385
0.002381
0.002898
0.002475
0.002290
0.002142
0.002316
0.002445
0.002327
0.002439
0.002313
0.002634
0.002630
0.002508
0.002652
0.002573
0.002676
0.002646
0.002739
0.002841
0.002858
0.002647
0.002936
0.002850
0.002451
0.002583
0.002724
0.002889
0.002726
0.002912
0.002743
0.002643
0.002695
0.002668
0.002674
0.002574
0.002691
0.002460
0.002893
0.002815
0.002861
0.002926
0.002598
0.002437
0.002397
0.002653
0.002655
0.002880
0.002564
0.002485
0.002577
0.002131
0.002244
0.002459
0.002479
0.002556
0.002412
0.002529
0.002399
0.001982
0.002395
0.002220
0.002126
0.002248
0.002260
0.002369
0.002663
0.002086
0.002200
0.001919
0.002100
0.002035
0.002056
0.002013
0.002114
0.002017
0.002226
0.002052
0.002073
0.002375
0.002015
0.001776
0.001919
0.001868
0.001859
0.001974
0.001883
0.001743
0.001803
0.001713
0.001551
0.001891
0.001541
0.001588
0.001540
0.001997
0.001863
0.001487
0.001391
0.001490
0.001508
0.001549
0.001490
0.001532
0.001959
0.001503
0.001471
0.001525
0.001722
0.001451
0.001781
0.001497
0.001609
0.001525
0.001479
0.001403
0.001497
0.001445
0.001486
0.001455
0.001896
0.001491
0.001365
0.001443
0.001465
0.001488
0.001546
0.001497
0.001591
0.001483
0.001541
0.001466
0.001443
0.001513
0.001568
0.001476
0.001795
0.001496
0.001490
0.001465
0.001551
0.001546
0.001400
0.001472
0.001421
0.001545
0.001489
0.001403
0.001533
0.001425
0.001566
0.001546
0.002111
0.001511
0.001447
0.001617
0.001579
0.001441
0.001493
0.001523
0.001786
0.001762
0.001449
0.001615
0.001375
0.001427
0.001513
0.001418
0.001540
0.001540
0.001429
0.001585
0.001456
0.001368
0.001708
0.001608
0.001510
0.001682
0.001543
0.001664
0.001623
0.002116
0.001447
0.001529
0.001512
0.001512
0.001559
0.001943
0.001504
0.001514
0.001470
0.001494
0.001729
0.001855
0.001667
0.001568
0.002196
0.001622
0.001667
0.001456
0.001317
0.001556
0.001350
0.001440
0.001760
0.001555
0.001536
0.001345
0.001497
0.001601
0.001374
0.001498
0.001532
0.001581
0.001520
0.001390
0.001610
0.001488
0.001533
0.001492
0.001384
0.001565
0.001521
0.001461
0.001404
0.001488
0.001499
0.001519
0.001607
0.001402
0.001434
0.001481
0.001645
0.001457
0.001502
0.001331
0.001643
0.001379
0.001413
0.001462
0.001564
0.001506
0.001421
0.001503
0.001488
0.001603
0.001383
0.001483
0.001488
0.001440
0.001507
0.001384
0.001442
0.001435
0.001441
0.001527
0.001553
0.001648
0.001576
0.001582
0.001520
0.001494
0.001403
0.001405
0.001746
0.001520
0.001511
0.001656
0.001652
0.001516
0.001567
0.001451
0.001513
0.001614
0.001521
0.001534
0.001403
0.001469
0.001496
0.001407
0.001499
0.001435
0.001780
0.001873
0.001336
0.001752
0.001477
0.001601
0.001411
0.001504
0.001482
0.001466
0.001502
0.001533
0.001499
0.001532
0.001643
0.001508
0.001714
0.001617
0.001485
0.001479
0.001518
0.001671
0.001438
0.001494
0.001675
0.001391
0.001452
0.001410
0.001467
0.001490
0.001449
0.001451
0.001451
0.001703
0.001674
0.001846
0.001643
0.001590
0.001620
0.001790
0.002113
0.001864
0.001728
0.002046
0.001568
0.001519
0.001510
0.001456
0.001524
0.001600
0.001460
0.001462
0.001427
0.001482
0.001525
0.001566
0.001517
0.001494
0.001519
0.001318
0.001475
0.001374
0.001518
0.001634
0.001435
0.001404
0.001535
0.001580
0.001481
0.001431
0.001469
0.001632
0.001879
0.001695
0.001627
0.002009
0.001478
0.001564
0.001580
0.001723
0.001968
0.001445
0.001508
0.001528
0.001525
0.001463
0.001502
0.001893
0.001652
0.001592
0.001494
0.001349
0.001514
0.001512
0.001446
0.001547
0.001530
0.001487
0.001603
0.001532
0.001482
0.001668
0.001481
0.001809
0.001485
0.001472
0.001492
0.001498
0.001496
0.001504
0.001635
0.001437
0.001461
0.001436
0.001678
0.001443
0.001347
0.001537
0.001434
0.001490
0.001548
0.001499
0.001452
0.001564
0.001472
0.001456
0.001527
0.001508
0.001431
0.001460
0.001419
0.001568
0.001699
0.001747
0.001520
0.001450
0.002071
0.001522
0.001459
0.001333
0.001472
0.001434
0.002136
0.001447
0.001518
0.001711
0.001525
0.001495
0.001805
0.001433
0.001450
0.001492
0.001502
0.001704
0.001418
0.001462
0.001513
0.001532
0.001479
0.001762
0.001451
0.001418
0.001658
0.001383
0.001457
0.001790
0.001402
0.001637
0.002194
0.001450
0.001494
0.001329
0.001563
0.001599
0.001523
0.001591
0.001438
0.001579
0.002073
0.001578
0.001501
0.001321
0.001470
0.001489
0.001491
0.001385
0.001498
0.001479
0.001569
0.001424
0.001554
0.001483
0.001482
0.001482
0.001407
0.001509
0.001590
0.001494
0.001490
0.001546
0.001549
0.001443
0.001465
0.001426
0.001582
0.001490
0.001566
0.001495
0.001889
0.001533
0.001571
0.002055
0.001499
0.001512
0.001552
0.001577
0.001633
0.001338
0.001824
0.001460
0.001454
0.001471
0.001541
0.001515
0.001398
0.001547
0.001483
0.001449
0.001632
0.001510
0.001672
0.001438
0.001751
0.001485
0.001548
0.001507
0.001658
0.001623
0.001415
0.001425
0.002107
0.002061
0.001401
0.001486
0.001487
0.001706
0.001590
0.001505
0.001445
0.001516
0.001546
0.001500
0.001496
0.001531
0.001684
0.001637
0.001397
0.001517
0.001454
0.001872
0.001501
0.001473
0.001568
0.001478
0.001793
0.001603
0.001690
0.001505
0.001744
0.001469
0.001540
0.001672
0.001587
0.001511
0.001498
0.001416
0.001757
0.001441
0.001402
0.001439
0.001519
0.001538
0.001595
0.001613
0.001550
0.001632
0.001573
0.001508
0.001429
0.001514
0.001557
0.001490
0.001452
0.001549
0.001416
0.001476
0.001476
0.001440
0.001723
0.001601
0.001548
0.001450
0.001423
0.001500
0.001491
0.001580
0.001476
0.001429
0.002076
0.001548
0.001463
0.001539
0.001473
0.001703
0.001469
0.001562
0.001682
0.001357
0.001631
0.001386
0.001566
0.001494
0.001444
0.001428
0.001529
0.001530
0.001402
0.001436
0.001459
0.001523
0.001270
0.001414
0.001301
0.001429
0.001371
0.001414
0.001364
0.001315
0.001492
0.001422
0.001386
0.001365
0.001417
0.001354
0.001399
0.001480
0.001412
0.001385
0.001308
0.001309
0.001382
0.001395
0.001344
0.001427
0.001416
0.001486
0.001488
0.001520
0.001431
0.001804
0.001296
0.001550
0.001437
0.001510
0.001416
0.001506
0.001472
0.001565
0.001543
0.001374
0.001544
0.001546
0.001586
0.001629
0.001537
0.001753
0.001686
0.001601
0.001435
0.001563
0.002105
0.001682
0.002265
0.001809
0.001532
0.001631
0.001460
0.001612
0.001589
0.001582
0.001879
0.001597
0.001755
0.001674
0.001551
0.001613
0.001510
0.001692
0.001677
0.001532
0.001553
0.001560
0.001912
0.001573
0.001543
0.001629
0.001600
0.001604
0.001540
0.001571
0.001558
0.001665
0.001586
0.002903
0.001578
0.001682
0.001500
0.001553
0.001492
0.001453
0.001646
0.001614
0.001498
0.001576
0.001354
0.001503
0.001911
0.001709
0.001528
0.001694
0.001537
0.001479
0.001416
0.001688
0.001724
0.001682
0.005242
0.001762
0.001538
0.001537
0.001565
0.001614
0.001952
0.001686
0.001505
0.001489
0.001697
0.001547
0.001639
0.001637
0.001516
0.001561
0.001566
0.001465
0.001532
0.001511
0.001665
0.001868
0.001624
0.002091
0.001788
0.001526
0.001435
0.001695
0.001524
0.001609
0.001456
0.001541
0.001516
0.001452
0.001485
0.001523
0.001489
0.001500
0.001542
0.001487
0.001604
0.001457
0.001609
0.001726
0.001437
0.001757
0.002145
0.001525
0.001460
0.001773
0.001793
0.001770
0.001514
0.001495
0.001429
0.001918
0.001615
0.001633
0.001574
0.001393
0.001443
0.001753
0.001789
0.001783
0.001473
0.001582
0.001684
0.001608
0.001467
0.001429
0.001550
0.001523
0.001388
0.001454
0.001514
0.001535
0.001370
0.001441
0.001512
0.001607
0.001491
0.001507
0.001457
0.001507
0.001478
0.001438
0.001406
0.001539
0.001529
0.001691
0.001634
0.001607
0.001568
0.001497
0.001486
0.001538
0.001470
0.001549
0.001466
0.001450
0.001538
0.001788
0.001646
0.001612
0.001496
0.001503
0.001550
0.001523
0.001636
0.001649
0.001565
0.001514
0.001773
0.001582
0.001602
0.001623
0.001641
0.001519
0.001647
0.001564
0.001479
0.001617
0.001499
0.001445
0.001678
0.001806
0.001589
0.001557
0.001632
0.001495
0.001733
0.001847
0.001682
0.001514
0.001752
0.001519
0.001552
0.001768
0.001599
0.001514
0.001633
0.001511
0.001603
0.001576
0.001726
0.001360
0.001528
0.001372
0.001726
0.001506
0.001496
0.001540
0.001505
0.001504
0.001788
0.001455
0.001549
0.001514
0.001834
0.001580
0.001494
0.001557
0.001630
0.001626
0.001742
0.001560
0.001643
0.001746
0.001672
0.001565
0.001548
0.001588
0.001605
0.001504
0.001707
0.001645
0.001588
0.001699
0.001591
0.001628
0.001494
0.001628
0.001405
0.001379
0.001466
0.001396
0.001539
0.001582
0.001599
0.001595
0.003076
0.001754
0.001572
0.001555
0.001557
0.001856
0.001402
0.001395
0.001344
0.001571
0.001539
0.001503
0.002283
0.001616
0.001676
0.002156
0.001804
0.001494
0.001594
0.001410
0.001469
0.001554
0.001673
0.001543
0.001582
0.001608
0.001522
0.001477
0.001580
0.001403
0.001788
0.001548
0.001526
0.001588
0.001557
0.001480
0.001494
0.001532
0.001455
0.001398
0.001482
0.001427
0.001352
0.001689
0.001525
0.001567
0.001457
0.001473
0.001549
0.001857
0.001668
0.001497
0.001512
0.001473
0.001482
0.001394
0.001492
0.001649
0.001723
0.001478
0.001806
0.001556
0.001512
0.002069
0.001531
0.001953
0.001582
0.001793
0.001617
0.001447
0.001540
0.001474
0.001528
0.001503
0.001561
0.001522
0.001570
0.001765
0.001732
0.001594
0.001774
0.001809
0.001728
0.001563
0.001521
0.001508
0.001564
0.001545
0.001566
0.001472
0.001583
0.001641
0.001515
0.001479
0.001500
0.001714
0.001487
0.001520
0.001365
0.001479
0.001512
0.001581
0.001697
0.001519
0.001537
0.001657
0.001340
0.001508
0.001469
0.001487
0.001470
0.001338
0.001567
0.001447
0.001541
0.001431
0.001462
0.001528
0.001586
0.001384
0.001437
0.001858
0.001518
0.001420
0.001468
0.001755
0.001543
0.001412
0.001527
0.001449
0.001710
0.001491
0.001406
0.001396
0.001520
0.001532
0.001445
0.001471
0.001403
0.001349
0.001561
0.001379
0.001513
0.001973
0.001474
0.001686
0.001563
0.001477
0.001582
0.001570
0.001551
0.001473
0.001481
0.001554
0.001478
0.001405
0.001489
0.001529
0.001675
0.001544
0.002435
0.001375
0.001517
0.001513
0.001552
0.001486
0.001524
0.001442
0.001489
0.001454
0.001525
0.002472
0.001437
0.001523
0.001492
0.001490
0.001504
0.001613
0.001419
0.001519
0.001571
0.001460
0.001678
0.001509
0.001480
0.001425
0.001470
0.001678
0.001501
0.001509
0.001453
0.001500
0.001465
0.001529
0.001486
0.001431
0.001543
0.001578
0.001389
0.001421
0.001510
0.001788
0.001660
0.001528
0.001652
0.001533
0.001426
0.001526
0.001466
0.001615
0.002086
0.001774
0.001477
0.001544
0.001450
0.001414
0.001425
0.001406
0.001618
0.001444
0.001448
0.001523
0.001659
0.001354
0.001485
0.001441
0.001493
0.001499
0.001481
0.001581
0.001491
0.001491
0.001328
0.001504
0.001546
0.001455
0.001543
0.001453
0.001359
0.001459
0.001349
0.001520
0.001508
0.001537
0.001484
0.001487
0.001499
0.001336
0.001393
0.001677
0.001617
0.001632
0.001475
0.001437
0.001483
0.001439
0.001461
0.001426
0.001659
0.001540
0.001503
0.001482
0.001427
0.001481
0.001466
0.001491
0.001536
0.001540
0.001459
0.001507
0.001482
0.001489
0.001383
0.001488
0.001408
0.001442
0.001443
0.001510
0.001408
0.001870
0.001759
0.001403
0.001571
0.001385
0.001382
0.001647
0.001700
0.001480
0.001513
0.001449
0.001493
0.001579
0.001427
0.001443
0.001343
0.001552
0.001481
0.001474
0.002360
0.001335
0.001740
0.001472
0.001411
0.001750
0.001527
0.001744
0.001569
0.001562
0.001626
0.001388
0.001771
0.001482
0.001476
0.001678
0.001519
0.001518
0.001514
0.001484
0.001794
0.001473
0.001388
0.001554
0.001497
0.001471
0.001460
0.001440
0.001462
0.001560
0.002324
0.001447
0.001337
0.001356
0.001551
0.001355
0.001336
0.001401
0.001706
0.001355
0.001588
0.002030
0.001404
0.001605
0.001490
0.001463
0.001422
0.001491
0.001473
0.001521
0.001456
0.001551
0.001475
0.001551
0.001521
0.001532
0.001500
0.001474
0.001506
0.001687
0.001491
0.001475
0.001497
0.001622
0.001537
0.001564
0.001429
0.001410
0.001459
0.001499
0.001421
0.001352
0.001450
0.001461
0.001428
0.001520
0.001356
0.001590
0.001482
0.001473
0.001365
0.001707
0.001492
0.001818
0.001620
0.001492
0.001598
0.001508
0.001550
0.001446
0.001379
0.001494
0.001357
0.001593
0.001616
0.001496
0.001732
0.001678
0.001503
0.001568
0.001563
0.001522
0.001452
0.001537
0.001610
0.001383
0.001499
0.001583
0.001478
0.001551
