0.001177
0.003702
0.002283
0.001549
0.000250
0.001556
0.002519
0.001571
0.001399
0.003004
0.005036
0.010354
0.007588
0.013838
0.020840
0.023458
0.026114
0.036185
0.037043
0.054975
0.079093
0.083083
0.073931
0.084965
0.094104
0.094233
0.065979
0.069047
0.059861
0.052515
0.058959
0.056447
0.051479
0.078550
0.081492
0.068629
0.066073
0.065410
0.068914
0.075998
0.072311
0.089696
0.090827
0.078378
0.059870
0.065858
0.059042
0.067242
0.058608
0.056630
0.051616
0.067915
0.071765
0.062347
0.058682
0.049591
0.058860
0.060577
0.077821
0.080020
0.065320
0.066443
0.064604
0.058399
0.071814
0.066125
0.087253
0.071271
0.061983
0.055819
0.070319
0.062691
0.061048
0.064408
0.087265
0.067949
0.069479
0.062634
0.063528
0.069232
0.076962
0.074254
0.084521
0.063899
0.057861
0.050851
0.054238
0.064995
0.061978
0.060146
0.078680
0.060644
0.073197
0.076638
0.058580
0.055707
0.071809
0.065648
0.061547
