0.005357
0.002746
0.005822
0.005639
0.002807
0.004402
0.003952
0.003675
0.002968
0.003692
0.004091
0.003287
0.003409
0.003461
0.002613
0.002969
0.004241
0.002824
0.002282
0.002703
0.003517
0.003470
0.003436
0.002606
0.003300
0.003428
0.003746
0.003247
0.002350
0.003677
0.003771
0.003787
0.003422
0.003803
0.002844
0.003438
0.003553
0.003296
0.004010
0.003038
0.002859
0.002700
0.003918
0.002697
0.002136
0.002825
0.004025
0.002681
0.002744
0.003672
0.002825
0.004491
0.002808
0.004177
0.002817
0.002795
0.004396
0.002814
0.003125
0.002723
0.004902
0.004531
0.002833
0.002936
0.004425
0.004301
0.004313
0.002371
0.002687
0.004422
0.002523
0.002676
0.004623
0.002261
0.002418
0.002827
0.002687
0.002810
0.004361
0.004618
0.002801
0.003011
0.004398
0.004984
0.004757
0.004541
0.005037
0.004771
0.002115
0.005162
0.004782
0.004635
0.003125
0.004869
0.004852
0.004839
0.004661
0.004912
0.004764
0.004827
0.003484
0.005028
0.005457
0.005006
0.004275
0.004934
0.004337
0.005060
0.005132
0.004416
0.005557
0.005105
0.005261
0.005460
0.005278
0.004905
0.006063
0.005885
0.005369
0.006171
0.004811
0.004871
0.005428
0.007012
0.006651
0.005270
0.009124
0.005971
0.007336
0.006373
0.004578
0.006366
0.007138
0.006193
0.004713
0.006276
0.005307
0.006693
0.007983
0.007595
0.006544
0.005692
0.005824
0.006616
0.006735
0.005075
0.005691
0.008909
0.006094
0.006309
0.007268
0.005601
0.005887
0.005690
0.006217
0.007751
0.005460
0.007066
0.006792
0.005859
0.006839
0.006562
0.005914
0.022942
0.006758
0.008868
0.006683
0.008696
0.005536
0.007671
0.005928
0.007030
0.006460
0.007244
0.004831
0.005257
0.008448
0.007290
0.008912
0.005257
0.010268
0.008387
0.011115
0.009893
0.009534
0.009212
0.008170
0.009395
0.006397
0.009243
0.009887
0.008161
0.008996
0.006356
0.006675
0.006624
0.007145
0.007405
0.008148
0.008614
0.008118
0.008483
0.010274
0.011955
0.009722
0.010391
0.009381
0.009790
0.009307
0.009723
0.007637
0.009391
0.008621
0.009466
0.008737
0.009376
0.008893
0.007930
0.008213
0.007926
0.007663
0.006728
0.007008
0.007491
0.007243
0.006023
0.007342
0.006292
0.006569
0.005876
0.005137
0.004824
0.004085
0.005032
0.006267
0.005141
0.004290
0.005007
0.006473
0.005086
0.005077
0.005148
0.004299
0.004544
0.004219
0.004150
0.003947
0.003660
0.003956
0.002977
0.002897
0.003103
0.003461
0.003180
0.003436
0.003285
0.002946
0.003456
0.004009
0.003854
0.004367
0.003430
0.003522
0.004187
0.007716
0.003804
0.003568
0.003855
0.004237
0.003365
0.003282
0.004011
0.003890
0.003651
0.003659
0.003438
0.003321
0.002911
0.004660
0.002583
0.002674
0.002467
0.001841
0.001930
0.003198
0.003097
0.002083
0.003042
0.003064
0.003466
0.002875
0.003831
0.003127
0.004406
0.003514
0.003399
0.003581
0.003229
0.003522
0.003712
0.003600
0.003074
0.002923
0.004553
0.005020
0.005410
0.006103
0.007095
0.003735
0.005387
0.003570
0.003468
0.004139
0.004007
0.003876
0.003725
0.003947
0.003326
0.003826
0.004078
0.003236
0.003615
0.004245
0.003594
0.003006
0.003459
0.005816
0.003430
0.003643
0.002297
0.002697
0.003572
0.004418
0.003225
0.003048
0.003301
0.003381
0.003175
0.003072
0.003157
0.002569
0.004316
0.003628
0.003746
0.003105
0.003128
0.004675
0.003218
0.003078
0.004145
0.003119
0.003369
0.004728
0.004301
0.007267
0.003738
0.003649
0.003399
0.003220
0.004091
0.003480
0.003433
0.003587
0.004012
0.003519
0.003484
0.003086
0.003139
0.002978
0.003224
0.003933
0.003404
0.003651
0.002386
0.003015
0.003807
0.005432
0.004357
0.004429
0.003459
0.003505
0.004724
0.005083
0.003419
0.003134
0.004336
0.004018
0.003857
0.003688
0.003119
0.003080
0.003622
0.004232
0.005395
0.005200
0.004176
0.004373
0.008008
0.007833
0.003436
0.003527
0.003816
0.003842
0.003713
0.004624
0.008550
0.005693
0.005461
0.005801
0.004698
0.007062
0.006028
0.006454
0.007028
0.005407
0.006091
0.005108
0.005053
0.005686
0.005901
0.006183
0.004686
0.004945
0.005013
0.005478
0.004584
0.005534
0.005241
0.005286
0.004719
0.005274
0.008575
0.005008
0.007634
0.006806
0.005691
0.006109
0.007645
0.007746
0.005540
0.007685
0.006952
0.007730
0.007291
0.005319
0.007794
0.008908
0.008243
0.006599
0.007555
0.008507
0.008164
0.006747
0.007968
0.006810
0.005384
0.006314
0.007125
0.007251
0.006159
0.006065
0.005466
0.005240
0.004865
0.004523
0.005871
0.005611
0.005640
0.005248
0.006091
0.004492
0.005198
0.005198
0.004493
0.005508
0.004601
0.004107
0.005303
0.004332
0.004223
0.004658
0.004181
0.003937
0.004246
0.004230
0.004350
0.003260
0.003450
0.003141
0.002702
0.003092
0.004070
0.002934
0.003040
0.003674
0.004358
0.004679
0.004142
0.004222
0.004774
0.003969
0.003689
0.007635
0.008642
0.008824
0.005361
0.006479
0.009010
0.007861
0.009132
0.007129
0.008172
0.006205
0.006248
0.008401
0.007278
0.005979
0.005274
0.007209
0.005732
0.008924
0.005909
0.005702
0.005149
0.004722
0.006241
0.005350
0.005639
0.005343
0.004091
0.005823
0.004514
0.005008
0.005787
0.004636
0.004102
0.003651
0.003023
0.003410
0.002145
0.003166
0.002253
0.002640
0.002539
0.002366
0.002339
0.002768
0.003776
0.003735
0.004419
0.004729
0.004368
0.004963
0.004730
0.004392
0.004114
0.004234
0.004362
0.005374
0.004614
0.005162
0.004549
0.006513
0.006388
0.006474
0.004639
0.005734
0.007265
0.005955
0.006112
0.007522
0.005747
0.006722
0.006605
0.005877
0.006332
0.007766
0.006663
0.005873
0.006137
0.006780
0.005958
0.007985
0.005796
0.005847
0.007809
0.005322
0.004932
0.005325
0.007647
0.005425
0.004713
0.006030
0.005785
0.006125
0.004686
0.004878
0.004986
0.005125
