0.011807
0.009387
0.006803
0.006477
0.005941
0.005848
0.006020
0.006025
0.006045
0.005943
0.006169
0.006187
0.006273
0.005923
0.006054
0.006163
0.006126
0.006009
0.006282
0.006235
0.005983
0.006026
0.006044
0.006701
0.006182
0.006051
0.006082
0.006069
0.005905
0.005985
0.006044
0.006079
0.006125
0.006076
0.005982
0.024971
0.005877
0.006098
0.006001
0.006118
0.005920
0.007486
0.007207
0.007480
0.006027
0.005878
0.005969
0.007828
0.005640
0.006238
0.007757
0.006031
0.006215
0.006225
0.005999
0.005820
0.006130
0.006165
0.006072
0.005973
0.006006
0.006021
0.005961
0.006104
0.006026
0.006161
0.006062
0.006115
0.005912
0.006101
0.006644
0.006000
0.006255
0.006339
0.006091
0.006159
0.005958
0.005974
0.006169
0.006113
0.006067
0.006298
0.006038
0.006167
0.006005
0.006436
0.005935
0.005996
0.005979
0.005989
0.006013
0.006084
0.008393
0.006218
0.006321
0.006170
0.006278
0.006022
0.006298
0.006198
0.006026
0.006129
0.006096
0.006110
0.006215
0.006028
0.006210
0.006029
0.006235
0.006086
0.006046
0.006298
0.006098
0.006241
0.006122
0.005919
0.006114
0.006131
0.006279
0.006235
0.007549
0.006360
0.006096
0.006095
0.006064
0.006081
0.006103
0.006284
0.006097
0.006034
0.006490
0.006050
0.006033
0.006151
0.006070
0.006143
0.006215
0.006296
0.006151
0.006202
0.006165
0.006150
0.006099
0.006194
0.006043
0.006300
0.006140
0.006097
0.006083
0.006295
0.006201
0.007924
0.006039
0.006402
0.006232
0.006403
0.006049
0.006033
0.006134
0.006199
0.006369
0.006158
0.006239
0.040670
0.006327
0.006047
0.006041
0.007781
0.007495
0.006107
0.006274
0.005970
0.006478
0.006184
0.005746
0.006181
0.007314
0.007870
0.007518
0.006228
0.007533
0.007676
0.009074
0.007596
0.007697
0.008176
0.008831
0.007447
0.006284
0.007672
0.007483
0.006149
0.007840
0.006253
0.006109
0.006074
0.008825
0.007615
0.006303
0.008277
0.007159
0.008960
0.007041
0.008585
0.008343
0.008892
0.007717
0.007277
0.008021
0.007825
0.006046
0.007870
0.007653
0.007685
0.007698
0.007751
0.007777
0.007869
0.007880
0.007887
0.011539
0.007836
0.007485
0.007571
0.007741
0.007143
0.008110
0.007749
0.007548
0.007689
0.007604
0.010232
0.006234
0.007568
0.010284
0.007930
0.007918
0.008209
0.007761
0.019194
0.007617
0.007584
0.008217
0.008923
0.008205
0.007802
0.007686
0.007543
0.008171
0.007429
0.008064
0.007479
0.007584
0.007901
0.008003
0.007840
0.010416
0.007448
0.007806
0.007762
0.007857
0.008098
0.006256
0.007838
0.012046
0.006181
0.006181
0.006351
0.006281
0.006257
0.006187
0.006173
0.006287
0.006277
0.006306
0.006325
0.006549
0.006304
0.006307
0.008550
0.008346
0.007989
0.006097
0.007492
0.007940
0.008375
0.008520
0.006193
0.006477
0.006394
0.006532
0.006393
0.006552
0.007876
0.006171
0.006259
0.006223
0.006319
0.006222
0.007819
0.006251
0.006173
0.006237
0.007862
0.006382
0.007654
0.005848
0.011545
0.006443
0.006693
0.007448
0.006209
0.006263
0.009239
0.007645
0.007604
0.007529
0.007475
0.007472
0.007534
0.007464
0.011390
0.007738
0.008860
0.006293
0.007751
0.007619
0.006378
0.007771
0.008607
0.007585
0.006335
0.006362
0.006142
0.006396
0.007464
0.006291
0.006327
0.006372
0.006342
0.006290
0.005795
0.006217
0.006262
0.008280
0.006626
0.006331
0.006286
0.006716
0.011220
0.006189
0.006270
0.007666
0.005617
0.007607
0.006454
0.006402
0.006331
0.006664
0.007732
0.006277
0.006511
0.006214
0.006293
0.006174
0.006280
0.006159
0.006168
0.006131
0.006158
0.006296
0.006041
0.006624
0.006142
0.006170
0.006318
0.005789
0.006328
0.007288
0.006695
0.006533
0.007330
0.007663
0.006410
0.006413
0.007514
0.007427
0.007496
0.023261
0.006258
0.006273
0.006385
0.006213
0.007690
0.007222
0.007759
0.007742
0.007911
0.007218
0.006219
0.006487
0.006239
0.006273
0.006904
0.007570
0.007736
0.007584
0.007375
0.007553
0.006293
0.007788
0.007595
0.007463
0.007704
0.006559
0.006389
0.006272
0.006740
0.006303
0.006238
0.007864
0.006232
0.006359
0.006273
0.006165
0.006186
0.006478
0.006024
0.006409
0.007805
0.006192
0.007468
0.006277
0.008332
0.007997
0.006241
0.006342
0.007447
0.006338
0.006246
0.007774
0.007359
0.007692
0.008728
0.006061
0.007382
0.007443
0.007476
0.011891
0.007687
0.008154
0.007579
0.010460
0.008091
0.008507
0.006050
0.007270
0.007316
0.007573
0.007485
0.007305
0.006334
0.007093
0.006249
0.006292
0.006092
0.006335
0.006280
0.006072
0.006212
0.006103
0.006460
0.006049
0.006389
0.006012
0.006282
0.006091
0.006801
0.006217
0.006469
0.006196
0.006348
0.006385
0.006353
0.006217
0.006309
0.006405
0.005867
0.006142
0.006545
0.006417
0.007567
0.006343
0.006507
0.006215
0.007262
0.007643
0.007070
0.007258
0.007520
0.007495
0.006332
0.007610
0.007418
0.006202
0.006278
0.006643
0.007434
0.008862
0.006320
0.006498
0.006380
0.006135
0.007724
0.008693
0.008694
0.006862
0.007110
0.008802
0.007709
0.007339
0.007373
0.007440
0.007388
0.007541
0.007419
0.007997
0.006727
0.007246
0.006367
0.007347
0.007484
0.007299
0.007396
0.008559
0.007410
0.007147
0.007876
0.007501
0.006278
0.007516
0.006417
0.006444
0.006423
0.006212
0.006345
0.006278
0.007260
0.008332
0.006288
0.006217
0.006298
0.009047
0.010259
0.006555
0.006336
0.006057
0.006124
0.007477
0.006314
0.006072
0.006381
0.007386
0.008200
0.007748
0.006351
0.007665
0.007877
0.010011
0.007277
0.007690
0.006034
0.007369
0.006348
0.007533
0.006827
0.007965
0.007797
0.008213
0.007962
0.007470
0.007390
0.007423
0.007599
0.007424
0.007279
0.006381
0.006306
0.006362
0.007288
0.007719
0.006540
0.011773
0.007389
0.007449
0.006029
0.007327
0.007869
0.007707
