0.000770
0.004094
0.008696
0.021236
0.043156
0.084901
0.144610
0.178545
0.206969
0.182501
0.130765
0.078552
0.036445
0.011718
0.006003
0.017195
0.046233
0.088312
0.140705
0.180968
0.194858
0.141122
0.082175
0.040334
0.010746
0.002627
0.014055
0.037051
0.072940
0.122085
0.211590
0.289173
0.338332
0.453032
0.497957
0.519964
0.688820
0.781529
1.015513
1.237055
1.347698
1.409593
1.711226
1.970434
2.124784
2.401194
2.717621
2.822591
3.055472
3.238848
3.491890
3.549387
3.596088
3.700273
3.877768
4.233552
4.623905
4.943004
5.145792
5.612912
5.908031
6.399384
6.842474
7.422169
8.151921
8.667953
9.407981
10.289638
10.752026
11.626543
12.374244
12.474498
12.677653
12.974347
13.388177
13.767019
14.268405
14.796890
15.448425
15.859649
16.864690
17.447001
18.548960
19.678428
19.696624
20.798771
21.413818
21.813932
22.332541
23.581378
24.524118
25.368246
26.362230
26.699848
27.700041
29.432696
31.166721
32.524661
34.115762
35.811298
36.800683
36.071682
34.411593
33.553077
32.260145
30.753327
29.860220
28.167579
26.806011
25.134022
23.901963
22.604115
21.495915
20.372082
19.865161
19.439180
18.686277
17.388824
16.960385
15.659080
14.708107
13.615368
12.987618
12.307713
11.614371
11.212249
10.506572
9.613804
8.769688
8.144520
7.649840
7.105997
6.666504
6.305835
5.617025
5.229377
4.779010
4.498427
3.865169
3.434631
3.103549
2.867866
2.477047
2.358675
2.109191
1.835196
1.751016
1.498265
1.425597
1.315129
1.437853
1.680351
1.880027
2.195855
2.476687
2.786931
3.063040
3.371365
3.717825
3.948672
4.332167
4.653771
5.111426
5.188970
5.781621
6.256370
6.525502
7.006597
7.352608
7.540137
7.885426
8.574200
9.127111
9.552574
10.010127
10.945587
11.399686
12.111008
12.533584
12.934027
13.953807
15.190551
15.749052
16.518189
17.635377
18.753440
19.459782
20.143746
20.930334
21.038338
20.648650
20.264232
19.723283
18.839228
18.262520
17.695184
17.232651
16.575869
15.984054
15.331866
14.718416
13.925640
13.120790
12.385713
11.743896
11.056761
10.213090
9.654360
9.058280
8.749150
7.973808
7.528851
7.016311
6.623211
6.122598
5.671569
5.215966
4.647668
4.267923
3.797667
3.495505
3.305977
2.870536
2.473008
2.227322
2.143672
1.838705
1.616313
1.358621
1.113835
0.878471
0.782497
0.652051
0.485657
0.378574
0.257613
0.161469
0.165326
0.231953
0.326499
0.434090
0.580079
0.750944
0.906880
1.093544
1.214121
1.481549
1.653446
1.998642
2.229637
2.372778
2.684044
2.973763
3.277179
3.606386
4.024695
4.352818
4.834183
5.292507
5.827501
6.153929
6.710335
7.188353
8.032335
8.659363
9.070998
9.565390
10.219197
10.838766
11.596935
12.274273
13.444340
14.167933
14.581347
14.971403
15.504977
16.655317
17.430440
18.652929
18.849035
19.697891
20.672769
21.673417
22.024055
22.541151
23.394434
24.417634
24.869026
25.765644
27.059116
29.220958
30.531098
31.689665
32.238583
33.569189
34.421446
36.025587
36.351964
36.331122
35.422783
34.294961
32.610341
32.255961
31.113918
29.376047
27.725830
26.592647
25.489463
24.773852
23.828071
22.526745
21.787330
20.714752
19.784097
19.117758
18.421429
17.439007
16.388001
15.404343
14.192060
13.280643
12.595127
11.723307
11.255806
10.750086
10.130071
9.613595
9.059392
8.304316
7.801033
7.380517
6.718524
6.033472
5.756295
5.260925
4.834126
4.386761
3.879278
3.523185
3.151627
3.097478
3.005891
3.343529
3.798930
4.124479
4.506189
4.872197
5.174066
5.593042
5.992897
6.266373
6.685951
7.127741
7.492944
8.004695
8.550050
8.960039
9.375414
9.945715
10.554458
11.055249
11.503862
12.325916
12.594355
13.069193
13.686290
14.319180
14.731866
14.854463
13.989370
13.462273
12.863536
12.322933
11.703427
11.279178
10.664208
9.906785
9.534101
9.125850
8.367883
7.785220
7.240748
6.940842
6.369631
5.908732
5.296906
4.539675
4.256043
3.747530
3.425797
3.265589
3.103601
2.883273
2.824932
2.372297
2.093108
1.794823
1.589279
1.394661
1.215797
1.051671
0.890137
0.719801
0.574447
0.498193
0.337617
0.246817
0.199088
0.183382
0.281789
0.400473
0.536947
0.663098
0.873606
1.073971
1.305841
1.514155
1.785544
1.983383
2.200873
2.337805
2.576137
2.996062
3.334918
3.540549
3.970650
4.334217
4.623563
5.111256
5.675646
6.180071
6.919610
7.539446
8.218429
8.727434
9.215067
9.717522
10.415290
11.072762
11.617980
12.294740
12.975681
13.741229
14.328535
14.890149
15.244406
16.095339
16.657097
17.013664
18.086048
19.183098
19.819042
20.279801
20.491867
21.035973
21.397793
20.980230
21.073098
21.131615
21.134781
21.382656
21.639760
21.657771
21.001751
20.787351
21.476252
21.521958
21.216799
21.663344
22.024888
22.688655
23.211467
23.914232
24.399931
24.510544
24.890427
25.034361
25.275628
25.749627
26.222971
26.627466
27.291020
27.515260
27.890175
29.853944
30.425129
31.351970
31.966106
32.717425
32.927783
33.580552
34.799941
35.828110
37.158471
37.638423
39.126938
40.114838
40.583537
40.851733
39.883056
38.561131
37.253212
36.092674
34.580046
33.047228
31.638093
30.404187
29.429854
28.785630
27.485837
26.034776
25.299514
24.175461
23.241547
22.457891
21.761034
21.475314
20.328290
19.803849
19.227438
18.687419
16.943842
15.751662
14.915717
14.781705
14.073484
12.716328
12.477080
12.034162
11.275263
10.165604
9.452838
9.237187
9.112484
8.302504
7.726300
7.287980
6.714505
6.164587
5.588344
5.257166
4.830997
4.504106
4.053756
3.840343
3.967778
4.290936
4.807958
5.296969
5.768208
6.216069
6.606566
7.131172
7.657141
8.068621
8.597257
9.315119
10.045348
10.863102
11.383731
11.856373
12.453157
13.068160
13.908491
14.628872
15.378009
16.196968
16.587111
16.231616
15.819493
14.899437
14.018232
13.142818
12.376041
11.863929
11.237207
10.585605
9.915225
9.323166
8.703451
8.239221
7.717046
7.138789
6.571124
6.117879
5.729397
5.347517
4.859903
4.455610
4.090782
3.869052
3.547298
3.229543
2.973517
2.483051
2.145417
1.877580
1.680576
1.411436
1.235345
1.024907
0.867986
0.727772
0.623099
0.460738
0.374738
0.322334
0.297750
0.357074
0.509112
0.692188
0.884070
1.094034
1.274167
1.450586
1.655872
1.925949
2.099940
2.344896
2.673637
2.884922
3.376063
3.920117
4.305846
4.834227
5.220031
5.586781
6.072782
6.583994
6.859623
7.492722
8.163542
8.742422
9.411257
9.916312
10.676211
11.365084
12.321517
12.738624
13.335521
14.131899
15.146526
15.870807
16.648497
17.215051
17.997894
18.947703
19.589633
20.473490
21.345750
22.317193
22.944043
24.233490
25.094982
25.885786
27.248047
28.279250
29.245817
30.519368
32.044031
32.009786
31.499157
30.311970
29.175333
28.341349
27.705782
26.786074
25.754992
24.647815
23.951018
22.724759
21.825917
20.640903
19.028069
18.228911
17.530850
16.734736
16.225101
15.590254
14.498024
13.955237
12.994540
11.984869
11.316936
10.475765
10.032289
9.429230
8.528520
7.864147
7.245964
6.993745
6.400639
5.847840
5.460537
4.958226
4.411094
4.101628
3.743707
3.382442
3.034341
2.920060
2.476263
2.047594
1.817610
1.623461
1.554500
1.400727
1.564024
1.803161
2.095870
2.410834
2.656030
2.973948
3.240047
3.721327
4.050683
4.169657
4.543471
4.990294
5.563734
5.896160
6.368082
6.872917
7.676094
8.373761
8.715852
9.420284
9.969850
10.634523
11.171675
11.924146
12.553187
13.139940
14.021433
15.070771
15.596473
16.429195
17.120589
17.728972
18.433348
18.983032
20.281834
21.585936
22.543145
24.038189
26.233730
27.087403
28.509310
29.587085
30.066314
30.665674
31.277785
32.070398
32.299014
32.833245
33.688842
34.225210
34.850794
35.683239
36.516899
37.446743
38.389075
39.040561
39.945377
41.075185
41.735946
43.129892
44.049468
44.540424
45.738819
46.520111
47.167436
48.376535
49.927636
51.284762
52.160810
53.663307
55.680300
56.336565
58.016623
59.187508
59.534732
61.466646
62.877606
63.394006
64.835544
65.462624
65.695826
66.384064
67.770031
68.725200
68.660278
67.623415
66.898685
66.472386
66.682715
67.349873
68.235257
68.505577
68.519075
67.746678
66.991238
66.471774
66.556352
67.377696
68.208106
68.574595
68.503803
67.981196
67.284414
66.965865
66.881187
67.357957
68.073136
68.584737
68.699552
68.161158
67.674353
67.383483
67.431302
67.988632
68.777959
69.219073
69.073142
68.589091
67.823971
67.307821
67.576797
68.101082
69.042370
69.555056
69.331663
68.717106
68.070476
67.787176
68.039917
68.656603
69.557295
69.807547
69.872248
69.253380
68.415278
67.667589
67.817732
68.138256
68.930233
69.339593
69.163005
68.513639
67.846093
67.276019
67.547399
68.142635
69.003614
69.606432
69.455222
68.609646
67.733752
67.244441
67.611269
68.614186
69.783047
70.374704
70.246673
69.601240
68.622573
68.256733
68.309355
69.453484
70.544106
71.170427
71.071374
70.212376
69.180804
68.666854
68.766220
69.438319
70.510604
71.159664
70.991459
70.058006
69.078346
68.132145
68.279872
68.793021
69.576715
70.200868
69.992621
69.363545
68.671804
68.065832
68.210350
68.886015
69.622612
70.212031
70.232882
69.650852
68.806260
68.316080
68.392924
69.120409
70.042590
70.629275
70.502093
69.802872
68.951904
68.067444
68.240753
69.058651
70.055157
70.337401
70.134048
69.475649
68.933263
68.370879
68.444417
69.322564
70.031748
70.492674
70.215705
69.219154
68.137731
67.969264
68.011934
68.874669
70.172133
71.036268
70.919127
70.063366
69.228982
68.323116
68.404448
69.243652
70.223930
70.576266
70.319218
69.518675
68.579118
67.755366
68.094947
68.686070
69.518025
69.999638
69.911309
69.157401
68.264533
68.065027
68.139436
68.847994
69.671648
70.248397
70.294505
69.619465
68.981763
68.595189
68.883395
69.469236
70.323113
70.600644
70.418927
69.747971
68.988539
68.015977
68.228478
68.971141
69.576547
70.108937
69.988288
69.392567
68.556763
67.900792
68.053543
68.598420
69.421126
69.866175
69.798150
69.071589
68.175158
67.649847
67.746044
68.361941
69.223782
69.858951
69.674986
69.039310
68.159066
67.539666
67.729121
68.345706
69.161929
69.720717
69.591937
68.831750
67.885141
67.351441
67.407928
68.291668
69.286101
69.836414
69.588699
68.806719
67.728064
67.032522
67.235032
68.097342
69.094334
69.661685
69.451231
68.672872
67.795397
67.362903
67.392773
68.060482
68.889442
69.395194
69.283319
68.736690
68.086204
67.721345
67.892375
68.417512
68.929289
69.277503
69.368118
68.900854
68.243979
67.851619
67.871883
68.414506
68.960721
69.326360
69.308178
68.767600
68.226826
67.893188
68.012289
68.566177
69.290354
69.809090
69.714312
69.093692
68.219680
67.700186
67.619701
68.267112
69.061530
69.553011
69.576698
69.111814
68.148665
67.636330
67.596911
68.309655
69.207517
69.627415
69.471464
68.714514
67.937768
67.558570
67.640094
68.084573
68.780811
69.148020
69.121117
68.478766
67.807888
67.354281
67.423151
67.964907
68.738982
69.345854
69.118603
68.441730
67.768349
67.303481
67.400874
68.158609
69.066512
69.607107
69.469011
68.762679
67.984229
67.555437
67.664578
68.342558
69.231798
69.808780
69.656928
68.940693
67.988778
67.245317
67.383021
68.275808
69.289159
69.745231
69.616759
68.850169
67.941169
67.301384
67.285220
68.106460
69.146347
69.796161
69.535419
68.764206
67.881609
67.364841
67.474500
68.197360
69.046904
69.531528
69.347772
68.579304
67.838851
67.523210
67.701486
67.999004
68.620489
68.916947
68.718806
68.373656
67.840429
67.326026
67.307053
67.797433
68.495778
69.125602
68.863434
68.203696
67.384053
67.058847
67.292027
67.994853
68.828912
69.398410
69.203801
68.481202
67.581562
66.830625
66.869269
67.602360
68.690696
69.006066
68.927071
68.403227
67.534644
67.047929
67.143108
67.928357
68.803165
69.335041
69.167719
68.383404
67.518917
67.309141
67.145700
67.863875
68.706248
69.384573
69.327479
68.775155
67.926639
67.435666
67.603426
68.160093
68.883339
69.595035
69.694638
69.099641
68.428268
67.938245
68.094363
68.503045
69.342714
69.740836
69.686971
69.087318
68.410312
67.783472
67.891250
68.387053
68.885705
69.294200
68.976135
68.495321
67.940580
67.503847
67.942939
68.383478
68.993953
69.467094
69.222976
68.743629
68.141128
67.752006
67.943423
68.377650
69.287520
69.716554
69.734627
69.152323
68.353359
68.066592
68.310327
68.921473
69.644241
70.155048
70.138033
69.610539
68.783393
68.429136
68.224700
68.403882
69.004183
69.454050
69.486570
68.954055
68.247469
67.916818
67.951374
68.717017
69.407817
69.859719
69.758321
69.142074
68.323519
67.815177
67.959796
68.588585
69.382920
69.830465
69.716660
69.036793
68.243117
67.812594
67.935960
68.546655
69.350374
69.888792
69.841580
69.177570
68.329777
67.805479
68.073826
68.826392
69.896061
70.460102
70.384450
69.558787
68.704224
68.273083
68.603230
69.335466
70.223488
70.615387
70.490597
69.784265
68.806071
68.069962
68.239723
68.916899
69.635531
70.127271
70.070676
69.503334
68.713823
68.316034
68.413976
69.037570
69.882031
70.304102
70.075577
69.512103
68.670517
68.157075
68.260669
68.965474
69.741630
70.285958
70.210390
69.578448
68.781687
68.302127
68.460180
69.039663
69.914196
70.359380
70.320824
69.653577
68.725095
68.266318
68.331289
69.037520
70.075185
70.644392
70.448082
69.668193
68.760350
68.073974
68.316579
69.015759
69.941811
70.499159
70.399643
69.601113
68.814955
68.446608
68.482830
69.110245
69.967837
70.472427
70.372324
69.740535
68.935219
68.557737
68.684719
69.269868
69.960871
70.394383
70.228396
69.691955
68.869954
68.279050
68.435539
69.143430
69.918307
70.506842
70.458437
69.657691
68.745876
68.141267
68.362725
68.985796
69.914791
70.465012
70.402423
69.574625
68.567661
67.853911
68.043984
68.911637
70.002012
70.710353
70.537036
69.555011
68.295345
67.645217
67.796066
68.750959
69.898692
70.527412
70.417434
69.554139
68.447828
67.826813
68.088718
68.951877
70.038386
70.657315
70.466407
69.721722
68.786269
68.236480
68.389339
69.190651
70.132277
70.746806
70.698120
69.852023
68.935936
68.358784
68.426719
69.102979
69.957168
70.275141
70.223672
69.731352
69.034049
68.540567
68.654873
69.486965
70.249713
70.834772
70.687539
70.006189
69.139916
68.730581
68.853627
69.353656
69.891673
70.443268
70.300559
69.727434
68.931083
68.554021
68.569824
69.284300
70.043642
70.532823
70.381979
69.733421
68.951366
68.281311
68.362244
69.019596
69.991528
70.403195
70.278794
69.513224
68.628106
68.197075
68.265938
68.838221
69.783954
70.304663
70.093541
69.362301
68.489120
68.044438
68.139490
68.888938
69.690219
70.220765
70.156259
69.412214
68.669951
68.275162
68.319031
68.983074
69.830362
70.359842
70.245754
69.413756
68.562875
68.048532
68.220467
68.969902
69.764253
70.306063
70.238744
69.469762
68.535556
67.898564
68.122798
68.803047
69.712052
70.325364
70.198388
69.415583
68.474096
68.039105
68.139461
68.781428
69.622357
70.112760
69.847393
69.115965
68.284280
67.759038
67.834106
68.467014
69.126519
69.454585
69.433957
68.918422
68.218265
67.978998
67.999271
68.748388
69.604539
70.127834
70.158058
69.731282
69.154532
68.757644
68.731205
69.306127
70.023359
70.574647
70.423431
69.989680
69.281542
69.174799
69.094436
69.600104
70.305509
70.749087
70.517367
69.891852
68.744622
68.256020
68.449708
69.364676
70.420413
70.917552
70.751895
69.916462
68.771643
68.191684
68.342846
69.099446
70.246151
70.923960
70.925526
70.053636
69.037216
68.397915
68.533264
69.332612
70.311701
70.910577
70.846425
70.004787
69.028379
68.232973
68.401501
69.279981
70.346072
71.025774
70.929142
69.986725
68.810130
68.186159
68.304515
69.147827
70.184491
70.816116
70.670673
69.865974
68.831804
68.269764
68.302775
69.071853
69.942824
70.404850
70.302935
69.658586
68.767683
68.384402
68.518161
69.166724
69.851960
70.319316
70.179346
69.641668
68.978736
68.535124
68.642179
69.159357
69.719515
70.036058
69.985495
69.451236
68.756463
68.315272
68.313995
68.835430
69.477129
69.853645
69.774905
69.250459
68.579671
68.208302
68.209398
68.765527
69.458340
69.920540
69.826413
69.145439
68.457666
68.012879
68.219594
68.738261
69.452244
69.794555
69.732265
69.103400
68.182320
67.748071
67.798452
68.626685
69.469845
69.972810
69.901120
69.114866
68.060267
67.390119
67.506694
68.069451
69.088245
69.703166
69.632496
68.855641
68.126971
67.694224
67.813706
68.523473
69.296453
69.768120
69.635117
68.817374
68.110750
67.567345
67.748231
68.248178
69.112249
69.560566
69.518393
68.867789
68.143548
67.723443
67.689939
68.177961
68.991254
69.523785
69.385803
68.799006
68.051869
67.467870
67.664013
68.329767
69.251912
69.797954
69.725176
68.857406
68.044178
67.821129
67.656923
68.273139
68.998643
69.411133
69.139870
68.434740
67.583172
67.439038
67.220494
67.897575
68.770384
69.200441
69.179196
68.437136
67.591706
66.685859
66.630504
67.280659
68.085173
68.639680
68.420861
67.828265
67.103140
66.447619
66.558997
67.085997
67.835038
68.299744
68.294027
67.670155
67.027154
66.703221
66.823579
67.439253
68.157652
68.534602
68.476221
67.879018
67.153368
66.700995
66.676356
67.359559
68.170180
68.867125
68.755374
67.965558
67.137954
66.471813
66.696228
67.535569
68.499686
69.056624
68.884615
68.228315
67.264535
66.636310
66.574999
67.346321
68.274745
68.855356
68.790674
68.033768
67.098594
66.603856
66.608783
67.413970
68.329472
68.938714
68.829818
68.225576
67.264814
66.738203
66.935614
67.613029
68.537996
69.077872
69.055271
68.283612
67.578674
67.072288
67.217048
67.996213
69.007787
69.600328
69.389383
68.623851
67.783108
67.295292
67.334417
68.102342
69.006749
69.560456
69.523521
68.805059
67.854513
67.231223
67.481427
68.377710
69.322916
69.869767
69.687191
68.946982
68.117752
67.582265
67.613104
68.368277
69.295420
69.850467
69.606718
68.913426
68.026447
67.470600
67.568894
68.370349
69.312858
69.833789
69.700018
69.022258
68.254238
67.678204
67.804479
68.467033
69.168092
69.525892
69.401446
68.860026
68.000312
67.459014
67.664558
68.364714
69.273892
69.800048
69.708898
69.013970
68.344203
67.950585
67.848632
68.344189
69.077205
69.471666
69.459014
68.835640
68.216054
67.919830
67.905544
68.404100
68.925131
69.312583
69.317445
68.877169
68.213422
67.746888
67.875753
68.353817
68.928617
69.272495
69.162077
68.690207
68.011358
67.611772
67.702052
68.305450
69.040626
69.409658
69.416717
68.837918
68.156000
67.766227
67.579233
68.188536
68.887026
69.239397
69.091985
68.569946
68.027297
67.648935
67.692878
68.210725
68.698868
68.977042
68.836665
68.594294
67.995441
67.684025
67.905895
68.251218
68.732879
69.165804
68.975761
68.344002
67.661500
67.022357
67.046500
67.595554
68.235302
68.734925
68.570926
67.972982
67.186843
66.826676
67.052502
67.727786
68.478285
68.983404
68.851478
68.289680
67.512048
67.015134
67.186761
67.775354
68.556491
68.984852
68.925170
68.240769
67.376914
66.877080
66.981516
67.685588
68.564458
69.076342
68.968721
68.388780
67.529591
67.040982
67.194383
67.829936
68.454596
68.877597
68.841282
68.241838
67.538357
67.081801
67.301363
68.004675
68.666239
69.217878
69.137776
68.477710
67.608097
67.076660
67.198535
68.111100
68.997340
69.534301
69.490000
68.758280
67.868828
67.195551
67.260712
68.020872
69.032914
69.678392
69.658884
68.954498
68.036158
67.432987
67.662309
68.485390
69.375749
69.980946
69.927017
69.092089
68.269999
67.607436
67.700505
68.498497
69.373255
70.006053
69.826879
69.160812
68.251351
67.780561
67.975153
68.666472
69.490385
69.934831
69.708278
69.026753
68.407789
67.829264
68.080744
68.803562
69.761990
70.304993
69.994949
69.239564
68.471142
68.042560
68.275844
68.954439
69.668287
70.111893
70.005421
69.374738
68.589045
68.116999
68.178338
68.718152
69.641390
70.255439
70.129017
69.484475
68.596956
68.104849
68.107519
68.999675
69.894488
70.510220
70.378283
69.616805
68.681165
68.196266
68.382315
69.004796
69.803636
70.273423
70.078897
69.467590
68.624601
68.081984
68.268746
68.885773
69.705984
70.212683
70.131261
69.450079
68.548538
68.005362
68.163810
68.845240
69.578470
70.143934
70.089273
69.451258
68.818758
68.380374
68.500714
69.151770
69.923052
70.369271
70.272143
69.650644
68.789638
68.401130
68.590206
69.084750
69.986687
70.589372
70.417862
69.660312
68.631877
68.102786
68.315897
68.788868
69.618033
70.037209
69.998886
69.386913
68.808210
68.255634
68.165642
68.551461
69.404880
69.954096
69.774532
69.066054
68.069202
67.653841
67.877103
68.387908
69.178026
69.642407
