19.802960	-3.066702	21.961044	-1.419990	17.229012	-1.662661	1.592589	1.762982	24.019469	-0.386939	17.623057	1.744258	22.057899	2.296609	15.953695	2.971138	25.754684	-2.866642	22.927595	2.577530	15.079115	2.307987	17.454930	1.726162	10.966969	-2.241051	
17.520930	-3.087808	21.680697	-1.226443	16.458676	-1.556271	2.887533	0.874758	25.769282	-0.247866	17.979723	1.643780	21.176605	2.218778	13.836110	2.957055	23.458392	-2.824841	21.514034	2.576089	14.119530	2.230433	17.853065	1.643842	9.170523	-2.034293	
19.349107	-3.161207	19.952312	-1.304841	15.115583	-1.638349	3.611220	1.564712	23.714065	-0.197982	19.483332	1.812961	23.322407	2.283929	16.027843	2.922014	24.817452	-2.797583	23.685397	2.538099	16.401767	2.324414	19.421831	1.722789	9.087013	-2.245096	
21.290844	-3.103170	18.419113	-1.339710	14.133276	-1.621018	5.135117	2.054054	21.483868	-0.153103	21.147532	1.902290	25.596364	2.400654	18.222271	2.943202	26.567789	-2.941799	26.061161	2.620402	18.560199	2.377672	21.065033	1.880576	9.833701	-2.428826	
23.654829	-3.080742	17.348074	-1.422534	13.954799	-1.749249	7.099004	2.329882	18.961918	-0.086894	22.637136	2.114404	27.762187	2.466488	20.703931	2.964943	28.741219	-2.866064	28.407625	2.713362	20.755286	2.506663	22.409226	2.060731	11.535952	-2.535782	
26.283575	-2.967964	17.643225	-1.456008	15.115416	-1.850217	8.878628	2.687427	16.488802	-0.061408	23.670058	2.239023	29.571899	2.588395	23.147453	3.176071	22.592307	2.646902	23.399408	2.211771	13.869970	-2.611950	
28.348078	-2.928518	19.225968	-1.629032	17.273855	-1.927885	10.089975	2.877664	14.759141	-0.103881	23.637179	2.411401	24.975551	-3.147984	28.687442	1.276330	23.620006	2.823620	23.358219	2.414103	16.262817	-2.518507	
29.030072	-2.922096	20.836772	-1.575321	18.832737	-1.865702	10.137260	3.104807	14.761098	-0.177553	22.655818	2.473106	25.357340	-2.966410	26.987067	1.278438	23.381847	2.902437	22.468529	2.449134	17.479810	-2.411244	28.499678	1.548869	
29.698672	-2.740057	22.383981	-1.537093	20.449463	-1.802434	10.479871	-3.009218	14.967938	-0.248918	21.864183	2.474850	29.783934	2.876461	25.856135	-2.966352	25.425472	1.309007	29.731284	0.743511	23.092138	2.942598	21.613917	2.516605	18.744944	-2.315481	26.827376	1.582669	
24.214070	-1.488386	22.612564	-1.823042	12.467833	-2.765809	14.175642	-0.277753	22.359846	2.691609	27.870917	-2.824070	23.309151	1.398237	27.319925	0.746084	24.452996	3.143044	22.007494	2.712198	21.129794	-2.272516	25.070764	1.660708	
26.115164	-1.539429	24.896643	-1.817528	14.572987	-2.632567	13.628243	-0.437246	23.098416	2.861067	29.912813	-2.686686	21.250389	1.518169	24.954263	0.899288	26.051344	-2.999713	22.709384	2.942741	23.588260	-2.218856	23.484210	1.810531	
28.175858	-1.543280	27.125123	-1.778569	16.764448	-2.472073	13.551963	-0.620672	24.046116	3.004745	29.564962	2.430137	19.218927	1.695504	22.528833	0.866586	27.688803	-2.974059	23.698642	3.003090	26.069454	-2.187528	21.949348	1.906210	
29.409267	-1.842243	19.126768	-2.424866	13.839007	-0.681873	25.277195	-3.024665	29.462510	2.587097	17.471249	1.812234	20.006571	0.977393	29.479132	-2.894052	24.951993	-3.118990	28.533912	-2.055604	20.714431	2.103222	
21.522243	-2.333746	14.401343	-0.898228	26.734830	-3.069746	29.589114	2.716302	15.827012	1.998311	29.673836	1.569345	17.570440	1.019098	26.403968	-2.997384	19.864515	2.270749	
23.271864	-2.323246	15.981866	-0.906083	27.486057	-2.827940	29.158390	2.803565	14.081408	2.059568	27.573256	1.631025	15.514536	0.958465	27.121302	-2.843370	18.530788	2.361492	
25.108780	-2.161667	17.551318	-1.019781	28.385999	-2.780949	28.704122	2.903657	12.375796	2.139286	25.354953	1.637220	13.746745	0.906471	27.936203	-2.797018	17.425900	2.527803	
27.041089	-2.114997	19.232439	-1.019656	29.388762	-2.680885	28.585433	3.082788	10.969962	2.403104	23.303889	1.669007	11.849964	0.892187	28.951779	-2.698034	16.514143	2.653525	
28.976995	-2.072793	21.024426	-0.997415	28.358878	-3.114795	9.681172	2.613502	21.150142	1.796231	10.267715	0.836724	29.793286	2.830374	29.881446	1.235838	15.687332	2.881071	
22.824128	-1.092977	29.229671	-3.012697	9.348220	2.958531	19.110013	1.904339	8.202406	0.714920	29.755741	2.880246	27.385776	1.224782	16.018021	3.033731	
24.508020	-1.032135	9.724556	-3.082717	17.029444	1.997861	6.358445	0.597220	29.887192	2.971035	25.091739	1.222895	16.562100	-3.083197	
26.330651	-1.066100	10.729785	-2.813482	15.376811	2.141628	4.880279	0.272719	28.738463	2.036101	22.574961	1.355063	17.687676	-2.843088	
28.375825	-1.074216	11.666335	-2.595764	13.506611	2.246424	4.760825	-0.175745	26.637496	2.175489	20.379657	1.406165	18.448700	-2.664865	
13.237786	-2.418597	11.946068	2.447932	5.621411	-0.530913	24.724090	2.176219	18.076180	1.331754	19.618423	-2.501092	
14.919456	-2.177151	10.621573	2.742497	7.155960	-0.722033	22.786368	2.291913	15.767932	1.426502	21.085934	-2.396545	
16.803358	-2.055073	9.797126	2.981967	9.125170	-0.898408	21.019101	2.465856	13.387329	1.455278	22.761160	-2.234052	
18.869687	-1.952277	9.666150	-2.991466	11.123849	-0.976477	19.418777	2.525119	11.082653	1.369313	24.599731	-2.112006	
21.128071	-1.870136	10.126499	-2.685741	13.276401	-1.062419	28.595146	2.644154	28.597139	2.659244	18.075911	2.709925	8.804810	1.323669	26.551805	-1.993712	
22.224839	-1.677255	9.956805	-2.495226	15.222733	-0.963722	26.821904	2.644428	26.904073	2.604855	16.615476	2.761467	7.673507	1.278546	27.546662	-1.923756	
23.462307	-1.658885	10.050542	-2.257767	16.876759	-0.986975	25.157675	2.643910	25.199492	2.704298	15.044820	2.871925	6.994876	1.035742	28.412750	-1.887789	
24.693801	-1.586648	10.403106	-2.079650	18.667414	-0.892663	23.548423	2.693860	29.562273	2.366639	23.583116	2.774768	13.660473	2.982723	6.633697	0.822788	29.368036	-1.814153	
25.910161	-1.468562	10.988734	-1.939587	20.412845	-0.910993	21.837288	2.743365	27.764757	2.344146	22.005056	2.746065	12.265915	3.176326	6.840469	0.613043	
27.279453	-1.457993	11.970647	-1.737932	22.186394	-0.841660	20.249150	2.849034	25.971278	2.424563	20.356511	2.771808	11.105298	-3.019908	7.462209	0.277294	
28.705346	-1.344442	12.953413	-1.595948	23.978298	-0.825535	18.673904	2.969299	24.172934	2.400018	18.773090	2.952419	9.987115	-2.829155	8.404294	0.185543	
14.218623	-1.468460	25.805354	-0.786159	17.083287	2.944330	22.351369	2.459440	17.207690	2.914413	9.149098	-2.656612	9.617333	0.108222	
15.568000	-1.400539	27.626119	-0.747796	15.541786	3.068458	20.589381	2.463315	15.768947	2.973441	8.698756	-2.476485	10.914341	-0.050048	
16.997808	-1.295994	29.414237	-0.740036	14.163734	-3.126917	18.718691	2.465408	14.375905	-3.046753	8.561368	-2.176966	12.482147	-0.023581	
18.548479	-1.184530	12.873846	-3.013359	16.971601	2.596743	13.049419	-2.955242	8.818610	-1.993971	14.107592	-0.107345	
20.056387	-1.211739	11.586971	-2.999875	15.146015	2.503949	11.848883	-2.769187	9.389428	-1.785935	15.612355	-0.206179	
21.688763	-1.142371	10.459482	-2.633537	13.318750	2.559205	10.791372	-2.691358	10.219983	-1.624909	17.282168	-0.236087	
23.232527	-1.008725	9.831901	-2.531093	29.630073	2.989056	11.522554	2.687401	10.020514	-2.549757	11.386135	-1.371157	18.956439	-0.179976	
24.430996	-0.925770	9.119171	-2.409163	28.215059	2.918072	10.195004	2.651449	9.451331	-2.326843	12.145011	-1.368254	20.365506	-0.233325	
25.684270	-0.954576	8.660448	-2.182107	26.767471	2.914860	29.343985	-2.988256	8.715041	2.600570	8.846550	-2.145010	13.076515	-1.188627	21.711512	-0.165081	
26.918397	-0.880968	8.217059	-2.073480	25.548447	2.944423	28.227906	-2.891492	7.390764	2.545218	8.595213	-2.069901	13.983710	-1.120060	23.045168	-0.158964	
27.997211	-0.856508	8.231248	-1.921741	24.135274	3.004896	26.942675	-2.929229	6.032323	2.574665	8.545099	-1.957296	14.990884	-1.041549	24.487285	-0.281894	
29.269068	-0.814537	8.370898	-1.729087	29.688482	-2.086767	22.789109	2.989440	25.805268	-2.823091	4.640475	2.490612	8.677330	-1.690358	16.101532	-1.009132	25.889307	-0.187514	
9.156270	-1.506453	29.722097	-2.051095	21.131260	3.093980	24.662114	-2.776677	2.986402	2.446845	9.368879	-1.516807	17.632634	-0.929060	27.466517	-0.228820	
10.220418	-1.345970	29.759304	-1.951578	19.542521	3.087480	23.530266	-2.676980	1.381989	2.213220	10.411549	-1.262058	19.123235	-0.832092	29.216990	-0.302852	
11.276272	-1.277769	29.827814	-1.940322	17.981120	-3.164073	22.434693	-2.660653	0.928625	0.351484	29.210941	2.832713	11.602995	-1.217227	20.828578	-0.878161	
12.548085	-1.089349	29.983651	-1.894146	16.580659	-3.115153	21.495990	-2.595336	29.375670	-2.410058	2.325191	-0.095302	27.507923	2.764915	12.727519	-1.139233	22.315529	-0.765672	
14.076600	-1.028540	14.899930	-2.952970	20.567648	-2.465699	28.753060	-2.302131	4.090527	-0.307871	25.779925	2.837719	14.310243	-1.063692	24.021143	-0.729073	
15.709733	-0.843541	13.439901	-2.903616	19.957526	-2.317373	28.185332	-2.219559	5.882509	-0.315494	23.951303	2.902678	15.918375	-0.928873	25.949528	-0.657782	
17.464985	-0.760821	12.156483	-2.788898	19.343551	-2.215104	27.749656	-2.131609	7.691034	-0.357821	22.054760	2.905395	17.643221	-0.830259	27.688819	-0.561638	
19.141306	-0.770747	10.751271	-2.649841	18.936247	-2.114127	27.487803	-2.138613	9.669235	-0.260555	20.174564	3.003275	19.344333	-0.747016	29.613329	-0.563115	
20.869639	-0.675723	9.797419	-2.407394	18.851554	-1.990964	27.364429	-1.948821	11.611408	-0.338523	18.403507	3.073204	21.082236	-0.703194	
22.737750	-0.615179	9.147162	-2.214249	18.876887	-1.880346	27.482429	-1.872232	13.397838	-0.304628	16.527136	3.028533	22.918071	-0.668751	
24.591887	-0.598675	8.777478	-1.901044	19.109611	-1.713889	27.501417	-1.759290	15.368511	-0.219954	14.657825	3.186208	24.764060	-0.611973	28.792658	-2.892244	
26.127947	-0.507079	8.529892	-1.747320	19.049722	-1.545978	27.381383	-1.690345	16.801286	-0.226126	13.147694	-3.118347	26.083695	-0.542270	27.251858	-2.878978	
27.401339	-0.562814	8.614664	-1.555483	19.322933	-1.480851	27.368803	-1.624195	18.470810	-0.224954	11.552700	-3.080213	27.540919	-0.524268	25.799266	-2.861518	
28.940067	-0.462632	8.886420	-1.346883	19.532383	-1.449219	27.542829	-1.563903	19.988420	-0.152419	10.056875	-3.036792	29.050443	-0.484843	24.264082	-2.803782	
9.397426	-1.201768	20.050578	-1.375537	27.759088	-1.523940	21.579121	-0.146155	8.498996	-3.110688	22.839232	-2.767831	
10.282595	-1.018673	20.547652	-1.256058	28.059667	-1.475003	23.162077	-0.146086	6.890775	-2.897066	29.328091	-2.755465	21.393447	-2.701580	
11.066115	-0.872487	21.027267	-1.138199	28.239540	-1.381019	24.569012	-0.160562	5.554063	-2.817909	28.064287	-2.687194	20.178572	-2.673947	
11.802828	-0.887292	21.430622	-1.116471	28.493495	-1.269475	25.895385	-0.108502	4.320312	-2.736875	26.774399	-2.686884	19.037421	-2.692440	
12.722519	-0.741083	22.013844	-0.988607	28.795561	-1.256359	27.123056	-0.045719	3.017603	-2.743793	25.570610	-2.687214	17.841894	-2.625964	
13.699191	-0.573949	22.743483	-0.958524	29.192841	-1.273124	28.548593	-0.132640	1.850161	-2.392776	24.295044	-2.636961	16.575810	-2.578752	
14.792595	-0.591281	23.405466	-0.861659	29.683215	-1.040661	29.958107	-0.050012	1.163748	-1.522031	23.074244	-2.560451	15.377879	-2.509339	
15.825572	-0.515088	24.172388	-0.801365	1.754958	-0.523991	21.865902	-2.589534	14.238999	-2.467489	
17.031388	-0.415262	24.925636	-0.809270	2.897139	-0.265129	20.593489	-2.480654	13.081393	-2.355709	
18.211185	-0.360026	25.831672	-0.750167	4.180436	-0.117709	19.440573	-2.471877	12.018427	-2.346460	
19.532991	-0.317344	26.765884	-0.734072	5.547388	-0.025059	18.318858	-2.461926	10.981891	-2.195309	
20.657950	-0.301556	27.695223	-0.685857	6.863046	0.004616	17.271621	-2.325012	10.150851	-2.099314	
21.990836	-0.250001	28.743032	-0.579639	8.307620	-0.030817	16.118965	-2.202329	9.295719	-1.987370	
23.222234	-0.228353	29.770975	-0.572341	9.668579	0.044258	15.092519	-2.240156	8.658872	-1.803381	
24.416633	-0.201701	11.041926	0.098522	14.090335	-2.078995	8.181451	-1.651007	
25.742589	-0.154983	12.373295	0.126164	13.183249	-2.073834	7.952852	-1.458063	
27.027455	-0.176459	13.767855	0.150892	12.394268	-1.994974	7.875357	-1.378453	
28.279527	-0.097864	15.148027	0.124481	11.702252	-1.799259	29.953352	-1.833867	8.143711	-1.042553	
29.656558	-0.041715	16.513520	0.142206	11.086497	-1.718346	29.201033	-1.747966	8.681522	-0.955522	
17.941615	0.194735	10.698733	-1.627015	28.666971	-1.724343	9.298050	-0.790176	
19.366144	0.101339	10.390618	-1.396689	28.257713	-1.739857	10.141383	-0.657997	
20.777021	0.174954	10.297799	-1.248560	27.769733	-1.610839	10.968437	-0.521008	
22.214930	0.220175	10.526007	-1.167181	27.487535	-1.557516	12.072471	-0.411566	
23.678110	0.272401	10.839040	-0.992705	27.083182	-1.487611	13.182827	-0.402513	
25.060797	0.260749	11.247633	-0.813811	26.832241	-1.453681	14.360636	-0.269507	
26.578644	0.334970	11.904760	-0.771658	26.644257	-1.331015	15.559451	-0.287867	
24.641637	0.280521	10.579887	-0.824903	26.290690	-1.388791	13.753601	-0.232649	
22.782708	0.363539	9.449032	-1.011997	26.140699	-1.372580	11.737744	-0.226544	
20.885853	0.460353	8.628122	-1.110751	26.140144	-1.522419	9.964089	-0.271281	
19.206454	0.456890	29.531473	-0.914390	8.262222	-1.316846	26.166836	-1.535063	8.291255	-0.330417	
29.630791	0.317798	17.292094	0.592818	28.508916	-0.913287	8.217205	-1.595005	26.418811	-1.659259	6.512102	-0.524289	
27.663006	0.328357	15.493983	0.662339	27.644189	-0.978714	8.626771	-1.778735	26.796901	-1.613823	4.885508	-0.573841	
25.622597	0.313651	13.740918	0.686089	26.910375	-1.046037	9.505604	-1.929811	27.290099	-1.664247	3.853311	-0.964517	
23.584298	0.455353	28.532704	0.055349	11.906988	0.915614	26.243851	-1.025331	10.804715	-2.035951	28.071988	-1.663157	3.675648	-1.462875	
21.592160	0.298425	26.559571	0.069834	10.243332	0.959110	25.855389	-1.069213	12.253685	-2.120942	28.900961	-1.726591	4.556051	-1.981634	
19.618546	0.407836	24.709736	0.107015	28.419301	-0.223487	9.001374	1.190659	25.485431	-1.083664	13.758707	-2.192852	29.876403	-0.571150	29.785414	-1.739359	5.822569	-2.204276	
17.650625	0.459302	22.696377	-0.010247	26.645550	-0.191551	7.862432	1.385728	25.205569	-1.120945	15.397311	-2.212022	28.497265	-0.582842	7.567928	-2.341711	
15.743990	0.563942	20.649767	0.051671	24.935177	-0.307148	7.196338	1.652580	24.921195	-1.170721	17.082810	-2.306802	27.286467	-0.553014	9.322569	-2.405775	
13.722301	0.604650	18.712154	0.109094	23.248132	-0.238694	7.083625	2.044357	25.101238	-1.282369	18.829762	-2.364221	26.118038	-0.621883	11.243722	-2.448540	
11.714335	0.685557	16.843493	0.102829	21.684894	-0.332198	7.566336	2.280567	25.285985	-1.328311	20.677126	-2.349334	25.065356	-0.690094	13.195425	-2.440668	
9.797160	0.811548	14.785042	0.078199	20.136254	-0.391233	28.382617	1.024433	8.537579	2.573888	25.540345	-1.379999	22.506505	-2.327794	24.185377	-0.760518	15.152873	-2.403801	
8.077607	0.938901	13.134473	-0.030236	18.909231	-0.416879	26.688373	1.085294	9.770171	2.802957	26.091006	-1.332694	24.400960	-2.329322	23.398533	-0.809022	17.084286	-2.421677	
6.243794	1.139301	11.331683	0.026297	17.662036	-0.431289	24.929754	1.123901	11.184232	3.005148	26.849667	-1.489397	26.337579	-2.335401	22.931455	-0.858707	19.117650	-2.494512	
28.118667	0.866683	29.468205	0.068231	4.804397	1.418991	9.733023	-0.150369	16.696520	-0.536389	23.359899	1.183659	12.840699	3.115534	27.674156	-1.490441	28.304840	-2.271864	22.494831	-0.947061	28.147939	0.755318	21.023014	-2.431027	
26.172648	0.880063	27.891852	0.065980	3.667664	1.812943	8.377758	-0.283327	15.824850	-0.567627	21.823457	1.314371	14.468214	-3.035824	28.635946	-1.528091	22.454826	-0.950870	26.153064	0.865156	22.996119	-2.388278	29.713748	-0.306728	
24.229295	0.924630	26.101667	0.064795	3.703211	2.488195	7.071214	-0.418162	15.149896	-0.743165	20.338315	1.354879	16.331103	-3.042170	29.751908	-1.526847	22.336555	-1.004144	24.165578	0.916761	25.158778	-2.390619	28.486857	-0.261564	
22.229739	1.047669	24.387317	-0.052766	4.804862	2.922064	6.284423	-0.688581	14.701480	-0.854870	18.934853	1.515937	18.321015	-2.940894	22.472645	-1.116497	22.236926	0.961746	27.163651	-2.315016	27.164892	-0.375598	
20.335743	1.156575	22.699843	-0.012634	6.359755	-3.138333	6.036231	-0.933123	14.539382	-0.911351	17.762074	1.653615	20.272373	-2.876429	22.775932	-1.150523	20.343349	1.026049	29.243363	-2.419542	26.008920	-0.415947	
18.463957	1.189735	21.223075	-0.048386	8.145279	-2.873689	6.541115	-1.322340	14.630689	-0.983059	16.783871	1.767258	22.182356	-2.812826	23.161415	-1.118840	18.502504	1.180730	29.376902	0.963026	24.949520	-0.441302	
16.587257	1.227226	19.701913	-0.088248	10.052485	-2.862315	7.401934	-1.503238	14.906649	-1.118672	16.033800	2.004425	24.169387	-2.753093	23.790324	-1.188903	16.701547	1.143049	27.491820	1.077043	24.003837	-0.478237	
14.893871	1.362615	18.281966	-0.186357	11.949246	-2.730965	8.871828	-1.599668	15.570032	-1.187091	15.427442	2.080826	26.143298	-2.625096	24.652278	-1.258905	14.852536	1.314539	25.649550	1.159964	23.351237	-0.598733	
29.925007	0.406913	13.220899	1.452975	17.101858	-0.256105	13.968304	-2.615437	10.599010	-1.795068	16.525439	-1.382734	15.096999	2.261553	28.052821	-2.617694	25.651593	-1.276948	13.107292	1.472414	23.736484	1.257864	22.836742	-0.551273	
28.209590	0.317562	11.640662	1.585463	16.035688	-0.312869	15.938087	-2.536068	12.307045	-1.835378	17.673389	-1.307568	15.100671	2.423092	26.606324	-1.326693	11.546364	1.658873	29.831571	0.021387	28.622440	0.287798	21.857946	1.301793	29.631389	-0.049741	22.374763	-0.699029	
26.074198	0.388317	10.387286	1.842520	14.970782	-0.389810	18.210790	-2.485831	14.166791	-1.912749	18.700644	-1.404089	15.633696	2.578980	27.675873	-1.337939	10.321231	1.769761	28.219152	-0.047383	26.695542	0.299570	20.137505	1.386105	27.980276	0.015279	21.875301	-0.532091	
24.120057	0.343006	9.464464	2.059137	14.093548	-0.452867	20.296584	-2.441290	16.142124	-1.868534	20.134382	-1.553069	16.312634	2.757452	28.792551	-1.384480	9.201002	2.030050	26.706506	-0.052967	24.700356	0.241901	18.370372	1.432226	26.493936	-0.061272	21.736881	-0.732179	
22.232693	0.363401	29.023885	1.333954	8.993390	2.301147	13.664158	-0.565077	22.515309	-2.399628	18.057697	-1.870311	21.583141	-1.593196	17.293135	2.934894	8.712786	2.267852	25.225535	-0.086384	22.790196	0.356858	16.921810	1.583561	25.058873	-0.032671	21.767247	-0.796870	
20.351509	0.295788	27.137871	1.432035	8.929158	2.609624	13.488713	-0.669169	24.701667	-2.432548	20.046421	-1.979413	23.232568	-1.469718	18.435429	3.079107	8.668261	2.593306	24.033335	-0.078856	20.949125	0.297280	15.509170	1.717964	23.709765	-0.061202	22.044855	-0.806092	
18.575961	0.295438	25.323739	1.465343	9.499255	2.830720	13.618104	-0.799277	26.865265	-2.290265	22.194987	-1.947540	24.817431	-1.518163	19.770063	-3.058361	9.192564	2.776269	22.824158	-0.072375	19.197148	0.246321	14.252197	1.920970	22.580121	-0.042723	22.523946	-0.877981	
16.893429	0.222504	23.675778	1.621441	10.438285	3.141469	14.115504	-0.933640	28.967261	-2.312987	24.225382	-1.883769	26.702320	-1.603892	21.296181	-2.994783	10.089264	3.104347	21.795850	-0.125009	17.477540	0.254954	13.137191	2.141059	21.616992	-0.142855	23.136481	-0.929690	
15.310692	0.200556	21.922672	1.759328	29.166847	0.677452	11.744306	-3.004089	14.950875	-0.964261	26.420386	-1.910558	28.548775	-1.557631	22.879982	-2.847140	11.406038	-3.009789	21.052324	-0.231165	16.095221	0.183731	12.458593	2.336212	20.883661	-0.288508	24.026999	-0.952218	29.010317	0.699159	
13.960143	0.107600	20.303021	1.820186	27.124910	0.716646	13.257119	-2.802297	16.162080	-1.103306	28.362750	-1.818797	24.548307	-2.781883	12.884265	-2.796927	20.439349	-0.259959	14.704241	0.136859	12.181117	2.570850	20.254985	-0.327219	25.062005	-1.039762	26.920366	0.712821	
12.742269	0.005807	18.819857	1.927667	25.037901	0.711012	14.907312	-2.751670	17.315877	-1.097277	26.343243	-2.700879	14.650437	-2.745722	20.096544	-0.372076	13.507527	0.038419	12.145583	2.765977	19.846446	-0.354804	26.186911	-1.099218	24.819016	0.743745	29.897136	2.502975	29.344116	1.183774	
28.199027	1.501093	11.777384	-0.098469	17.442528	2.041873	23.092110	0.699607	16.761971	-2.576164	18.835727	-1.229979	28.130730	-2.562353	16.552796	-2.619249	19.862772	-0.500269	12.675049	-0.111152	12.571926	2.973151	19.709697	-0.454653	27.379141	-1.058464	22.798610	0.777708	29.633764	2.629898	27.086315	1.280031	
26.146180	1.621637	11.237555	-0.242951	16.285387	2.162933	21.085574	0.672043	18.601833	-2.505414	20.334345	-1.209416	30.014075	-2.528329	18.334357	-2.460667	19.946379	-0.510538	11.982119	-0.155353	13.343744	-3.095736	19.731246	-0.538397	28.737475	-1.110330	20.941378	0.692882	29.493512	2.671257	24.919695	1.238803	
29.021473	0.849628	24.194161	1.625786	11.067049	-0.453090	15.443588	2.345663	19.116341	0.668626	20.419152	-2.477485	22.094761	-1.287701	20.262757	-2.360758	20.225537	-0.520186	11.860703	-0.339639	14.472534	-2.933644	20.094777	-0.576015	19.003302	0.730877	29.579531	2.865928	22.935870	1.347566	
27.044248	0.865140	22.286634	1.717315	11.338667	-0.567477	14.675394	2.544116	17.361936	0.556833	22.484831	-2.386668	23.823922	-1.358126	22.288478	-2.312314	20.741292	-0.704614	12.033776	-0.532391	15.684888	-2.818378	20.581712	-0.523416	17.011740	0.725091	29.772589	2.918821	20.675182	1.460364	
25.006961	0.903649	20.356495	1.852266	11.967548	-0.733782	14.365824	2.738912	15.559790	0.588612	29.723473	2.320876	24.481474	-2.241928	25.761500	-1.284995	24.209338	-2.278265	21.433793	-0.737219	12.621262	-0.569678	17.128699	-2.587087	21.429754	-0.713271	15.276278	0.647581	18.565045	1.506833	28.836482	0.351126	
22.921980	0.873571	18.542794	1.955716	13.011039	-0.806894	14.350323	2.910708	13.894198	0.554407	28.860624	2.499367	26.662110	-2.165217	27.540899	-1.303502	26.375420	-2.241819	22.456538	-0.750177	13.414821	-0.692488	18.774817	-2.476423	22.342146	-0.751025	13.485677	0.539939	16.409989	1.537650	27.580161	0.348567	
20.842579	0.935648	16.856042	2.119966	14.332456	-0.923487	14.790049	3.115802	12.241376	0.521166	27.991948	2.564111	28.734942	-2.114748	29.449623	-1.330708	29.868967	-0.176540	28.594852	-2.031614	23.374851	-0.794459	14.553100	-0.853631	20.608879	-2.404745	23.435932	-0.765931	11.849027	0.500963	14.377357	1.693848	26.289896	0.332155	
18.712204	1.012836	15.409669	2.138206	15.539300	-1.020949	15.679197	-2.945497	10.579083	0.381098	27.572107	2.725480	29.508133	-0.134652	24.499066	-0.738430	15.861341	-0.967617	22.639015	-2.288536	24.437014	-0.821883	10.297602	0.361506	12.263636	1.771310	24.815986	0.317872	
16.587649	0.839606	14.220648	2.415706	17.191895	-1.011474	16.810766	-2.746586	9.354839	0.239825	27.310357	2.810094	29.348634	-0.200315	25.739754	-0.831617	17.335810	-1.052181	24.755806	-2.173173	25.692389	-0.871632	8.894900	0.207741	10.307599	1.861238	23.681357	0.292647	
28.309355	1.337894	14.446624	0.894475	13.234408	2.575985	18.854674	-1.059719	18.230361	-2.648454	8.427218	0.004771	27.275992	2.921260	29.181795	-0.240362	27.086306	-0.893858	18.995767	-1.043731	26.889434	-2.177101	27.131476	-0.910060	7.987115	-0.030754	28.009274	1.336565	8.502263	2.120491	22.729667	0.244889	
26.004685	1.316551	12.440528	0.957028	28.952301	0.290772	12.641077	2.843922	20.703795	-1.125239	19.773644	-2.443406	8.194495	-0.179044	27.376722	3.047423	29.560229	-0.250763	28.588508	-0.861217	20.781942	-1.121857	28.953471	-2.089139	28.658073	-0.995289	7.876666	-0.186376	25.737523	1.426869	6.912936	2.377862	21.944988	0.114222	
23.624231	1.427890	10.524717	0.819917	28.039835	0.197575	12.532472	3.015259	22.620879	-1.113799	21.599707	-2.445769	8.470719	-0.424026	27.816371	-3.094710	29.649267	-0.250497	22.637599	-1.020197	8.195365	-0.446967	23.437580	1.385740	5.999680	2.776754	21.286850	0.059566	
21.358841	1.428428	8.756436	0.619924	29.825746	0.778317	27.195649	0.235961	12.914131	-2.986520	24.614041	-1.125843	23.449674	-2.255367	9.346666	-0.552860	28.416055	-2.951405	24.626298	-0.992301	9.128746	-0.627299	21.129203	1.474519	5.918105	-3.062213	20.742147	0.059385	
29.360458	2.052813	19.024511	1.472749	29.621238	1.283833	7.249071	0.490076	28.044702	0.751052	26.439776	0.152542	13.678814	-2.760261	26.582751	-1.087009	25.428527	-2.154781	10.712632	-0.669538	29.211470	-2.822871	28.366738	1.543658	26.556347	-1.103001	10.368512	-0.720533	18.784013	1.505977	6.852904	-2.641633	20.609994	-0.005167	
27.446628	2.115251	16.578702	1.589414	27.313035	1.291392	6.227200	0.202567	26.310870	0.854184	25.951741	0.057688	14.879625	-2.632432	28.642960	-1.058437	27.451707	-2.071778	12.307494	-0.879308	25.906280	1.608583	28.667086	-1.030113	12.147908	-0.904420	16.376935	1.523566	8.396812	-2.341366	20.523841	-0.107667	
25.480579	2.236005	14.242535	1.604747	24.972843	1.333444	6.169498	-0.038854	24.667351	0.817660	25.768482	0.070459	16.253313	-2.321551	29.661266	-1.938243	14.188224	-0.962675	23.641504	1.684130	14.087362	-0.970609	14.060552	1.571586	10.124985	-2.164055	20.818844	-0.111348	
23.621415	2.285755	11.887910	1.653197	22.704374	1.396579	6.979586	-0.332337	23.232146	0.716305	28.759747	1.509228	25.808258	0.028429	17.735248	-2.282719	16.193773	-0.941565	21.258208	1.620005	16.016246	-0.981988	11.735102	1.713095	12.041027	-2.053119	21.551210	-0.297214	
21.703101	2.416257	9.483774	1.650222	20.453774	1.391483	8.355973	-0.610248	21.925160	0.731065	28.613549	1.834791	26.300212	1.559413	25.986927	0.033213	19.463854	-2.137673	18.212876	-0.951834	18.877640	1.802133	18.173635	-0.997126	9.331366	1.702538	14.085261	-1.915005	22.384887	-0.233318	
20.157211	2.599579	7.207331	1.795758	18.307175	1.381107	10.109270	-0.685421	20.717912	0.597256	26.407339	1.938523	24.094435	1.490230	26.382510	0.045734	21.381150	-2.006594	20.338379	-0.993466	16.581044	1.800309	20.382620	-1.048351	6.947440	1.731331	16.250141	-1.824397	23.418413	-0.372183	
29.912579	2.006284	18.525348	2.682561	4.915798	1.790867	15.978694	1.486621	11.991806	-0.742510	19.742860	0.589082	23.977330	1.974276	21.803639	1.556083	26.963250	0.010321	23.182934	-1.952681	22.473109	-0.971898	14.359827	1.869144	22.431299	-1.052855	4.714515	1.875361	28.574163	1.099413	29.635169	2.468007	18.407157	-1.684489	24.492216	-0.384837	
27.588025	2.072475	17.363544	2.855106	2.380056	1.877870	13.768249	1.406085	13.963532	-0.871413	18.797499	0.549336	21.771143	2.038159	19.417058	1.580977	27.429801	-0.094984	25.463985	-1.833777	24.683620	-0.943959	11.828506	1.915004	24.669667	-1.023976	2.395087	1.962176	26.638385	1.025453	28.008412	2.622520	20.882084	-1.539383	25.694968	-0.384665	
25.291451	2.125921	16.516728	3.086582	0.525600	-2.873229	11.420969	1.409612	16.045689	-0.903540	17.914484	0.452920	19.582619	2.232932	17.004365	1.597138	28.122552	-0.070174	27.751206	-1.761933	26.840858	-0.937395	9.493693	2.095520	26.842693	-0.959201	0.892407	-2.639127	24.695709	1.098931	26.540289	2.739342	23.257271	-1.510284	27.017763	-0.440947	
23.052632	2.323513	16.049703	-3.043756	2.563845	-1.539346	9.134032	1.414265	18.289298	-0.904372	28.522824	1.646320	17.517788	0.372587	17.348443	2.265435	14.540337	1.645622	28.994682	-0.089183	29.052443	-0.859679	7.257160	2.269879	29.042552	-0.955317	2.847261	-1.676891	22.962192	1.064849	25.332491	2.891459	25.683597	-1.441900	28.391426	-0.402772	
20.963183	2.325712	16.006185	-2.818276	4.958789	-1.336151	6.868500	1.327267	20.546954	-0.910623	26.092616	1.792971	17.065017	0.330068	15.287424	2.432188	28.281941	2.351325	12.044646	1.729118	29.866360	-0.218829	5.214030	2.463390	5.204847	-1.500948	21.121736	1.062159	24.196886	3.085588	28.157396	-1.362977	29.983925	-0.473318	
18.862590	2.516622	16.364424	-2.614604	7.455381	-1.337348	4.989802	1.061624	22.839787	-0.901734	23.532139	1.774297	17.255695	0.244593	13.226922	2.644189	26.144958	2.444738	9.659809	1.719597	3.564747	3.015631	7.730000	-1.380615	19.334824	1.084060	23.474270	-3.096366	
16.929953	2.696152	17.217938	-2.417211	9.930778	-1.227890	3.524344	0.658468	25.147102	-0.975267	21.150462	1.803750	17.590798	0.121720	11.536413	2.804634	24.158578	2.565680	7.156716	1.723116	3.438720	-2.492158	10.209840	-1.202881	17.920246	1.028113	23.077535	-3.025480	
15.259377	2.812328	18.340672	-2.254189	12.440948	-1.179269	3.524234	0.009339	27.414229	-0.881339	18.565423	1.891944	18.209061	0.072289	10.369957	3.077940	22.255954	2.620733	4.644248	1.733662	4.933735	-1.956618	12.776467	-1.261386	16.465683	0.946000	22.913659	-2.727115	
13.853094	3.108748	19.876319	-2.077956	15.016398	-1.103386	4.999182	-0.481030	29.812554	-0.763668	16.153704	2.010807	19.009291	-0.052440	9.529907	-2.862234	20.583985	2.868793	2.244412	1.633408	7.100136	-1.643855	15.319534	-1.108065	15.286009	0.816410	23.085739	-2.540734	
12.859329	-3.015674	21.539430	-1.829286	17.504916	-1.033228	7.055734	-0.613858	13.577388	1.999607	20.201405	-0.105463	9.511477	-2.572261	19.114736	3.000896	0.790510	-0.061687	9.408504	-1.428939	29.495733	2.362634	17.824462	-1.140974	14.391493	0.724199	29.484464	2.436110	23.665848	-2.514915	
28.096700	2.709031	11.718565	-2.845262	22.899774	-1.804794	19.818687	-0.991985	9.317757	-0.618233	11.361275	2.020539	21.840757	-0.013678	9.418315	-2.330584	17.366719	-3.194890	28.319790	1.668158	2.975077	-0.557477	11.437662	-1.296262	27.130711	2.484821	20.035461	-1.046984	14.641077	0.649253	27.120900	2.406507	23.716007	-2.231554	
26.012953	2.823501	11.263569	-2.510502	24.529630	-1.681853	22.211242	-0.915167	11.691210	-0.603785	9.001515	2.010912	23.595228	-0.082682	10.120063	-1.911507	16.010933	-2.902783	26.210203	1.686857	5.342418	-0.720676	13.699706	-1.117799	24.840128	2.573224	22.501499	-1.014812	14.988751	0.519793	24.754059	2.596691	24.362889	-2.095459	
23.784094	2.909871	29.050285	1.949003	11.264512	-2.316955	26.390170	-1.481892	24.703751	-0.945297	14.133455	-0.662985	6.641416	1.957790	25.428887	-0.126747	11.397400	-1.776138	14.995607	-2.816974	24.157938	1.753333	7.837733	-0.670919	16.013730	-0.953863	22.450826	2.683508	24.907035	-0.955161	15.619251	0.389804	22.350581	2.628982	25.215418	-1.984552	
21.878659	2.975351	26.579943	2.012446	12.019844	-2.059042	28.400919	-1.434465	27.248576	-0.842618	16.543864	-0.594346	4.286058	1.874098	27.254202	-0.204839	13.310899	-1.518194	14.479116	-2.498921	21.988297	1.734199	10.232128	-0.680307	18.535011	-0.976259	20.089334	2.738035	27.467946	-0.859050	16.546260	0.330713	20.101385	2.739326	26.527472	-1.880752	
20.123637	-3.072879	29.113878	-2.949680	24.280568	2.002387	13.397250	-1.770865	29.643915	-0.783985	18.987980	-0.561165	2.105887	1.448293	29.181754	-0.121580	15.339231	-1.347554	14.455069	-2.291162	19.830916	1.784775	12.777836	-0.658693	21.017154	-0.926408	17.900939	2.781545	29.992186	-0.759217	17.589210	0.267003	17.920253	2.841275	28.078056	-1.720373	
29.369167	2.488094	18.444759	-2.975167	27.863786	-2.814200	21.976246	1.965744	14.898257	-1.569260	21.414447	-0.521344	2.104304	0.208270	17.345782	-1.248862	14.832666	-2.052846	18.023441	1.706056	15.284629	-0.596997	23.491727	-0.895181	15.762192	2.982420	18.966071	0.106344	15.687398	3.009078	29.503224	-1.692834	
26.831160	2.765492	16.926410	-2.840346	26.809584	-2.631748	19.868378	2.030732	16.612845	-1.348789	23.879012	-0.528462	4.019555	-0.156504	19.597806	-1.159371	15.399222	-1.872618	16.236194	1.697387	17.621715	-0.527277	26.023069	-0.809621	13.674811	3.008184	20.692544	0.075876	13.626766	3.100891	
24.386902	2.733352	15.755519	-2.603846	25.888329	-2.473048	17.598546	1.908669	18.507687	-1.223363	26.316143	-0.466543	6.408850	-0.276435	21.789568	-1.005656	16.460681	-1.772932	14.774142	1.633326	20.079963	-0.553010	28.458944	-0.716263	11.647008	-3.062435	22.488663	0.161400	11.667668	-2.945098	
28.336577	-2.958371	21.940874	2.766267	14.920028	-2.459450	25.271847	-2.335425	15.594184	1.880422	20.574285	-1.070004	28.865146	-0.501206	8.804322	-0.428352	24.214134	-0.881805	17.875195	-1.536309	13.408439	1.476257	22.688081	-0.428633	9.984914	-2.763949	24.449504	0.090149	10.152472	-2.670074	
26.497836	-2.774569	19.525703	2.851250	14.227983	-2.203652	24.673445	-2.185526	13.799962	1.918595	22.462205	-0.980886	11.205468	-0.313139	26.364810	-0.894663	19.280864	-1.258196	12.833089	1.368802	25.114681	-0.517139	8.631356	-2.453725	26.567260	0.130215	8.658059	-2.506740	
24.762816	-2.641845	17.171986	2.906368	13.924269	-1.938225	24.374982	-2.010207	12.233667	1.801951	24.665116	-0.960131	13.671276	-0.292813	28.650392	-0.771814	20.859562	-1.171152	12.514934	1.202801	27.532322	-0.310070	7.722328	-2.094351	28.709167	0.096470	7.767580	-2.146240	
29.064635	-2.364956	23.228835	-2.579324	14.664726	3.060150	14.072882	-1.737847	24.222057	-1.858356	11.008249	1.593225	26.861235	-0.816367	16.165298	-0.264363	22.695808	-1.051122	12.690914	1.106354	7.680731	-1.779779	7.778693	-1.777686	
27.889079	-2.237563	21.582398	-2.401211	12.397188	3.133741	14.453400	-1.472782	24.156403	-1.702769	10.471739	1.547007	28.815626	-0.618309	18.524592	-0.232823	24.300773	-0.955279	13.623032	0.954537	7.971578	-1.373725	8.237825	-1.457026	
26.892430	-2.098466	20.177466	-2.315428	9.995581	-3.093765	15.223126	-1.361892	24.435167	-1.616071	10.454836	1.406986	20.931360	-0.104956	26.263497	-0.854260	14.791890	0.858906	9.066426	-1.143852	9.208678	-1.162571	
26.078830	-1.932314	18.958752	-2.039751	28.634014	-2.395565	7.786884	-2.961772	16.335156	-1.072085	24.837417	-1.361047	11.014064	1.250170	23.281540	-0.051215	28.167865	-0.696789	16.246952	0.754606	10.595891	-0.916725	10.700747	-0.880858	
24.841079	-1.802200	17.568235	-2.005229	26.748515	-2.365482	5.551037	-2.897735	17.014478	-1.002404	24.883278	-1.316223	12.325076	1.099569	25.439650	-0.003067	29.539371	-0.538731	18.048256	0.821156	11.746405	-0.665801	11.938246	-0.682022	
29.639726	-1.522491	29.691396	-2.088034	23.951258	-1.725889	16.284465	-1.768206	24.841244	-2.302288	3.314766	-2.899210	17.932465	-0.780094	24.951696	-1.170572	13.932893	0.937175	27.534506	0.000504	19.946645	0.671475	13.327846	-0.490855	13.401166	-0.477767	
29.018575	-1.422104	28.179690	-2.030806	22.973227	-1.653689	15.109215	-1.732203	23.075516	-2.209265	1.345741	-3.077704	18.698340	-0.572185	25.062765	-1.050811	15.570348	0.961959	29.323793	0.204039	21.846473	0.725836	14.529631	-0.303978	14.704424	-0.382347	
28.436625	-1.359373	26.654670	-1.922346	22.220149	-1.440484	14.199728	-1.641340	21.395794	-2.023297	0.838567	0.976067	19.748369	-0.485659	25.278028	-0.960795	17.395473	0.869272	23.822003	0.750160	16.009179	-0.244630	16.101783	-0.273603	
28.096615	-1.184822	25.282969	-1.827638	21.497854	-1.415446	13.411954	-1.391844	19.721689	-2.060590	28.651033	-2.292370	2.737308	0.701732	20.911447	-0.331824	25.756250	-0.866485	19.216907	0.901441	25.778807	0.757321	17.595757	-0.165416	17.814516	-0.060658	
27.779720	-1.159396	23.903680	-1.680540	20.963301	-1.287946	12.811851	-1.244218	18.217976	-1.952835	26.845859	-2.294506	4.723580	0.681592	22.001888	-0.333389	26.082504	-0.751962	20.967937	0.938276	27.533847	0.798562	19.085540	-0.015092	19.230601	-0.045348	
27.554325	-1.055269	22.619937	-1.587067	20.508550	-1.199620	12.473991	-1.078462	16.683934	-1.877934	25.083052	-2.178040	6.544564	0.599701	23.108367	-0.208962	26.597255	-0.638708	22.775166	0.945427	29.348094	0.815792	20.643587	0.066524	20.715195	0.011980	
27.399390	-0.930835	21.345082	-1.581126	20.176690	-1.050045	12.447527	-0.860903	15.173906	-1.728464	23.210038	-2.203104	8.371893	0.602591	24.392100	-0.129113	27.259449	-0.569761	24.576762	0.933310	22.204103	0.044043	22.308482	0.112873	
29.950775	-1.246926	27.463121	-0.804321	20.386169	-1.454493	20.079076	-0.831773	12.714500	-0.662480	13.925597	-1.646087	21.520778	-2.122803	10.289800	0.706204	25.902558	-0.065004	28.013563	-0.463770	26.424314	0.902284	23.905449	0.211609	23.992886	0.164349	
29.227088	-1.175227	27.538889	-0.737190	19.293512	-1.353937	20.243371	-0.766921	13.145989	-0.597569	12.644086	-1.569860	19.751070	-2.096445	12.250378	0.781302	27.229852	0.098378	28.847355	-0.343418	28.258319	0.893507	28.503946	-2.274807	25.536386	0.242961	25.579266	0.210584	
28.714258	-1.115431	27.792937	-0.686851	18.421250	-1.239886	20.373667	-0.677846	13.823472	-0.367115	11.582830	-1.371346	18.012243	-1.939938	13.959680	0.790148	28.551548	0.062413	29.715760	-0.283020	29.868503	-1.676691	26.586039	-2.283032	27.121187	0.288858	29.770363	-2.036849	27.313990	0.327121	
28.115119	-1.105692	27.875846	-0.606814	17.667001	-1.134437	20.396221	-0.636923	14.463078	-0.277894	10.656505	-1.244793	16.475389	-1.925097	15.685579	0.816976	29.775340	0.159288	28.622964	-1.587512	25.021260	-2.226647	28.565834	0.405442	28.257261	-2.021789	28.664560	0.352264	
27.483653	-0.962354	28.067328	-0.512760	16.948547	-1.087658	20.652592	-0.479178	15.256110	-0.173014	9.952453	-1.092761	14.865356	-1.935028	17.324666	0.829632	27.328612	-1.588709	23.325297	-2.170925	26.621828	-1.941383	
27.097337	-0.996550	28.516573	-0.446394	16.407065	-0.994217	21.115447	-0.408409	16.135790	0.023327	9.426265	-0.912522	13.341711	-1.766083	19.012658	0.791194	26.144117	-1.534716	21.683828	-2.233621	25.055946	-1.929122	
26.915882	-0.815726	28.980925	-0.327211	16.006690	-0.857150	21.707579	-0.345851	17.275050	0.090118	9.389506	-0.731086	11.890921	-1.746006	20.616029	0.804327	25.010134	-1.368874	19.914725	-2.152599	23.504385	-1.891711	
26.675994	-0.685078	29.464179	-0.312828	15.785358	-0.772250	22.340980	-0.163823	18.434192	0.186446	9.468124	-0.459682	10.415410	-1.598160	22.328759	0.874158	23.910346	-1.356868	28.340227	-2.043679	29.570616	-2.360672	18.314425	-2.185033	21.974195	-1.774940	
26.591381	-0.634100	15.922032	-0.639842	23.203859	-0.135438	19.779664	0.207362	9.991226	-0.202121	8.994372	-1.495500	24.029851	0.851747	22.944876	-1.251788	26.696685	-1.986132	27.844222	-2.352053	16.537672	-2.103786	20.369627	-1.728670	
26.752040	-0.600418	16.184674	-0.562297	24.239897	-0.041061	21.208725	0.272132	10.763680	-0.161123	7.804762	-1.325887	25.898458	0.991977	22.059447	-1.147703	25.025247	-1.983566	26.151805	-2.354929	14.765528	-2.149766	18.853888	-1.700027	
26.920489	-0.463215	16.594929	-0.322398	25.311779	0.080212	22.697666	0.385953	11.834157	0.003718	6.876763	-1.029853	27.631603	0.917525	21.281961	-1.100855	23.264933	-1.948046	24.425856	-2.281419	13.027017	-1.998370	17.456092	-1.541567	
27.369344	-0.378079	17.296993	-0.222285	26.505897	0.111249	24.200336	0.468609	12.929735	0.225050	6.192761	-0.833457	29.423395	0.948520	20.528410	-0.976937	21.561953	-1.927792	22.638904	-2.337441	29.065419	-2.340631	11.282811	-2.001133	15.977678	-1.488590	29.668279	-2.095182	
27.881995	-0.341828	18.040079	-0.050564	27.739204	0.157112	25.893451	0.523958	14.390547	0.308626	6.191066	-0.525303	20.037202	-0.889267	19.822212	-1.913998	20.782315	-2.305689	27.287397	-2.367048	9.571927	-1.929943	14.581062	-1.465035	27.795411	-1.913660	
28.553674	-0.263855	19.085069	0.076174	29.084763	0.258764	27.542845	0.540608	15.878993	0.354448	6.600843	-0.194676	19.732223	-0.702398	18.145414	-1.775634	18.991346	-2.248237	25.417016	-2.304230	7.819639	-1.757786	13.441463	-1.327226	25.951743	-2.123669	
29.268276	-0.092519	20.305329	0.112755	29.170554	0.470687	17.432131	0.467875	7.583937	0.036566	19.662711	-0.647160	16.436150	-1.663774	17.069042	-2.316759	23.551995	-2.363816	6.060112	-1.704374	12.380133	-1.194311	24.131900	-2.021001	
21.516508	0.240264	19.150852	0.510246	8.832693	0.232204	19.685924	-0.499750	14.740404	-1.545681	15.244942	-2.226209	21.708787	-2.273064	4.451709	-1.424693	11.550071	-0.994227	22.379718	-1.948921	
22.891408	0.244379	20.807507	0.629771	10.226754	0.449987	19.868860	-0.368896	13.158884	-1.546156	28.523374	-2.030634	13.457280	-2.235248	19.943263	-2.296251	3.267545	-1.159438	10.923268	-0.723991	20.481735	-1.881464	28.287544	-2.043908	
24.280259	0.362411	22.430581	0.605521	11.719613	0.528546	20.334523	-0.161214	11.592869	-1.405698	28.759385	-1.425758	26.688773	-2.011911	11.608264	-2.277644	18.050770	-2.292906	2.695208	-0.515574	10.505822	-0.548665	18.671981	-1.831245	26.424322	-2.077302	
25.665680	0.384858	24.132848	0.743978	13.208202	0.611789	20.683629	-0.148589	10.223690	-1.263594	27.302976	-1.367281	24.879709	-2.024215	9.840150	-2.220423	16.315468	-2.319491	3.342544	0.158579	10.399876	-0.356215	16.926046	-1.762672	24.551749	-2.103122	
27.152525	0.479185	25.734744	0.709786	14.991715	0.640386	21.384457	-0.048755	8.967191	-1.122575	25.909114	-1.383152	23.096723	-2.031919	8.144694	-2.314714	14.631907	-2.273247	4.574476	0.524661	10.712078	-0.189104	15.174221	-1.740141	22.872824	-1.942934	
28.585496	0.669132	27.548584	0.863715	16.538327	0.760180	22.147083	0.186321	7.931373	-0.908727	24.521995	-1.180548	21.337962	-1.937133	6.499097	-2.340967	12.924086	-2.293584	6.167992	0.721511	11.160141	-0.019728	13.400222	-1.731889	20.984172	-2.074619	
29.196100	0.894325	18.191253	0.845277	22.965013	0.113933	7.156470	-0.700427	23.130537	-1.121364	19.407972	-1.947788	29.934113	-2.469855	4.833963	-2.437650	11.188460	-2.376358	7.857117	0.886202	12.091673	0.110459	28.872450	-1.702347	11.665336	-1.621863	19.145683	-2.063896	
20.208148	0.940346	24.207502	0.298393	7.004604	-0.368861	21.868269	-1.062916	17.373558	-1.961302	28.029151	-2.383660	3.084341	-2.729505	9.337741	-2.437546	9.863523	0.918337	13.301898	0.258577	26.966776	-1.670326	9.845320	-1.586945	17.151591	-1.960465	
22.177123	0.936359	25.627745	0.326690	7.392410	-0.048079	20.796197	-0.947883	15.471239	-1.863355	26.125817	-2.339713	2.095245	2.880976	7.577469	-2.497106	11.742438	0.990816	14.769729	0.494543	25.075641	-1.668251	8.169272	-1.345281	15.204537	-1.868443	
24.030263	0.992825	26.957179	0.444309	8.329900	0.114440	19.808976	-0.856733	13.522278	-1.818938	24.349782	-2.457651	2.684706	1.958183	5.773863	-2.619071	13.709477	1.067462	16.281156	0.610985	23.244882	-1.551342	6.675686	-1.110344	13.151652	-1.811324	
26.000319	1.031492	28.468242	0.474177	9.583256	0.367802	18.978908	-0.644415	11.557829	-1.752797	22.516801	-2.421137	4.160588	1.725667	4.362176	-2.847347	15.660284	1.109929	17.873650	0.604496	21.369641	-1.560889	5.512407	-0.883272	11.238465	-1.762645	
27.963160	1.034764	11.095739	0.567267	18.432306	-0.620106	9.700573	-1.660738	20.802139	-2.437087	5.916024	1.526510	3.501563	2.992751	17.661990	1.105180	19.765801	0.814692	19.586973	-1.485883	4.944610	-0.454100	9.244141	-1.662443	
30.006887	1.095431	12.711180	0.727011	18.021958	-0.438822	7.800163	-1.534439	19.098101	-2.461983	7.803041	1.470792	3.664382	2.474039	19.609063	1.162985	21.385761	0.750902	17.937088	-1.376638	5.049087	-0.070982	7.406492	-1.624113	
14.282437	0.873922	17.785826	-0.349136	5.924307	-1.387564	17.477083	-2.460264	9.799301	1.431469	4.626378	2.091903	29.626548	-1.227083	21.506581	1.194003	23.226928	0.956200	16.119627	-1.237666	5.866070	0.383903	5.519931	-1.496221	
15.945412	0.878938	17.666967	-0.229085	4.211082	-1.282087	16.113311	-2.498703	11.582426	1.473234	6.188881	2.019767	28.137759	-1.091167	23.364063	1.247321	24.754978	0.898399	14.450859	-1.256500	6.913035	0.560202	29.512474	-2.029218	3.761972	-1.396160	
17.628721	0.978629	17.817856	-0.036484	2.648457	-0.844319	14.670165	-2.532555	13.573420	1.590691	7.903829	1.871318	26.628707	-1.104123	25.355070	1.252082	26.650242	0.947359	12.903145	-1.069792	29.245485	-1.679997	8.543197	0.755399	27.539358	-1.990930	2.158037	-0.904114	
19.448360	1.077523	18.133897	0.040964	2.186117	-0.034425	13.434798	-2.690336	15.491251	1.549321	9.696128	1.786692	25.220106	-0.916145	27.365180	1.281298	28.412228	1.076765	11.451347	-0.933212	27.231004	-1.716876	10.173710	0.891268	25.793292	-1.951468	1.795640	0.185973	
21.239600	1.110033	18.766362	0.186021	3.133736	0.701311	12.386973	-2.755992	17.389775	1.589577	11.568760	1.716632	23.909178	-0.830579	29.243445	1.327213	10.179958	-0.827901	25.236751	-1.755011	11.843944	0.996790	23.785632	-1.907070	29.980917	-3.031801	3.000530	0.825081	
23.560562	1.169019	20.325228	0.347506	5.367418	0.887238	10.644315	-2.915136	19.577507	1.577814	13.527069	1.663994	23.165668	-0.705954	29.665552	-3.032450	28.308896	-1.687320	9.628963	-0.546643	23.112686	-1.582976	14.249587	1.129299	21.370927	-1.869338	28.653972	-2.989415	29.607738	-3.046067	5.356031	1.005970	
26.112814	1.250093	22.525449	0.508024	7.828175	0.947834	8.612480	-2.972135	21.573307	1.507868	15.345347	1.605808	23.305975	-0.472809	27.636342	-2.938386	26.342721	-1.509094	10.606814	-0.260796	21.282880	-1.476199	16.773979	1.082750	19.084950	-1.832464	26.819369	-2.903625	27.657732	-2.966520	27.803803	-2.502150	7.837554	1.038691	
28.559068	1.209727	24.935310	0.588168	10.334699	1.019459	6.780042	-3.125165	23.649512	1.515130	17.264956	1.627396	23.842664	-0.336530	25.774416	-2.906823	24.468075	-1.425054	11.978993	0.109917	19.629662	-1.400573	19.176109	1.130264	16.860190	-1.648003	24.829038	-3.032933	25.842418	-2.990853	25.351926	-2.505014	10.286062	1.012622	
27.356621	0.644134	12.863903	1.063538	5.567592	2.831314	25.788764	1.511439	19.264952	1.589319	24.658210	-0.245874	24.045729	-3.067831	22.791420	-1.350050	13.753729	0.293926	18.165226	-1.147575	21.736974	1.187056	14.725669	-1.541871	23.207370	-3.053283	24.078969	-2.974448	22.885609	-2.469227	12.862751	1.069134	
29.758725	0.724071	15.469004	1.055818	5.478148	2.478687	28.017241	1.538518	21.490447	1.542532	25.646279	0.007014	22.457454	-3.087551	21.229150	-1.144095	15.660350	0.425229	16.984407	-0.911675	24.168223	1.214557	12.640354	-1.287310	21.626529	-3.037867	22.592262	-3.027630	20.429208	-2.399392	15.428473	1.119489	
18.014059	1.227313	6.407647	2.126414	23.752037	1.554634	26.836189	0.088140	21.154376	-3.020017	19.867682	-0.991731	27.822463	-2.042391	17.695122	0.570740	16.075944	-0.726382	26.693857	1.327935	10.850064	-1.129530	20.203863	-3.016443	27.959309	-1.481923	21.254668	-3.074612	18.083967	-2.389094	17.831655	1.227460	
20.489994	1.219717	8.132843	1.951463	26.215769	1.612061	27.931008	0.197443	20.150588	-3.171183	18.503620	-0.876963	25.349098	-1.907055	19.692973	0.645422	15.303781	-0.573085	29.247699	1.307705	9.232386	-0.930570	19.372033	-3.168542	25.763659	-1.384610	20.357945	-3.108904	29.523079	-1.826326	15.948019	-2.426714	20.404350	1.266725	
22.922264	1.300007	10.265559	1.803416	28.476954	1.684371	29.209249	0.363606	19.576313	3.170452	17.372853	-0.568770	23.006397	-2.014118	21.817275	0.763796	14.951490	-0.285544	8.045020	-0.631516	18.817115	3.117341	23.492431	-1.235919	19.898199	3.154576	27.039770	-1.774677	14.037699	-2.415152	22.902964	1.305205	
25.534722	1.392920	12.519392	1.806234	19.186414	2.972312	16.537163	-0.403883	20.360941	-1.869542	24.011064	0.916606	14.924844	-0.005955	7.493407	-0.303905	18.519815	2.972855	21.422110	-1.054404	19.603459	2.943423	24.551809	-1.668663	12.139533	-2.531708	25.339021	1.322457	
27.985938	1.500188	14.802494	1.791413	19.165948	2.960811	16.208195	-0.220761	18.033114	-1.836905	26.257375	1.019884	15.350681	0.118874	7.825050	0.067894	18.625570	2.921128	19.327585	-0.972560	19.679136	2.989149	22.043150	-1.632704	10.628610	-2.664918	27.873286	1.365599	
17.100387	1.829977	19.501048	2.909123	16.151511	0.008134	15.518391	-1.852540	28.633628	1.170475	16.172182	0.393862	8.810291	0.505299	19.105565	2.918287	17.428318	-0.804519	29.969152	-2.160157	19.977250	2.852576	19.561503	-1.629388	9.391434	-2.731366	
19.397843	1.872163	19.658647	2.861542	16.931406	0.178917	12.993701	-1.785847	17.710216	0.493618	10.629251	0.804337	19.315582	2.772163	15.930333	-0.726552	27.995287	-1.304024	27.462293	-2.088416	20.329238	2.799994	17.010386	-1.551410	8.335826	-3.037097	
21.866564	1.884697	20.265144	2.767375	17.745909	0.358893	10.535335	-1.803327	19.313762	0.679913	12.607955	0.934807	20.123175	2.710605	14.678380	-0.549616	25.610356	-1.276836	25.182603	-2.015653	20.994196	2.763500	14.553330	-1.431633	8.260736	3.028303	
24.219629	1.789745	21.265308	2.765579	18.993467	0.596379	8.005661	-1.709772	21.023082	0.904964	14.774307	1.137697	21.242839	2.720147	13.731052	-0.242202	23.266278	-1.083030	22.938745	-2.043765	22.025798	2.764382	12.097367	-1.321393	8.842453	2.765059	
26.693807	1.870683	22.571016	2.656345	20.479481	0.851045	5.627693	-1.835223	22.982523	1.018048	16.981688	1.225140	22.515052	2.647202	13.190231	-0.076641	20.994411	-1.084403	20.711116	-2.069750	23.270538	2.726373	9.641247	-1.209771	10.125678	2.639404	
29.198834	2.011006	23.936952	2.639459	22.065062	0.911508	3.233317	-1.900320	25.028404	1.061257	19.286304	1.349272	23.988984	2.577773	13.077642	0.182673	18.694779	-0.898405	18.670816	-2.079481	24.700187	2.589047	7.268920	-1.068046	11.689152	2.462192	
25.503538	2.586845	24.027839	1.124215	1.599059	-2.753869	27.142997	1.188731	21.598721	1.484684	25.689690	2.636990	13.644266	0.576565	16.624251	-0.771396	16.581616	-2.088956	26.252802	2.615347	4.987256	-0.790401	13.530943	2.383920	
27.058539	2.629058	26.030100	1.174758	2.721124	2.330115	29.473014	1.394467	24.212122	1.486445	27.360483	2.551974	14.661359	0.604917	14.707389	-0.650961	14.578475	-2.083464	27.815820	2.608111	3.228142	-0.274448	15.620684	2.327830	
28.838094	2.712115	28.294959	1.280393	4.957651	2.186970	26.592815	1.557905	29.135489	2.625568	15.991584	0.882855	13.030523	-0.411989	12.767138	-2.190302	29.527562	2.589689	3.059832	0.595821	17.725979	2.332071	
7.470206	2.075125	29.176487	1.762676	17.714626	1.045461	11.526394	-0.113134	11.321390	-2.288173	28.415627	-1.377977	4.644346	1.226878	19.992369	2.327160	
9.927035	2.035680	19.647266	1.252386	10.793501	0.051346	10.100707	-2.421032	29.411595	-2.274882	25.866280	-1.244328	6.947612	1.425151	22.208161	2.324385	
12.264182	2.106853	22.020305	1.349886	11.298383	0.403949	8.782355	-2.630347	27.527084	-2.290565	23.393923	-1.191843	9.502601	1.618750	24.179538	2.332657	29.017730	-2.654735	
14.292856	1.972243	24.434486	1.431750	12.662826	0.600864	7.458145	-2.801153	25.447707	-2.282844	21.361921	-1.036056	11.913877	1.696281	25.704393	2.375654	27.628900	-2.759002	
16.469200	1.985108	26.964008	1.484812	14.415241	0.863602	6.941633	-3.058678	23.482413	-2.237272	19.254690	-0.897608	14.337113	1.590822	27.492125	2.359111	26.480693	-2.760416	
18.847191	2.078154	29.379036	1.548050	16.221422	0.977813	7.352756	2.942414	21.627414	-2.230814	17.304715	-0.755687	16.824453	1.790704	29.392289	2.344264	25.647937	-2.747153	
21.113047	1.982034	18.303950	1.126213	8.333254	2.661967	19.841753	-2.272099	15.579589	-0.683564	19.279987	1.718416	24.805677	-2.815625	
23.479894	2.063994	20.512631	1.260256	9.853310	2.465511	18.125907	-2.320472	14.202425	-0.352923	21.868864	1.829025	24.130855	-2.821109	
25.752614	2.015607	22.775333	1.309219	11.649853	2.384449	16.578685	-2.429303	13.074071	-0.243692	24.243039	1.869446	23.718485	-2.832166	
28.136823	2.172449	25.113350	1.433642	13.646028	2.436533	15.398167	-2.437330	12.477290	0.028758	26.675094	1.939097	23.481923	-2.883692	
27.379266	1.609140	15.757370	2.298836	14.463584	-2.524409	12.283570	0.209069	29.078230	1.876300	23.541867	-2.968925	
29.697806	1.614999	17.819266	2.303732	13.780769	-2.694463	12.731818	0.516431	23.748156	-2.953628	
20.154516	2.341982	13.558570	-2.844022	13.503298	0.781771	29.629928	-2.489779	24.280962	-2.986284	
21.641609	2.298384	12.868540	-2.850108	15.092161	0.949896	28.322927	-2.454004	24.134386	-3.096080	
23.313833	2.217286	12.548595	-3.026970	16.739968	1.025920	27.296898	-2.521801	24.041826	-3.108008	
25.070752	2.248647	12.746813	3.166949	18.477755	1.026797	26.188153	-2.529705	24.316623	3.158105	
26.948748	2.243536	13.167219	2.944417	20.215316	1.235539	25.442442	-2.623626	24.762285	2.970073	
28.638694	2.281628	13.933724	2.911443	22.071254	1.287582	24.748309	-2.650614	25.278251	3.027295	
14.799391	2.735614	23.955606	1.347293	24.035776	-2.684635	25.988707	2.929781	
15.981871	2.665083	25.889709	1.446109	23.596763	-2.764217	26.873487	2.963039	
17.274724	2.599502	27.865478	1.528244	23.283250	-2.817408	29.116218	-2.423206	27.701155	2.841936	
18.798536	2.618177	29.901185	1.522811	23.186590	-2.885647	28.177379	-2.418831	28.872434	2.822455	
19.798068	2.573148	22.967010	-2.836344	27.197615	-2.584458	29.572361	2.830300	
20.920899	2.466834	22.859919	-2.892903	26.266781	-2.501256	
22.150848	2.424321	22.760639	-2.990299	25.310756	-2.544219	
23.556071	2.365719	22.797533	-3.056246	24.674527	-2.570954	
24.971149	2.428143	23.030281	-3.139802	23.828084	-2.610754	
26.584472	2.466634	23.353706	3.090754	23.335460	-2.624353	
28.199071	2.392447	23.991257	3.029943	22.889907	-2.700372	
29.943239	2.384326	24.793403	2.995927	22.707393	-2.800634	
25.611668	3.015341	22.466721	-2.789958	
26.859388	2.855462	22.725267	-2.839864	
28.256868	2.885092	23.118998	-2.929130	
29.834029	2.942429	23.912608	-2.946371	
24.847178	-2.978152	
26.172413	-3.090250	
27.791121	-2.960462	
27.133348	-2.999996	
26.124985	-2.950661	
25.128052	-2.834676	
24.203985	-2.933665	
23.117531	-2.913074	
29.952148	3.035194	29.518027	-2.105231	22.078428	-2.876130	
28.848245	3.070314	28.994001	-2.080762	21.142327	-2.822257	
27.848312	3.151198	28.584718	-2.046762	20.181843	-2.794959	
26.756619	3.150830	28.114083	-1.949369	19.093974	-2.796213	
25.651470	3.141668	27.725360	-2.004862	18.169684	-2.737028	
24.572519	3.097185	27.271664	-1.928875	17.193233	-2.786308	
23.394261	3.127890	26.932556	-1.838035	16.153471	-2.719024	
22.349098	3.048052	26.397996	-1.874644	15.107156	-2.682774	
21.243025	3.053545	26.018355	-1.841575	14.088603	-2.673565	
20.132494	3.152357	25.659989	-1.717695	13.036525	-2.654328	
19.036680	3.131501	25.590895	-1.714764	12.193528	-2.495701	
17.868251	3.124080	25.408693	-1.638456	11.193295	-2.486228	
29.140790	2.565051	16.751880	3.093503	25.275113	-1.545226	10.205312	-2.430150	
28.223489	2.548008	15.542834	3.184199	25.124641	-1.480135	9.367743	-2.288169	
27.262421	2.512192	14.411627	3.104054	25.133994	-1.423992	8.480611	-2.192368	29.538379	2.929040	
26.329887	2.573587	13.136019	3.097716	25.279314	-1.427852	7.730679	-2.048898	28.398360	2.915811	
25.399862	2.563380	12.072109	3.144279	25.293501	-1.430160	7.186569	-1.959573	27.338656	2.916828	
24.575109	2.469468	10.868434	3.179970	25.425339	-1.370662	6.726641	-1.767145	26.142351	2.884368	
23.711626	2.494049	29.970994	-2.011321	9.737373	3.020405	25.737208	-1.261089	6.540451	-1.564089	24.971555	2.917991	
22.862931	2.462306	29.305032	-2.042201	8.453437	3.079799	25.974118	-1.201207	6.474653	-1.385500	23.847532	2.941494	
22.142371	2.361578	28.647842	-1.913555	7.220137	3.057530	26.296345	-1.176804	6.613459	-1.234574	22.589028	2.907820	
21.312139	2.278693	28.073814	-1.908913	5.958086	2.993489	26.718740	-1.076755	7.094654	-1.081885	21.453836	2.871564	
20.491732	2.288497	27.498283	-1.867845	4.666824	3.045871	27.207392	-1.058379	7.748745	-0.863069	20.253080	2.872685	
22.367488	2.403086	27.800986	-1.928173	6.922155	2.953489	25.729975	-1.034989	6.125477	-1.039025	22.507852	3.031649	
24.170331	2.551665	28.275232	-1.928204	9.167403	3.005273	24.406412	-1.109932	4.854805	-1.384862	24.759963	2.987113	
26.276695	2.554622	28.657625	-2.029614	11.315768	3.077503	23.081809	-1.203670	4.400388	-1.719085	26.893963	3.033555	
28.232332	2.622028	29.298543	-2.022318	13.429559	3.098119	21.881576	-1.196391	4.931617	-2.150461	29.058798	3.071067	
29.951647	-2.047953	15.536260	3.150606	20.910948	-1.149285	6.136576	-2.540043	
17.570088	3.099005	19.833234	-1.259144	7.500225	-2.630063	
19.749452	-3.131512	19.077858	-1.279037	9.443148	-2.714565	
21.988205	-3.071295	18.629115	-1.450260	11.464609	-2.743456	
24.331759	-3.060378	18.131101	-1.506858	29.802425	-1.069988	13.566241	-2.844627	
26.898134	-3.009986	18.171568	-1.610726	28.619432	-0.999546	16.011228	-2.841493	
29.438205	-2.926937	18.489817	-1.613459	27.625112	-1.119166	18.584897	-2.803431	
19.467412	-1.642448	26.757789	-1.077013	21.414730	-2.678361	
20.607952	-1.755550	26.063315	-1.045292	24.321243	-2.650084	
20.950494	-1.777330	25.398872	-1.049226	25.686353	-2.672294	
21.359152	-1.898922	24.735663	-1.142025	26.928250	-2.646634	
21.765090	-1.871601	24.271546	-1.210998	28.209842	-2.591991	
22.449200	-1.936909	23.857489	-1.251296	29.636537	-2.639232	
22.952261	-1.913723	23.393787	-1.330089	
23.863830	-2.081501	23.175958	-1.403021	
24.608525	-2.042150	22.883172	-1.363789	
25.411173	-2.055993	22.754942	-1.420607	
26.516027	-2.102423	22.803744	-1.490738	
27.726581	-2.104218	22.961339	-1.494480	
28.942260	-2.244987	23.352694	-1.581141	
23.845053	-1.619680	
24.432367	-1.756285	
24.984014	-1.756126	
25.975179	-1.757367	
26.977111	-1.820412	
28.283029	-1.888828	
29.726430	-1.850682	

29.956359	-1.886850	
28.626408	-1.810740	
27.278167	-1.777969	
25.885849	-1.830112	29.280147	-1.018186	
24.557458	-1.763757	28.554259	-1.005245	
23.164385	-1.721900	27.925887	-0.816742	
21.842040	-1.707532	27.167123	-0.861778	
20.412639	-1.612222	26.664937	-0.770142	
29.780457	-2.088922	18.974918	-1.568510	25.999346	-0.730456	
28.259593	-2.195409	17.475611	-1.578993	25.305292	-0.730547	
26.689497	-2.171642	16.080095	-1.514774	24.966781	-0.602318	
25.264547	-2.185945	14.655183	-1.515196	24.706805	-0.457386	
23.599072	-2.027868	29.293832	-1.029674	13.228444	-1.421204	24.533122	-0.389803	
22.033453	-2.115469	28.303620	-0.996866	11.802861	-1.368053	24.397169	-0.363972	
20.344813	-2.143063	27.251177	-0.883178	10.319851	-1.143359	24.372291	-0.303777	
18.796669	-2.091342	26.387701	-0.718198	8.991685	-1.213797	24.348205	-0.104143	
17.065214	-2.092789	25.556652	-0.716549	7.777887	-0.910721	24.755480	-0.026373	
15.406183	-2.118538	24.857256	-0.649983	6.795492	-0.784313	25.174073	-0.029517	
13.540268	-2.183022	24.206222	-0.459006	6.164780	-0.355975	25.655587	0.087529	
11.825447	-2.219338	23.701399	-0.423691	6.039296	0.008627	26.243568	0.214670	
10.081498	-2.230458	23.248125	-0.234276	6.496825	0.202165	27.019216	0.289570	28.886859	-2.587183	
28.422476	-1.736516	8.333735	-2.366836	23.054623	-0.224948	7.577198	0.536516	28.068859	0.432855	27.488209	-2.569770	
10.298235	-2.141384	22.853442	-0.263896	6.105792	0.452275	26.533293	0.409461	29.210291	-2.509380	
12.336362	-2.042305	22.721706	-0.295792	4.991335	0.090647	25.344520	0.319735	
14.468450	-2.081516	22.888723	-0.362456	4.748367	-0.336075	24.129937	0.388535	
16.686031	-1.971147	23.200042	-0.389860	5.452512	-0.652042	22.891164	0.270858	
18.937865	-1.899846	23.676338	-0.384047	6.864107	-1.008329	21.814363	0.162427	
20.836802	-1.857920	24.011777	-0.555186	8.056517	-1.122396	20.902679	0.217776	
22.756352	-1.897410	24.462236	-0.564881	9.615038	-1.208872	20.098046	0.099442	
24.696126	-1.776753	24.987925	-0.614479	11.216470	-1.273968	19.431112	0.093408	
26.711570	-1.827342	25.848757	-0.672245	12.969104	-1.360112	18.863748	0.057281	
28.810349	-1.747332	26.859002	-0.664810	14.967197	-1.377331	18.591019	-0.133630	
27.712112	-0.728556	16.977937	-1.513156	18.259204	-0.156096	
29.084488	-0.699024	19.143594	-1.376664	18.429476	-0.261897	
21.544555	-1.396153	18.838859	-0.263143	
23.921115	-1.348271	19.700309	-0.345716	
26.540358	-1.255410	20.820468	-0.398495	
29.356281	-1.186279	22.266951	-0.358231	
24.300108	-0.399921	
23.704458	-0.390358	
22.767875	-0.342236	
28.824523	-1.082627	21.920120	-0.274234	
27.579154	-1.094240	20.912517	-0.147329	
26.146120	-1.040611	19.977893	-0.116295	
24.854067	-1.041353	19.114532	-0.072648	
23.406625	-0.980960	18.341995	0.041617	
29.799894	-0.374446	22.064858	-1.017869	17.508248	0.067769	
28.662737	-0.368106	20.636479	-0.931225	16.739701	0.174145	
27.542413	-0.297711	19.199696	-1.041261	16.168609	0.273751	
26.360846	-0.241936	17.668482	-0.960977	15.673785	0.344121	
25.267695	-0.162279	16.209124	-0.993142	15.330214	0.441176	
29.690209	-1.211297	24.170698	-0.122217	14.702057	-0.973761	15.040867	0.566550	
28.171284	-1.169733	23.037973	0.022159	13.131746	-0.974158	15.059214	0.739885	
26.654455	-1.196240	22.091992	-0.074438	11.532187	-0.800424	15.079341	0.770400	
25.101538	-1.193150	21.110089	0.114477	9.979845	-0.944062	15.258537	0.906459	
23.615476	-1.271685	20.208289	0.184780	8.317495	-0.992650	15.672350	1.024613	
22.020597	-1.160607	19.324070	0.271981	6.633586	-0.935395	16.273014	1.150665	
20.404317	-1.240451	18.647792	0.379586	4.989259	-0.922059	17.210586	1.288655	
18.736805	-1.219639	18.089189	0.550089	3.143359	-1.006218	18.039817	1.310525	
20.751398	-1.157388	19.170798	0.439354	5.338991	-0.744074	17.261819	1.323723	
22.698932	-1.112528	20.120411	0.355220	7.519097	-0.789333	16.395457	1.154441	
24.724452	-0.960157	21.167178	0.303446	9.626933	-0.659403	15.633256	1.153780	
26.717476	-0.942086	22.251318	0.283325	11.639945	-0.689255	15.233700	1.037256	
28.629352	-0.887810	23.548350	0.160853	13.712371	-0.606831	15.058085	0.970519	
24.739301	0.249250	15.575870	-0.607237	15.083869	0.899764	
26.102580	0.225977	17.691205	-0.541828	15.257691	0.702864	
27.443685	0.164541	19.710385	-0.591438	15.830379	0.661725	
29.086879	0.099949	21.885978	-0.522987	16.490903	0.608088	
24.207256	-0.542034	17.519802	0.453539	
26.552971	-0.418587	18.804810	0.345901	
29.011990	-0.422656	20.475648	0.325135	
22.421137	0.356438	
24.490395	0.436142	
27.137212	0.420317	
29.893603	0.550149	29.537894	1.710423	
29.204686	0.509814	27.561615	1.743251	
28.628335	0.409027	25.213814	1.780900	
27.976343	0.367873	29.217621	1.116159	22.963865	1.767303	
27.480312	0.466621	27.371382	1.130102	20.570423	1.868234	
27.251154	0.391124	25.556336	1.115439	28.115413	1.891801	18.000160	2.058280	
27.427401	0.388403	23.932198	1.021964	25.294378	1.996102	15.296832	1.920182	
27.884475	0.381541	22.351570	1.110915	22.367600	1.991858	12.387062	2.150079	29.927888	2.886583	
28.820250	0.402891	21.176981	1.020387	19.290557	2.162009	9.251200	2.154129	27.779711	3.069929	
22.207742	1.058178	19.017884	2.052348	8.948710	2.117553	26.446642	3.183360	
23.326314	1.039396	18.765205	2.137115	8.903486	1.901255	25.022510	3.093357	
24.494873	0.923768	18.685689	2.001322	9.091358	1.721305	23.753354	3.124439	
25.773170	0.985704	18.639577	1.880972	9.445272	1.627168	22.342641	3.070493	
27.084398	0.897805	18.632098	1.816264	9.873391	1.508293	20.933894	3.109549	
28.360093	0.961187	18.832288	1.770142	10.658517	1.331561	19.517254	3.017610	
29.737843	0.844319	19.164197	1.693044	11.711797	1.270649	18.149410	3.003909	
19.625695	1.727976	12.818916	1.160952	16.738864	3.049055	
20.286985	1.551880	14.061839	1.133838	29.635474	2.336712	15.253977	2.979605	
20.799333	1.565325	15.275214	1.043549	29.075874	2.265968	13.923922	2.935090	
21.653719	1.487900	16.725069	1.072277	28.668044	2.217565	12.544093	2.919822	
22.616791	1.466928	18.308672	0.974767	28.362895	2.200532	11.331741	2.728224	
23.725622	1.414925	19.834876	0.945872	28.083986	2.077602	10.106356	2.671183	
24.863906	1.378676	21.530507	0.940100	28.121823	2.142487	9.170777	2.538808	
26.253577	1.348390	23.388899	0.898770	28.207633	2.038876	8.575686	2.357944	
27.693618	1.334004	25.212636	0.961029	28.437345	2.046982	8.423839	2.184786	
29.418314	1.314960	27.219011	0.949503	28.853343	2.066663	8.780186	1.929326	
29.283528	1.012919	29.459167	1.860340	9.650170	1.802116	
10.763011	1.624609	
29.600057	2.008303	9.918557	1.710720	
29.064162	1.097917	29.064131	2.004076	9.186814	1.810134	
29.674685	1.401913	27.921602	1.072529	28.465814	2.072333	8.558609	1.930222	
28.611382	1.467597	26.691231	1.070035	28.021886	2.169365	7.923763	2.108886	
27.558733	1.467330	25.463331	1.115799	27.677852	2.158222	7.567206	2.212000	
26.518006	1.519712	24.177672	1.109098	27.287745	2.186673	7.315141	2.357452	
25.412152	1.464020	23.026204	1.143524	26.924293	2.249530	7.413437	2.617772	
24.439665	1.556125	21.804413	1.121175	26.699122	2.331691	7.602629	2.702846	
23.383342	1.552268	20.475795	1.144537	26.531436	2.356291	8.078481	2.952237	
22.386942	1.647446	19.211118	1.219989	26.310093	2.448443	8.606120	3.046916	
21.353003	1.696822	17.966685	1.172530	26.276174	2.477569	9.384684	-3.061566	
20.444302	1.713857	16.692551	1.304044	26.369546	2.549308	10.365521	-3.021591	
19.511797	1.778058	15.369478	1.339402	26.289105	2.610475	11.255578	-2.877172	
18.480873	1.822212	14.062013	1.289484	26.441146	2.699113	12.326110	-2.831325	
17.797697	1.997972	12.720949	1.268014	26.663397	2.738250	13.504121	-2.665884	
17.006485	2.047469	11.544935	1.441041	27.093296	2.871399	14.751004	-2.626375	
29.160440	1.274403	16.373008	2.090659	10.235202	1.497740	27.325313	2.929214	15.935361	-2.530499	
27.697957	1.471531	15.618278	2.261098	8.868153	1.477429	27.720620	2.891157	17.255899	-2.522792	
26.282329	1.337431	15.169565	2.327848	7.634527	1.695311	28.211473	3.005540	18.559735	-2.472745	
24.927269	1.376397	14.744157	2.404626	6.542431	1.799107	28.784968	3.036647	19.844553	-2.440678	
23.429220	1.448929	14.505830	2.553061	5.536545	2.114268	29.496443	3.106500	21.345262	-2.378227	
22.011663	1.550613	14.410141	2.677120	4.793280	2.259402	22.748721	-2.400356	
20.562595	1.492871	14.502497	2.770820	4.542366	2.786563	24.323072	-2.393027	
29.767934	0.868182	19.013498	1.541381	14.708064	2.931676	4.684167	3.066054	25.866222	-2.267960	
28.158124	0.959662	17.694895	1.546603	29.306609	1.741916	15.198068	3.030362	5.541866	-2.971995	27.457196	-2.263030	
26.584222	0.897131	16.180925	1.684791	28.024764	1.816093	15.850891	-3.131625	6.685195	-2.725099	29.088714	-2.199304	
24.851809	0.901651	14.717170	1.793468	26.806416	1.957974	16.582031	-3.023086	7.935201	-2.503731	
23.131717	0.980485	13.371273	1.893842	25.600359	2.053211	17.546266	-2.849418	9.472277	-2.355367	
21.496653	0.982135	11.932540	2.017377	24.258764	2.103988	18.645612	-2.774340	10.981369	-2.305236	
19.752492	0.979887	10.649516	2.085938	23.009092	2.126364	19.761636	-2.695663	12.732117	-2.200767	
17.944442	0.925058	9.508909	2.318477	21.833997	2.281121	21.146359	-2.590892	14.507371	-2.106116	
29.229662	1.427169	16.171343	0.898090	8.486271	2.525796	20.739845	2.385338	22.590848	-2.475138	16.439808	-2.092357	
17.746413	1.044757	9.336322	2.296074	21.651272	2.339922	21.246801	-2.533273	14.670448	-2.127987	
19.491184	1.054982	10.347546	2.252166	22.796471	2.290065	19.975519	-2.546292	12.983715	-2.096993	
21.279505	1.216366	11.844392	2.092947	24.103726	2.232755	18.762959	-2.562988	11.166317	-2.143100	
23.156189	1.147247	13.393735	2.043488	25.533953	2.213413	17.593200	-2.677775	9.541128	-2.228180	
24.723475	1.211059	14.658413	2.077493	26.691396	2.179324	16.690409	-2.685995	7.979876	-2.328156	
26.407604	1.311329	15.967291	1.973482	27.915859	2.243744	15.855085	-2.872020	6.742487	-2.422144	29.121436	-1.898710	
27.949701	1.233893	17.334454	1.975591	28.946186	2.121945	15.072821	-2.906539	5.484724	-2.577604	27.553528	-1.871768	
29.550539	1.321673	18.576898	1.940219	14.476993	-2.921945	4.578646	-2.725422	26.011998	-1.827248	
20.060968	1.923741	14.072975	-3.005997	3.897594	-3.111148	24.524174	-1.914560	
21.440436	1.834361	13.752394	3.136719	4.016309	2.763977	29.734724	-2.568856	22.841384	-1.894953	
23.045193	1.935080	13.586530	3.036576	4.686633	2.428044	28.790279	-2.627866	21.308927	-1.911025	
24.551737	1.894956	13.723286	2.959515	5.850442	2.221933	27.790568	-2.670052	19.547283	-1.834750	
26.159272	1.865693	13.999608	2.803385	7.219838	2.081883	26.975109	-2.733445	17.880577	-1.954397	
27.882242	1.815631	14.523637	2.717573	8.717592	1.972843	26.194442	-2.692216	16.157441	-1.921311	
29.628124	1.892226	15.289299	2.633443	10.427390	1.991907	25.486554	-2.761149	14.439556	-1.826128	
16.278003	2.562040	12.276358	1.878783	24.864232	-2.792505	12.575985	-1.914128	
17.458023	2.468008	14.189323	1.930151	24.435620	-2.855742	10.790878	-1.954981	
18.758405	2.402728	16.119154	1.920659	24.020946	-2.918451	8.916259	-1.965166	
20.334922	2.414341	18.149368	1.931109	23.918752	-3.040247	7.261982	-2.148280	
22.008812	2.312824	20.255985	1.932896	23.933649	-3.058996	5.674232	-2.268734	
23.920421	2.360805	22.595555	1.954957	24.176332	-3.006787	4.670003	-2.716569	
24.853799	2.284874	23.713368	1.956227	24.260329	-3.090555	4.268183	-3.007833	
25.845306	2.333751	24.910793	1.895602	24.337158	3.167924	4.268458	3.056229	
26.935919	2.346144	26.217059	1.875855	24.552480	3.085128	4.665514	2.794103	
27.929118	2.275657	27.476024	1.975547	24.882173	3.036340	5.410731	2.552407	
29.073520	2.230317	28.849404	1.957740	25.250721	2.966805	6.343659	2.485031	
25.590549	2.957217	7.477251	2.297403	
26.027833	2.999628	8.554570	2.275778	
26.668549	2.867936	9.694069	2.161711	
27.255689	2.817540	11.037620	2.100418	
27.931634	2.840939	12.348951	2.064293	
28.708335	2.759422	13.682803	2.155208	
29.555479	2.709781	15.145985	2.068055	
16.562447	2.046726	
29.283779	2.693863	15.358498	2.071115	
28.253443	2.749066	14.046682	2.017678	29.544499	-3.078689	
27.116503	2.815241	12.723131	2.074861	28.925901	-2.971555	
26.142440	2.823221	11.423167	2.053848	28.258975	-2.923101	
25.083868	2.922736	10.099461	2.006938	27.737298	-2.908075	
23.908690	2.949370	8.806376	2.008500	27.231666	-2.803727	
29.765026	2.246369	22.890825	2.990728	7.529454	1.977684	26.760627	-2.703859	
28.323748	2.292047	29.549748	2.034202	21.916349	3.040917	6.087899	1.847094	26.415115	-2.647298	
26.944853	2.323912	28.202745	1.957308	20.927303	3.135891	4.851284	1.839444	26.187780	-2.610891	
25.528297	2.347817	26.948567	1.919758	20.058770	-3.126285	3.603194	1.686150	25.894363	-2.610505	
24.092802	2.339096	25.478101	2.043844	19.030015	-2.986900	2.551257	1.380021	25.762889	-2.508359	
22.585997	2.351611	24.204432	1.943750	18.230746	-2.985522	2.099725	0.753804	25.636427	-2.368612	
21.057419	2.409089	22.738228	1.866809	17.518151	-2.828988	2.585220	0.075340	25.696962	-2.342758	
19.613307	2.363428	21.236807	1.915471	16.997535	-2.824966	3.657020	-0.155538	25.793671	-2.265808	
18.052273	2.499267	19.936451	1.939777	16.372824	-2.733647	4.987461	-0.363888	25.985500	-2.223569	
16.459231	2.498430	18.460877	1.888309	15.987153	-2.587515	6.440323	-0.367893	26.291344	-2.155940	
14.803682	2.525178	16.927894	1.927344	28.823009	3.094613	15.755699	-2.400045	8.082389	-0.457561	26.712664	-2.064979	
13.227447	2.520976	15.555586	1.905707	27.450781	3.077607	15.627182	-2.297153	9.707728	-0.489622	27.096069	-1.962197	
11.474096	2.511060	14.311348	1.769381	26.199169	-3.147828	15.717498	-2.149679	11.328588	-0.563604	27.769829	-1.838246	
13.281904	2.493195	15.842694	1.928470	27.414306	3.083722	15.400476	-2.257300	9.546846	-0.450349	26.913879	-1.959729	
15.020431	2.584487	17.548368	1.975500	28.616853	3.163986	15.215766	-2.290902	8.019268	-0.332012	26.157575	-1.932729	
16.656289	2.455387	19.175744	1.989055	29.758383	3.119112	15.246918	-2.437402	6.575409	-0.152277	25.294508	-1.961424	
18.327933	2.559895	20.785079	2.046787	15.287885	-2.530324	5.300305	0.000856	24.733574	-2.141265	
19.972324	2.570961	22.410222	2.071151	15.667209	-2.647030	4.448290	0.344579	24.153477	-2.155101	
21.547191	2.550128	23.989187	2.063115	16.096417	-2.719694	4.226618	0.760290	23.662131	-2.093143	
23.173445	2.555218	25.672622	2.125958	16.799112	-2.828653	4.449511	1.155277	23.283465	-2.115666	
24.727325	2.565956	27.191702	2.133801	17.390613	-2.856147	5.293207	1.429521	23.135458	-2.171751	
26.369986	2.583371	28.820259	2.281169	18.223974	-2.898557	6.475523	1.757787	22.864172	-2.289624	
27.910802	2.568568	19.191617	-2.962427	7.783888	1.947248	22.957595	-2.367929	
29.569092	2.486087	20.311200	-3.043138	9.177158	1.929895	23.064442	-2.370602	
21.447314	-3.004435	10.823142	2.046432	23.121525	-2.459262	
22.631812	-3.107488	12.468421	2.153257	23.516201	-2.484270	
23.965119	-3.133527	14.153191	2.207251	24.003151	-2.561983	
25.514215	-3.127476	15.992474	2.240288	24.649565	-2.581357	
27.104299	3.142518	17.757812	2.248213	25.399994	-2.617264	
28.834782	3.194811	19.691459	2.352202	26.421824	-2.685019	
21.710808	2.455084	27.541283	-2.739728	
23.875664	2.417628	28.717317	-2.748948	29.457455	-1.815962	
26.078457	2.553107	28.926212	-1.759115	
24.887157	2.514287	29.181104	-2.740979	28.999134	-1.793863	
23.875723	2.511701	28.347410	-2.616345	29.186103	-1.763555	
22.602734	2.457295	27.370902	-2.676424	29.328587	-1.708510	
29.827433	-3.061646	21.527285	2.510011	26.714503	-2.555093	29.670936	-1.596759	
28.699295	-3.021052	20.325314	2.440628	25.741158	-2.562555	29.930798	-1.572763	
27.406830	-2.998058	19.157033	2.368973	25.038749	-2.530288	
26.315916	-2.979177	18.133082	2.402117	24.244696	-2.454958	
25.110224	-2.970071	16.940575	2.427460	23.566581	-2.356671	
23.961112	-2.932173	15.770124	2.359351	22.775720	-2.358680	
22.734633	-2.838973	14.722944	2.349761	22.181289	-2.308896	
21.625518	-2.819339	13.538819	2.301329	21.763165	-2.198564	
20.567278	-2.847844	12.450721	2.280349	21.168588	-2.094823	
19.421265	-2.752554	11.383405	2.230092	20.884506	-2.019167	
29.031297	2.876086	18.244395	-2.704739	10.387215	2.155472	20.413329	-1.960972	
27.698216	2.906311	17.107995	-2.614915	9.513562	1.998894	20.173197	-1.933626	
26.241759	2.853944	29.687256	2.561179	16.159033	-2.523047	8.757004	1.901208	19.956873	-1.856316	
24.895549	2.961844	28.330374	2.507848	15.096232	-2.505920	8.167212	1.763551	19.901506	-1.825342	
23.390859	2.934841	26.955870	2.447090	14.122375	-2.394214	7.693222	1.575683	19.983317	-1.645601	
25.037459	2.915844	28.529269	2.544587	15.067088	-2.472937	8.363268	1.770329	19.769043	-1.723833	
26.584162	2.953367	16.036002	-2.524070	9.331726	1.930169	19.568033	-1.817020	
28.233693	3.000159	17.179179	-2.619276	10.362371	2.097856	19.576108	-1.877063	
29.907290	2.962118	18.409362	-2.611875	11.533428	2.238244	19.742217	-1.935983	
19.756382	-2.669651	12.975684	2.381566	20.133166	-1.999799	
21.334755	-2.683647	14.525558	2.449168	20.620007	-2.067455	
22.894821	-2.648197	16.091301	2.465525	21.314846	-2.130044	
24.464389	-2.718013	17.888002	2.626451	22.049951	-2.195933	29.650983	-1.063987	
26.246335	-2.750075	19.736793	2.732571	23.106330	-2.165800	28.608061	-1.125118	
28.044593	-2.724379	21.511758	2.776837	24.246364	-2.249507	27.739604	-1.157691	
29.118977	-2.684144	22.766793	2.767061	24.922617	-2.318725	27.016710	-1.271088	
24.085970	2.783894	25.602074	-2.291096	26.385490	-1.250020	
25.483680	2.784549	26.297022	-2.364707	25.759631	-1.319627	
26.751527	2.844899	27.156414	-2.376819	25.155103	-1.369061	
28.061751	2.910972	28.072560	-2.312968	24.671759	-1.354332	
29.488102	2.827988	28.988675	-2.475469	24.275938	-1.439453	
29.890036	-2.443473	23.885658	-1.477512	
23.672102	-1.451142	
23.591477	-1.509678	
23.401338	-1.619561	
23.298894	-1.651469	
23.472798	-1.660857	
23.824131	-1.696924	
24.086966	-1.897736	
24.560429	-1.856897	
25.104670	-1.901746	
25.856822	-1.843742	
26.575651	-1.979316	
27.482441	-2.010636	
28.542672	-2.049519	
29.556938	-2.101326	

29.944111	-2.061729	
28.908930	-2.005869	
28.035127	-1.941448	
27.088813	-1.944992	
26.051449	-1.952130	
25.189902	-1.878592	
24.311334	-1.796890	
23.440849	-1.712647	
22.563625	-1.692702	
21.727936	-1.704521	
20.960334	-1.652026	
20.230600	-1.540686	
19.445775	-1.502058	
18.787566	-1.510066	
18.213826	-1.335112	
17.805386	-1.222613	
17.482465	-1.151766	
28.991499	-2.278134	17.133382	-1.102577	
27.661352	-2.193072	29.914503	-1.509987	16.901826	-1.122724	
26.209222	-2.225333	29.097173	-1.510403	16.797809	-0.959246	
24.833410	-2.097471	28.359240	-1.438221	16.866195	-0.799649	
