0.000000	0.000000	0.000000
0.747456	0.732445	0.679486
1.588418	0.673328	1.822752
2.382940	-0.071797	2.519423
1.606997	-0.152574	4.518883
1.328127	0.337741	6.462611
1.492860	0.493044	8.455813
1.438256	0.730748	10.439763
0.655979	1.502303	11.050688
-0.060836	2.492474	10.992469
-0.842724	3.722827	9.606297
-1.625615	3.605233	7.614536
-2.179994	2.458410	5.981821
-2.179202	1.312866	4.341897
-2.183656	0.177293	2.701364
-2.370196	-1.257864	1.306743
-2.162463	-2.371112	-0.354994
-2.161558	-3.477848	-2.021836
-2.153842	-4.580592	-3.688912
-2.151097	-5.683343	-5.357349
-1.369914	-5.495210	-6.329211
-0.581286	-4.639684	-6.889637
0.209882	-2.665135	-6.485892
0.992838	-1.582514	-4.805375
1.244654	-0.939328	-2.911421
1.244949	-0.296160	-1.018929
1.186023	0.448625	0.833332
1.245163	1.062091	2.739823
1.243218	1.688953	4.642012
1.251363	2.323646	6.537649
1.247232	2.948386	8.438615
1.247483	3.580936	10.337827
1.463174	3.760911	12.342177
2.250311	2.500823	13.902792
1.979527	1.707080	15.738148
2.682733	-0.111080	16.625317
3.040083	-1.631797	16.775266
2.256829	-2.898989	18.325984
2.354441	-4.344063	19.739446
2.354279	-5.732940	21.169765
1.574339	-5.780848	23.155477
0.791650	-4.387360	24.572129
0.578096	-2.698899	25.660510
1.360590	-2.263270	27.616463
1.334363	-1.818709	29.558617
1.333031	-1.336496	31.497657
1.872634	-1.887005	33.401179
1.084725	-0.953895	35.173603
0.811738	0.402754	36.629838
0.818551	1.802847	38.088782
0.824835	3.155118	39.558151
0.826228	4.524141	41.024261
0.039249	6.517506	41.102100
-0.000277	8.515793	41.096351
0.558092	10.218151	42.170320
0.556059	11.945624	43.234777
0.562047	13.649312	44.278433
0.568942	15.309815	45.367904
0.553884	16.984304	46.423892
0.559852	18.672496	47.484105
0.570406	20.377393	48.554043
0.546481	22.060398	49.603810
0.564817	23.763143	50.668106
0.099436	25.737556	50.886386
0.617890	27.331474	52.068523
0.623143	28.948149	53.238769
1.414488	29.237209	55.248731
1.593024	29.209517	57.241975
1.606625	29.118354	59.252966
1.608893	29.010420	61.271117
1.608481	28.970793	63.250455
1.613952	28.867214	65.255449
2.288882	27.554711	66.764433
2.290122	26.276407	68.249558
2.296257	24.981879	69.739986
2.294254	23.678299	71.241083
2.297448	22.354756	72.738801
2.295398	21.036062	74.220046
2.289282	19.711614	75.709361
2.280588	18.412972	77.236566
2.278981	17.093940	78.750915
2.044490	16.204973	80.535363
2.045777	15.261349	82.320948
2.034788	14.388868	84.095477
2.019482	13.487855	85.901791
2.037988	12.557657	87.687080
2.044500	11.738884	89.463177
2.043744	10.798983	91.238213
2.047536	9.910447	93.011947
2.045954	9.040252	94.781782
1.257605	9.697456	96.679439
1.088700	10.601780	98.451720
1.086478	11.530563	100.219649
1.090028	12.472787	101.998309
1.091056	13.393262	103.774393
1.163505	14.256455	105.600374
1.160068	15.056529	107.432453
1.157568	15.805663	109.269323
1.192983	16.498493	111.131865
1.160150	17.290438	112.966323
1.153721	18.074406	114.798434
0.371561	18.980509	115.162796
-0.407071	20.760770	114.380839
-1.194013	21.518416	112.511649
-1.819498	21.049511	110.573174
-1.820839	20.492374	108.637839
-1.824746	19.973335	106.704580
-1.811026	19.509328	104.757610
-1.823375	18.974308	102.830832
-1.820250	18.515214	100.898525
-1.824089	18.024476	98.967310
-1.825802	17.559681	97.031510
-1.819872	17.063763	95.092010
-1.829243	16.577517	93.151671
-1.820990	16.067414	91.215139
-1.823162	15.574035	89.274631
-1.679987	15.286231	87.299288
-1.825290	14.712556	85.378670
-1.827909	14.182948	83.449679
-1.828773	13.719102	81.513156
-1.827212	13.163371	79.593235
-1.829126	12.719691	77.655116
-1.830992	12.229618	75.712834
-1.827982	11.759661	73.765816
-1.825885	11.242229	71.861084
-1.829458	10.733718	69.935833
-1.829761	10.219773	67.988280
-1.829044	9.670615	66.028018
-1.829625	9.168037	64.127249
-1.830918	8.699456	62.186872
-1.832005	8.218927	60.191869
-1.832456	7.706077	58.325606
-1.830949	7.182178	56.434707
-1.829409	6.674065	54.557121
-1.830116	6.150662	52.613025
-1.830949	5.613925	50.685827
-1.834638	5.148804	48.770547
-1.831801	4.622321	46.841472
-1.832121	4.109786	44.902034
-1.830867	3.562745	42.967445
-1.832597	3.104554	41.009719
-1.835743	2.598434	39.065646
-1.837533	2.074391	37.123728
-1.828195	1.529457	35.176470
-1.835204	1.044307	33.234923
-1.832976	0.474768	31.318049
-1.828103	-0.034414	29.382735
-1.831849	-0.532053	27.448620
-1.827494	-1.093907	25.547308
-1.044209	-0.574544	24.706313
-0.255477	1.350737	24.212789
0.532697	3.093830	25.217240
1.054800	4.080281	26.949878
1.056120	5.051191	28.700919
1.455003	5.305203	30.697829
1.046896	6.298112	32.449521
1.047052	7.305812	34.180261
1.041982	8.308929	35.904108
1.043554	9.326703	37.613667
1.032242	10.359604	39.329292
1.038131	11.373914	41.067538
1.042711	12.414897	42.805399
1.043999	13.422078	44.540758
1.040683	14.438294	46.264090
1.045323	15.435804	48.006393
1.043841	16.498157	49.704248
1.042916	17.453953	51.455727
1.039580	18.448361	53.188341
1.042293	19.477820	54.913561
1.044455	20.461267	56.639604
1.048182	21.473476	58.370837
0.952933	22.666609	59.990351
1.048764	23.673920	61.719142
1.049480	24.632838	63.473964
1.045713	25.612802	65.210309
1.048184	26.618131	66.942269
1.052120	27.618385	68.676679
1.047981	28.560115	70.443182
1.047963	29.577144	72.165618
1.049683	30.556794	73.906554
1.052903	31.574228	75.625711
1.033024	32.625141	77.328839
1.036932	33.582976	79.081269
1.044210	34.528104	80.842090
1.043350	35.545868	82.567268
1.046997	36.546991	84.299502
1.044205	37.507885	86.051976
1.058703	38.458683	87.815323
1.038726	39.486134	89.530800
1.039508	40.508553	91.248877
1.825448	40.265292	92.211916
2.610590	39.422921	92.707728
3.392404	37.530756	92.190714
-2.105482	36.506004	90.472383
-1.958311	35.728103	88.634984
-1.963807	34.984504	86.779006
-1.963917	34.207708	84.938534
-1.963764	33.435480	83.091971
-1.962031	32.652320	81.254792
-1.964674	31.895234	79.400899
-1.960595	31.125349	77.554476
-1.962066	30.368192	75.706211
-1.960763	29.602677	73.859913
-1.965527	28.857571	72.003728
-1.963692	28.104359	70.149414
-1.963414	27.347721	68.297569
-1.962705	26.585870	66.445635
-1.962444	25.828570	64.596284
-1.963011	25.094291	62.731727
-1.963390	24.316804	60.886991
-1.964120	23.547616	59.037828
-1.961257	22.738571	57.211780
-1.964207	22.011938	55.344297
-1.961568	21.231518	53.502783
-1.962877	20.461246	51.646850
-1.962494	19.680183	49.806621
-1.961613	18.926288	47.947364
-1.959131	18.170759	46.090271
-1.963128	17.412744	44.236749
-1.963753	16.675502	42.370966
-1.963541	15.901091	40.522442
-1.931101	15.215672	38.635059
-1.966204	14.426883	36.795107
-1.966876	13.625390	34.963179
-1.966415	12.892261	33.104187
-1.967540	12.153750	31.249250
-1.964651	11.372058	29.400915
-1.965636	10.549222	27.569576
-1.964987	9.807396	25.718261
-1.954299	9.059004	23.858172
-1.964396	8.321501	22.006040
-1.969738	7.570965	20.159587
-1.968538	6.822274	18.312957
-1.965828	6.017269	16.478677
-1.968895	5.238617	14.637948
-1.967547	4.479444	12.792573
-1.972178	3.693728	10.950599
-1.968285	2.922577	9.099222
-2.751660	2.005447	8.706344
-3.538896	0.133144	9.492676
1.955744	-0.650796	11.352781
1.340075	-0.186486	13.285961
1.340918	0.265412	15.237257
1.344086	0.696222	17.187835
1.339800	1.139538	19.136751
1.340222	1.601202	21.078424
1.338068	2.049821	23.032088
1.339237	2.537797	24.972538
1.343527	2.959887	26.932167
1.340128	3.426149	28.872385
1.323376	3.873996	30.824718
1.341535	4.340195	32.782220
1.337669	4.831149	34.721705
1.339066	5.272502	36.674235
1.338813	5.728091	38.624961
1.339142	6.180282	40.571062
1.342458	6.635325	42.519172
1.339602	7.069461	44.471083
1.338741	7.541790	46.417347
1.339196	7.980913	48.367211
1.339724	8.429349	50.314836
1.337800	8.870183	52.265990
1.340100	9.359112	54.208947
1.339798	9.797236	56.161269
1.334161	10.259074	58.107461
1.336671	10.668129	60.064821
1.334422	11.124483	62.013120
1.341719	11.617328	63.954945
1.339588	12.093982	65.894881
1.337399	12.560453	67.842215
1.332865	13.050604	69.782888
1.344893	13.499056	71.732463
1.332638	13.977473	73.664382
1.337991	14.392474	75.620659
1.338495	14.870396	77.562999
1.340939	15.382510	79.495418
1.340864	15.884959	81.432881
1.346326	16.361495	83.377357
1.348542	16.763523	85.337213
1.340768	17.218657	87.284238
1.340914	17.644092	89.240151
1.346128	18.170269	91.168477
1.347392	18.624397	93.115787
1.344827	19.068493	95.067983
1.343461	19.518388	97.018333
1.787856	19.157017	98.954601
1.789887	18.765481	100.899985
1.785293	18.335524	102.849916
1.784502	17.902548	104.812482
1.785379	17.514435	106.755830
1.787897	17.083035	108.707142
1.788209	16.608128	110.659465
1.774279	16.097667	112.633203
1.783336	15.655025	114.598115
1.781263	15.230246	116.553096
1.781692	14.862916	118.501390
1.781686	14.424179	120.457744
1.780937	14.031058	122.414999
2.570560	13.149017	122.953078
3.358240	11.192676	122.533868
-2.140188	10.085526	120.861815
-1.630608	9.942466	118.863286
-1.634259	9.804620	116.868665
-1.627487	9.717383	114.875767
-1.628328	9.535516	112.897297
-1.628353	9.422969	110.900491
-1.628306	9.364455	108.895651
-1.630639	9.299640	106.894189
-1.633996	9.188882	104.905503
-1.631640	9.078010	102.893095
-1.631031	8.930101	100.902324
-1.632964	8.812517	98.899621
-1.629846	8.734965	96.904755
-1.631045	8.608870	94.911577
-1.636109	8.519441	92.908577
-1.632396	8.414052	90.912980
-1.631870	8.290604	88.916527
-1.628177	8.177426	86.925369
-1.630912	8.098976	84.918299
-1.632229	8.017331	82.913764
-1.632293	7.927426	80.907789
-1.632538	7.859067	78.903253
-1.638444	7.751306	76.901891
-1.633471	7.609760	74.912147
-1.630484	7.509479	72.917528
-1.633875	7.353487	70.916097
-1.632065	7.198326	68.923830
-1.627996	7.063652	66.928271
-1.635293	6.918939	64.932687
-1.635298	6.776754	62.943071
-1.635422	6.677305	60.943568
-1.632388	6.542656	58.950866
-1.638076	6.400827	56.961568
-1.634924	6.302646	54.960706
-1.637572	6.218063	52.958571
-1.635687	6.048597	50.963756
-1.633828	5.932959	48.958628
-1.634553	5.811109	46.964433
-1.633936	5.693406	44.961652
-1.635506	5.590597	42.969397
-1.635879	5.455783	40.985787
-0.849004	6.113523	40.235359
-0.064799	8.092040	40.114511
0.723214	9.629012	41.444729
0.757964	11.065913	42.804907
0.757167	12.477429	44.166457
0.754408	13.928500	45.531903
0.758881	15.365015	46.899915
0.755600	16.808838	48.278429
0.754644	18.276540	49.652411
0.757864	19.720428	51.040359
0.762961	21.160220	52.426894
0.754742	22.632085	53.786274
0.756775	24.078069	55.172078
0.757454	25.522655	56.556319
0.758007	26.979945	57.930359
0.754968	28.415139	59.315203
0.755720	29.855441	60.699566
0.757360	31.315004	62.078639
0.758758	32.772929	63.443720
0.742891	34.234592	64.808270
0.778069	35.647959	66.232360
0.751788	37.118426	67.597900
0.757214	38.585483	68.953192
0.756495	40.012397	70.353305
0.756780	41.505306	71.696335
0.756708	42.971985	73.059248
0.758978	44.420308	74.435461
-0.028534	45.417816	74.413222
-0.813118	46.768905	72.983862
-1.597479	46.687958	71.012418
-2.162447	45.603468	69.328639
-2.167045	44.468203	67.671992
-2.170389	43.351138	66.006004
-2.168702	42.236207	64.345118
-2.169646	41.136598	62.670054
-2.163570	40.025158	61.014706
-2.165893	38.934701	59.339626
-2.167596	37.855754	57.661291
-2.169802	36.726210	56.015206
-2.165243	35.596284	54.363169
-2.169748	34.530101	52.682220
-2.167693	33.428212	51.017431
-2.168596	32.319081	49.355421
-2.170952	31.164540	47.707967
-2.170546	30.066747	46.044880
-2.167392	28.950681	44.388425
-2.172451	27.863840	42.714571
-2.171032	26.812121	41.023531
-2.172022	25.663467	39.380604
-2.175014	24.568592	37.711208
-2.173701	23.434001	36.060765
-2.169602	22.271410	34.419552
-2.167230	21.114073	32.781821
-2.172894	19.972885	31.130723
-2.168457	18.787415	29.499309
-2.170876	17.719504	27.814352
-2.166720	16.611337	26.153993
-2.170199	15.509735	24.487341
-2.173731	14.377481	22.849513
-2.173930	13.242085	21.200530
-2.170202	12.105880	19.546824
-2.171010	10.981404	17.904957
-2.171019	9.851315	16.245566
-2.174841	8.727643	14.577983
-2.173337	7.594684	12.918922
-2.170163	6.439037	11.287125
-2.177864	5.341827	9.624865
-1.391548	5.522959	8.653031
-0.602281	7.184835	7.516240
0.186720	9.178350	7.895039
0.863785	10.457206	9.430575
0.863121	11.754476	10.961054
0.865731	13.051130	12.492066
0.868148	14.359600	14.005674
0.869306	15.634442	15.550323
0.865751	16.924658	17.067003
0.863625	18.217531	18.594054
0.866218	19.530971	20.109933
0.866488	20.820645	21.638962
0.861315	22.148226	23.137298
0.866406	23.466124	24.648562
0.852454	24.818131	26.123396
0.857428	26.134429	27.628752
0.865088	27.405858	29.171301
0.862724	28.699039	30.693191
0.864372	30.025535	32.190351
0.864700	31.304459	33.729930
0.863470	32.595611	35.260260
0.869332	33.898342	36.777243
0.864112	35.163777	38.325452
0.865506	36.427395	39.874543
0.864168	37.704717	41.410346
0.862313	38.956282	42.973708
0.866709	40.232977	44.514482
0.864070	41.502878	46.060869
0.862104	42.804657	47.578595
0.863433	44.112202	49.093721
0.867984	45.414163	50.612637
0.859337	46.694377	52.149561
0.847639	48.020221	53.643057
0.864749	49.327402	55.156653
0.865949	50.630578	56.678097
0.863577	51.933529	58.195628
0.863654	53.228037	59.716838
0.868854	54.546315	61.225500
0.867258	55.859590	62.732791
0.869084	57.189276	64.227763
0.872156	58.469337	65.767576
0.865181	59.775842	67.283049
0.873122	61.101396	68.780602
0.873191	62.349575	70.344227
0.873520	63.608156	71.898942
0.869769	64.913463	73.413995
0.869314	66.227712	74.923693
1.647611	66.119004	76.876568
2.434189	64.594068	78.186352
2.496094	62.958525	79.405159
2.502642	61.388745	80.576721
2.504846	59.779817	81.787767
2.503596	58.158909	82.971131
2.505428	56.546014	84.158674
2.503760	54.892537	85.332526
2.504477	53.250751	86.514807
2.506227	51.642435	87.701559
2.502517	50.129991	88.898549
2.484707	48.580817	90.118275
2.496434	46.889856	91.295575
2.489873	45.252625	92.419599
2.496260	43.691777	93.589459
2.499585	42.035276	94.752125
2.502692	40.427774	95.978955
2.500975	38.775946	97.192780
2.496247	37.152820	98.421191
2.498432	35.481380	99.578444
2.496406	33.874333	100.817225
2.497796	32.292732	102.020774
2.495975	30.672054	103.180072
2.497969	29.106199	104.422145
2.493982	27.506775	105.591424
2.496704	25.905283	106.811723
2.492153	24.302107	108.033948
2.493612	22.704750	109.246147
2.490983	21.080253	110.418944
2.489527	19.500611	111.620395
2.490216	17.895643	112.745711
2.488036	16.166191	113.956261
2.483407	14.576586	115.198779
2.483271	12.956115	116.412849
2.479133	11.367459	117.650964
2.485282	9.773057	118.894696
2.481117	8.220614	120.109072
2.479602	6.641498	121.348081
2.479102	5.012515	122.583086
2.477288	3.406501	123.830440
2.474912	1.787462	125.059462
2.471567	0.241937	126.305223
2.460950	-1.374465	127.545512
2.466216	-2.940009	128.793376
3.250780	-4.902129	128.592851
-2.521287	-6.138457	127.723809
-1.737535	-6.437524	125.774732
-1.453609	-6.206719	123.799106
-1.452792	-5.980523	121.823903
-1.451344	-5.756805	119.818696
-1.453941	-5.504662	117.816017
-1.452951	-5.253157	115.837708
-1.455499	-5.015641	113.835614
-1.453971	-4.794125	111.868823
-1.451140	-4.581849	109.875759
-1.452746	-4.400037	107.910617
-1.453338	-4.146971	105.907374
-1.454213	-3.881680	103.920961
-1.449804	-3.686987	101.945378
-1.453243	-3.442512	99.959439
-1.451569	-3.223257	97.962132
-1.447996	-3.009506	95.969877
-1.449461	-2.797199	94.008445
-1.445810	-2.635184	92.042766
-1.451328	-2.379997	90.048781
-1.452915	-2.199594	88.089697
-1.449184	-2.009371	86.108959
-1.450813	-1.812225	84.138823
-1.450762	-1.474505	82.107199
-1.451311	-1.199342	80.125955
-1.450649	-0.965050	78.133604
-1.448127	-0.812319	76.173313
-1.448718	-0.580602	74.182737
-1.452514	-0.258969	72.170631
-1.449403	-0.094772	70.188812
-1.448577	0.117513	68.198738
-1.449119	0.375586	66.218794
-1.451655	0.691224	64.240134
-1.453919	0.945187	62.265294
-1.451700	1.125035	60.280202
-1.440881	1.318924	58.300704
-1.446617	1.624909	56.314422
-1.448063	1.884833	54.304263
-1.450331	2.119379	52.316399
-1.448265	2.383157	50.339327
-1.453373	2.636708	48.343924
-1.447041	2.896005	46.380553
-1.449758	3.113503	44.395965
-1.451740	3.347141	42.413064
-1.445529	3.572055	40.424142
-0.660356	4.380814	39.817329
0.131654	6.395490	40.080706
0.918081	7.606070	41.677199
1.480245	7.803838	43.680276
1.479986	7.968660	45.666436
1.482333	8.140492	47.656984
1.483295	8.319686	49.653905
1.483855	8.507875	51.633192
1.484923	8.714212	53.619904
1.481514	8.891615	55.608090
1.482514	9.078282	57.603294
1.483777	9.288211	59.592237
1.478185	9.473323	61.581966
1.481572	9.628368	63.570039
1.481707	9.781512	65.566440
1.482040	9.932255	67.561021
1.480753	10.133274	69.548050
1.479163	10.337869	71.535282
1.481428	10.520786	73.526739
1.478488	10.693445	75.515893
1.479003	10.832977	77.502284
1.478829	10.987733	79.494853
1.480487	11.136956	81.487391
0.702521	11.869811	82.129908
-0.079620	12.844122	82.051263
-0.868841	14.183907	80.521778
-1.648693	14.017149	78.531697
-1.755287	13.687237	76.564962
-1.754992	13.337144	74.600511
-1.753959	12.985296	72.636483
-1.756948	12.621023	70.678112
-1.754428	12.218734	68.721627
-1.750863	11.843487	66.749580
-1.756938	11.476604	64.782666
-1.755056	11.107325	62.815240
-1.753112	10.741778	60.844111
-1.750366	10.383623	58.880030
-1.751941	9.999145	56.916362
-1.752871	9.622760	54.952230
-1.753155	9.252368	52.986651
-1.755764	8.886062	51.015307
-1.753735	8.503006	49.053201
-1.753174	8.112830	47.087968
-1.752731	7.728709	45.127491
-1.753491	7.375932	43.160287
-1.752668	7.008675	41.194266
-1.750960	6.637983	39.231877
-1.751469	6.232895	37.278410
-1.751352	5.855467	35.308809
-1.753080	5.487530	33.346544
-1.666210	5.274843	31.366767
-1.753673	4.966882	29.375873
-1.758409	4.615661	27.404188
-1.755530	4.248307	25.442346
-1.758657	3.863465	23.476719
-1.760142	3.503555	21.504678
-1.759667	3.118155	19.542102
-1.758147	2.755657	17.584832
-1.759088	2.373183	15.626189
-1.757130	1.992293	13.660175
-1.754954	1.596599	11.697804
-1.755046	1.248779	9.725949
-0.971363	1.789312	8.900381
-0.182352	2.783464	8.717398
0.606407	4.456144	9.858930
1.396249	4.837258	11.830963
1.403522	5.163234	13.797027
1.400989	5.483249	15.768669
1.400142	5.818731	17.742541
1.400551	6.147459	19.712186
1.404788	6.493964	21.682988
1.404362	6.841142	23.646626
1.403241	7.185245	25.610185
1.403454	7.512360	27.584185
1.404544	7.881675	29.548509
1.406528	8.231274	31.525743
1.402201	8.552882	33.499108
1.404307	8.922581	35.460474
1.399647	9.216151	37.446264
1.399322	9.509173	39.433261
1.404276	9.851754	41.403128
1.401547	10.160808	43.375926
1.399898	10.513648	45.346441
1.404081	10.869122	47.314790
1.403178	11.194787	49.286901
1.405873	11.526678	51.256865
1.403708	11.913111	53.220087
1.404039	12.231849	55.189337
1.397997	12.552608	57.166046
1.401487	12.899157	59.137171
1.399530	13.224860	61.107541
1.402435	13.576181	63.075553
1.403295	13.884223	65.049591
1.400029	14.207620	67.024816
1.397964	14.503193	68.999832
1.407441	14.864374	70.968657
1.401198	15.211416	72.936540
1.400305	15.531342	74.910118
1.401335	15.828896	76.889578
1.401562	16.171042	78.858077
1.400769	16.511428	80.829158
1.400247	16.882530	82.794372
1.400144	17.222159	84.766626
1.398552	17.548360	86.737553
1.401698	17.904681	88.707012
1.401910	18.237042	90.679029
1.400908	18.567568	92.652397
1.400605	18.896517	94.626804
1.402874	19.261192	96.596296
1.872034	18.628752	98.510742
1.874611	18.036278	100.419147
1.871346	17.451156	102.327907
1.866580	16.814582	104.244348
1.869384	16.214286	106.149253
1.871894	15.616307	108.057861
1.872011	14.990788	109.966458
2.659207	14.059364	110.431806
3.443909	12.171210	109.846909
-2.053166	11.246602	108.072653
-1.728161	10.943210	106.107049
-1.732505	10.629911	104.133002
-2.304921	9.270173	102.659633
-1.715604	8.970186	100.701412
-1.718568	8.683796	98.727042
-1.717350	8.410984	96.746761
-1.717058	8.147742	94.755069
-1.713321	7.840911	92.783920
-1.715969	7.588670	90.796025
-1.715443	7.296881	88.822690
-1.716268	7.033336	86.832404
-1.720512	6.813616	84.823523
-1.724210	6.496408	82.858931
-1.718227	6.177220	80.891214
-1.715955	5.886726	78.915214
-1.715613	5.563527	76.951224
-1.719291	5.258464	74.975861
-1.721595	5.007713	72.996145
-1.713490	4.688263	71.023653
-1.716625	4.430625	69.037089
-1.716932	4.174004	67.056317
-1.719674	3.868638	65.077599
-1.722719	3.587464	63.103069
-1.718686	3.241451	61.140438
-1.718077	2.940340	59.162918
-1.723161	2.687090	57.177418
-1.720078	2.393633	55.191594
-1.720422	2.106726	53.213392
-1.720217	1.758588	51.244100
-1.719355	1.485953	49.265768
-1.716599	1.214101	47.274775
-1.441983	1.462472	45.295910
-1.741642	1.135964	43.321184
-1.739473	0.824319	41.349914
-1.741857	0.467159	39.374196
-1.739595	0.123105	37.399833
-1.742162	-0.208177	35.425099
-1.741810	-0.535594	33.454778
-1.734763	-0.921412	31.492707
-1.739603	-1.196704	29.508098
-1.744989	-1.489199	27.529267
-1.744898	-1.847521	25.566534
-0.958976	-1.296335	24.747741
-0.177481	0.661648	24.399874
0.609747	2.347522	25.542722
1.054116	3.329032	27.271552
1.060252	4.306986	29.021528
1.062987	5.262796	30.774488
1.050813	6.247847	32.482348
1.050591	7.256654	34.200660
1.053661	8.243612	35.948023
1.049090	9.248057	37.678587
1.049657	10.215221	39.438828
1.050776	11.210658	41.167545
1.049566	12.259806	42.881644
1.056162	13.246784	44.627142
1.050651	14.218801	46.366662
1.052797	15.173748	48.124821
1.049330	16.180734	49.852248
1.052653	17.162905	51.593166
1.049651	18.139775	53.335712
1.048341	19.081817	55.110868
1.050703	20.049033	56.857281
1.049726	21.073233	58.579477
1.837406	20.521869	60.528468
1.052010	21.501617	62.264749
1.021602	22.534451	63.979400
1.022758	23.588466	65.683969
1.020382	24.613133	67.399350
1.017976	25.661781	69.096894
1.019081	26.714375	70.795537
1.020162	27.731306	72.514779
1.020018	28.736208	74.243743
1.019361	29.809803	75.934733
1.017053	30.848727	77.647006
1.022669	31.905791	79.343880
1.019197	32.964971	81.039182
1.023114	34.018707	82.746073
1.024653	35.086033	84.443893
1.021616	36.085709	86.182052
1.021550	37.104394	87.902902
0.995654	38.197739	89.570133
1.022296	39.202559	91.286543
1.010056	40.164583	93.029381
1.017018	41.252346	94.712649
1.803464	40.770396	96.672001
2.169836	39.640568	98.327667
2.165570	38.532492	99.978160
2.167985	37.414741	101.632341
2.167529	36.288516	103.284128
2.173666	35.145533	104.933952
2.170128	34.057347	106.586853
2.167377	32.938783	108.233245
2.167618	31.799096	109.879753
2.164627	30.694503	111.540964
2.163445	29.579046	113.192952
2.166879	28.450685	114.845433
2.164990	27.319301	116.496476
2.164798	26.180724	118.135900
2.159918	25.054475	119.782608
2.164945	23.962289	121.453353
2.161106	22.841442	123.100362
2.162268	21.713255	124.767342
2.160201	20.632258	126.452196
2.158128	19.489309	128.126661
2.159969	18.389965	129.787541
2.157950	17.322478	131.476637
2.156799	16.204515	133.134433
2.157229	15.117282	134.808002
2.158240	14.042664	136.484978
2.159511	12.926671	138.152087
2.152938	11.788487	139.802910
2.152705	10.677652	141.457980
2.161536	9.588735	143.137374
2.150830	8.474226	144.808888
2.146077	7.335230	146.475311
2.144478	6.296283	148.165116
2.139185	5.198095	149.845454
2.247935	3.963403	151.412304
2.259890	2.744306	152.972064
2.243343	1.456036	154.536490
2.223582	0.224447	156.116423
2.244374	-0.975160	157.692089
2.222933	-1.740089	158.686674
3.010448	-2.723306	158.829148
2.225120	-3.337853	159.648655
1.442742	-3.209909	160.623638
0.655227	-2.454920	161.214198
-0.131668	-1.444723	161.091030
-0.916649	-0.422883	159.750021
-1.700768	-0.587449	158.555756
-2.488835	-1.395503	157.925809
-3.276277	-2.394652	158.055027
2.219360	-3.006589	158.842667
1.443030	-2.877124	159.824959
0.659081	-2.087837	160.433607
-0.133250	-1.080646	160.320783
-0.918766	-0.482881	159.520413
-1.703982	-0.607016	158.521356
-2.485904	-1.405468	157.918119
-3.271679	-2.397227	158.033094
2.223755	-3.004647	158.833936
1.435482	-2.881586	159.833887
0.649782	-2.084562	160.459569
-0.137115	-1.086146	160.338972
-0.924892	-0.488871	159.542893
-1.711026	-0.631688	158.529384
-2.493275	-1.433966	157.922005
-3.274371	-2.430757	158.047703
2.220688	-3.026513	158.841714
1.433436	-2.881436	159.842236
0.644925	-2.079561	160.446781
-0.139184	-1.094652	160.293746
-0.923990	-0.504350	159.486260
-1.711878	-0.646682	158.489630
-2.497888	-1.459056	157.874592
-3.280972	-2.457517	158.012309
2.219408	-3.056945	158.812715
1.433203	-2.918495	159.805751
0.648547	-2.123337	160.404362
-0.137707	-1.130067	160.274857
-0.922841	-0.523709	159.483052
-1.708669	-0.672457	158.481222
-2.488542	-1.462714	157.884148
-3.271668	-2.454142	158.014908
2.229136	-3.072051	158.804813
1.449389	-2.938160	159.802640
0.658645	-2.146658	160.419367
-0.129638	-1.150975	160.299905
-0.917101	-0.536233	159.510267
-1.705099	-0.675320	158.514286
-2.488779	-1.480488	157.897061
-3.273812	-2.481888	158.030449
2.222637	-3.099831	158.821102
1.437800	-2.963260	159.813254
0.653760	-2.174339	160.413140
-0.133940	-1.169166	160.287025
-0.918884	-0.570769	159.479293
-1.701693	-0.706147	158.478392
-2.488933	-1.499167	157.866314
-3.274284	-2.473950	158.000031
2.221441	-3.084853	158.801706
1.434335	-2.928822	159.804612
0.656285	-2.136170	160.403527
-0.130380	-1.140035	160.278615
-0.916915	-0.526727	159.482144
-1.702759	-0.658727	158.496153
-2.490442	-1.466357	157.883981
-3.275836	-2.452881	158.014887
2.225778	-3.066048	158.808129
1.443754	-2.934782	159.802855
0.657368	-2.142418	160.411659
-0.133010	-1.153005	160.274286
-0.918950	-0.544748	159.482377
-1.704627	-0.670387	158.477438
-2.484633	-1.458583	157.873214
-3.269237	-2.450893	158.004636
2.228272	-3.077279	158.788943
1.443910	-2.972249	159.777334
0.656971	-2.192209	160.380586
-0.126027	-1.201726	160.244574
-0.911521	-0.589743	159.445847
-1.697816	-0.725685	158.449755
-2.485049	-1.509664	157.843751
-3.271109	-2.515304	157.970507
2.226526	-3.120169	158.765590
1.444495	-3.018746	159.751119
0.656119	-2.238164	160.359621
-0.127204	-1.249532	160.233344
-0.908953	-0.637830	159.445958
-1.690969	-0.755437	158.459892
-2.472756	-1.541366	157.841032
-3.261416	-2.540890	157.958880
2.232981	-3.150921	158.748543
1.449686	-3.024569	159.743253
0.667217	-2.241236	160.357561
-0.121501	-1.248536	160.235955
-0.905080	-0.630119	159.446353
-1.691250	-0.744935	158.456692
-2.478893	-1.534128	157.831982
-3.268464	-2.507669	157.964064
2.225834	-3.119726	158.757668
1.439312	-2.976299	159.756393
0.656941	-2.178896	160.367939
-0.131409	-1.193497	160.237809
-0.918218	-0.579370	159.447829
-1.701130	-0.715445	158.454759
-2.486810	-1.518066	157.842283
-3.274134	-2.501665	157.977946
2.221779	-3.111545	158.776532
1.435855	-2.979051	159.767187
0.651064	-2.177917	160.376722
-0.134401	-1.196012	160.242210
-0.920763	-0.596895	159.446400
-1.705394	-0.732061	158.455513
-2.487917	-1.526595	157.849069
-3.275975	-2.518822	157.979571
2.224328	-3.122249	158.773130
1.439238	-2.996191	159.762190
0.652539	-2.204000	160.369222
-0.129002	-1.217882	160.238362
-0.918895	-0.610725	159.441343
-1.704859	-0.741783	158.447481
-2.487027	-1.534178	157.840043
-3.269893	-2.502806	157.968518
2.225581	-3.115301	158.764919
1.440467	-2.998709	159.750483
0.653964	-2.206981	160.358482
-0.133741	-1.200171	160.226093
-0.920054	-0.592639	159.428521
-1.706198	-0.723776	158.436203
-2.495755	-1.538013	157.828058
-3.276556	-2.520654	157.968467
2.222749	-3.126033	158.757160
1.439515	-3.009084	159.746279
0.658037	-2.205244	160.356729
-0.125153	-1.209350	160.228780
-0.911026	-0.588472	159.434575
-1.692675	-0.698984	158.442736
-2.479082	-1.481933	157.822413
-3.259927	-2.497987	157.945794
2.242148	-3.111833	158.729209
1.452778	-2.993585	159.728985
0.664544	-2.221034	160.349798
-0.118734	-1.242902	160.231551
-0.903254	-0.623820	159.446237
-1.692654	-0.744500	158.453745
-2.484600	-1.547561	157.834661
-3.271294	-2.519777	157.960929
2.229277	-3.124478	158.753025
1.442757	-3.007427	159.747364
0.659493	-2.219811	160.358379
-0.126999	-1.215840	160.228282
-0.909445	-0.594389	159.439495
-1.697173	-0.717199	158.447109
-2.484459	-1.511172	157.835854
-3.266933	-2.484244	157.954682
2.228057	-3.109675	158.745582
1.439722	-2.973797	159.743253
0.654998	-2.174084	160.350456
-0.130452	-1.181865	160.222124
-0.917934	-0.574393	159.425641
-1.698024	-0.699742	158.443901
-2.487498	-1.490954	157.830449
-3.271572	-2.503650	157.957270
2.224088	-3.108968	158.752693
1.437274	-2.980055	159.741142
0.651225	-2.182785	160.347435
-0.133281	-1.196282	160.212955
-0.922312	-0.601051	159.418256
-1.706633	-0.732978	158.430340
-2.496052	-1.539906	157.818168
-3.280788	-2.533793	157.957850
2.218028	-3.148762	158.756096
1.431085	-3.008800	159.746748
0.644085	-2.215719	160.350919
-0.139429	-1.219697	160.209975
-0.921350	-0.611896	159.412847
-1.708254	-0.746179	158.416774
-2.492302	-1.543209	157.818563
-3.276966	-2.501845	157.957077
2.219205	-3.110492	158.758345
1.429644	-2.978594	159.743246
0.642148	-2.173743	160.343934
-0.139974	-1.189713	160.205439
-0.924234	-0.585262	159.408695
-1.707738	-0.722897	158.420108
-2.489869	-1.510666	157.817353
-3.277219	-2.492026	157.950923
2.220626	-3.097275	158.749252
1.434316	-2.959720	159.737996
0.650506	-2.168075	160.341442
-0.131205	-1.173668	160.211417
-0.913839	-0.565934	159.421411
-1.699520	-0.694346	158.428935
-2.486313	-1.486720	157.817369
-3.270311	-2.478833	157.949202
2.225841	-3.086686	158.742702
1.440878	-2.953127	159.735968
0.651791	-2.159327	160.344654
-0.130552	-1.171030	160.209134
-0.916165	-0.560385	159.415851
-1.699454	-0.693405	158.426475
-2.487010	-1.483154	157.820638
-3.270928	-2.472690	157.951176
2.223735	-3.081180	158.748741
1.441677	-2.948959	159.738214
0.656394	-2.154314	160.347831
-0.126188	-1.163401	160.218866
-0.908910	-0.551510	159.424566
-1.694496	-0.674940	158.430968
-2.475667	-1.465565	157.815228
-3.260076	-2.460978	157.935323
2.240958	-3.077081	158.715051
1.454445	-2.958145	159.714721
0.669458	-2.167379	160.335119
-0.115784	-1.170149	160.215610
-0.903693	-0.545590	159.430658
-1.686199	-0.665639	158.439381
-2.469877	-1.448001	157.822423
-3.256030	-2.444586	157.934548
2.240063	-3.067628	158.721626
1.451863	-2.947020	159.718037
0.658577	-2.153338	160.336829
-0.127542	-1.161785	160.208986
-0.912252	-0.546104	159.419288
-1.696144	-0.665362	158.430580
-2.482929	-1.462749	157.809600
-3.273099	-2.461206	157.940499
2.228142	-3.063719	158.735639
1.441641	-2.934014	159.726565
0.652662	-2.136667	160.336824
-0.133793	-1.145528	160.207324
-0.925253	-0.542854	159.406422
-1.709718	-0.686597	158.409019
-2.497148	-1.489435	157.804331
-3.284985	-2.480755	157.946050
2.206332	-3.082965	158.748119
1.421377	-2.933597	159.737684
0.634258	-2.126455	160.335686
-0.148472	-1.140191	160.187902
-0.929247	-0.552940	159.388641
-1.712487	-0.699624	158.399022
-2.498241	-1.499437	157.800896
-3.283526	-2.487951	157.939079
2.211423	-3.085230	158.740629
1.421760	-2.936969	159.729474
0.633664	-2.130772	160.324604
-0.146830	-1.144416	160.172318
-0.930918	-0.551153	159.374008
-1.715670	-0.693489	158.382443
-2.501736	-1.499771	157.789025
-3.279132	-2.489985	157.932759
2.216449	-3.096663	158.727069
1.435741	-2.956425	159.715514
0.650407	-2.157945	160.321743
-0.132959	-1.171409	160.187305
-0.921235	-0.566275	159.394418
-1.709572	-0.703367	158.405699
-2.492510	-1.494164	157.807735
-3.275949	-2.480598	157.942270
2.218210	-3.075781	158.737284
1.440766	-2.941375	159.720866
0.650846	-2.147982	160.335769
-0.133428	-1.155038	160.199746
-0.913744	-0.557060	159.407412
-1.699284	-0.692982	158.416817
-2.482186	-1.482674	157.803427
-3.268819	-2.477680	157.931626
2.229775	-3.081202	158.720596
1.440635	-2.949789	159.718570
0.654084	-2.156228	160.325953
-0.129202	-1.157658	160.194986
-0.915421	-0.549152	159.399745
-1.702798	-0.678925	158.407026
-2.489991	-1.474190	157.800473
-3.281384	-2.472119	157.940169
2.214704	-3.072725	158.737812
1.429226	-2.925694	159.728226
0.642598	-2.125845	160.333754
-0.142473	-1.130432	160.191345
-0.925464	-0.535830	159.389906
-1.710866	-0.670775	158.401324
-2.496613	-1.468812	157.796796
-3.280905	-2.458210	157.941089
2.217938	-3.057893	158.739422
1.437214	-2.919420	159.728598
0.653648	-2.130606	160.335427
-0.131084	-1.140808	160.203625
-0.918364	-0.527224	159.409464
-1.703362	-0.660036	158.417659
-2.487962	-1.463530	157.807234
-3.271534	-2.457050	157.935590
2.227670	-3.063652	158.731210
1.439457	-2.940054	159.721159
0.655953	-2.148790	160.326002
-0.130208	-1.158011	160.194681
-0.918094	-0.549200	159.399919
-1.698870	-0.679034	158.409717
-2.483267	-1.472614	157.796540
-3.270903	-2.473697	157.922862
2.229669	-3.080971	158.716466
1.442461	-2.951150	159.710960
0.659120	-2.160495	160.320342
-0.125354	-1.170367	160.196779
-0.910667	-0.556405	159.402931
-1.691274	-0.681915	158.412067
-2.470512	-1.467842	157.796980
-3.251030	-2.453643	157.909304
2.243666	-3.076152	158.699479
1.451982	-2.955493	159.706553
0.670796	-2.168991	160.321198
-0.119152	-1.164963	160.201658
-0.905227	-0.549011	159.414223
-1.691234	-0.672157	158.419524
-2.476206	-1.467118	157.797170
-3.260917	-2.459039	157.919154
2.236684	-3.068142	158.707961
1.452071	-2.946507	159.705916
0.664419	-2.159379	160.324365
-0.120789	-1.168447	160.202735
-0.910873	-0.545211	159.411907
-1.696462	-0.671445	158.416725
-2.481412	-1.466954	157.800868
-3.266997	-2.461170	157.926796
2.228928	-3.072100	158.718101
1.442252	-2.942275	159.715731
0.649773	-2.149048	160.325506
-0.137981	-1.154993	160.186026
-0.922435	-0.547931	159.388295
-1.708910	-0.671904	158.405311
-2.498070	-1.471559	157.805167
-3.283698	-2.469228	157.949744
2.210359	-3.072362	158.748198
1.422499	-2.913605	159.747197
0.639020	-2.112193	160.341946
-0.148971	-1.118924	160.194565
-0.936684	-0.519622	159.387956
-1.718818	-0.674057	158.399420
-2.501252	-1.476390	157.808201
-3.283278	-2.455404	157.949795
2.217302	-3.051224	158.747939
1.428576	-2.904853	159.742506
0.645373	-2.108582	160.343079
-0.139942	-1.129098	160.203876
-0.919535	-0.517426	159.411208
-1.703717	-0.646317	158.422358
-2.487201	-1.440098	157.812368
-3.273128	-2.443091	157.944148
2.224784	-3.053699	158.738137
1.439808	-2.926929	159.729562
0.653547	-2.133800	160.341271
-0.132423	-1.146534	160.209236
-0.919633	-0.535523	159.414014
-1.702491	-0.661623	158.423817
-2.485487	-1.450776	157.820561
-3.267290	-2.427877	157.947608
2.227159	-3.036753	158.740186
1.442614	-2.909947	159.728197
0.654493	-2.126019	160.342170
-0.132123	-1.119810	160.209851
-0.917186	-0.517061	159.414776
-1.701207	-0.654855	158.421417
-2.484768	-1.446675	157.814474
-3.262353	-2.441514	157.944137
2.232745	-3.056747	158.732191
1.440634	-2.926707	159.729517
0.650624	-2.130861	160.338946
-0.130186	-1.142933	160.206530
-0.910124	-0.528313	159.416481
-1.699504	-0.652928	158.422941
-2.483631	-1.447057	157.810292
-3.274146	-2.457964	157.942693
2.225801	-3.050011	158.737542
1.436875	-2.920351	159.732938
0.651640	-2.124956	160.339137
-0.137976	-1.146581	160.204125
-0.919739	-0.545919	159.404999
-1.703657	-0.682483	158.412426
-2.489975	-1.475291	157.804087
-3.277265	-2.464873	157.935686
2.220445	-3.074153	158.729493
1.436102	-2.929492	159.725832
0.645959	-2.136950	160.331252
-0.135746	-1.158344	160.197558
-0.919133	-0.564567	159.405511
-1.706130	-0.703709	158.408404
-2.497175	-1.506933	157.802159
-3.283817	-2.494359	157.942292
2.217124	-3.099015	158.740960
1.432330	-2.952849	159.734269
0.652197	-2.159973	160.331926
-0.134685	-1.168366	160.196579
-0.919602	-0.568655	159.396575
-1.704068	-0.701255	158.404422
-2.492236	-1.503702	157.797361
-3.277745	-2.484283	157.934667
2.220526	-3.090419	158.731598
1.435311	-2.945351	159.722507
0.651826	-2.132729	160.334240
-0.139050	-1.140382	160.200397
-0.931529	-0.528706	159.399859
-1.713871	-0.676211	158.411545
-2.497543	-1.480597	157.813986
-3.280333	-2.467880	157.953592
2.212943	-3.090074	158.749893
1.426958	-2.938270	159.743798
0.644938	-2.137084	160.342557
-0.139666	-1.150261	160.202843
-0.926767	-0.541370	159.403813
-1.711618	-0.685525	158.414799
-2.495495	-1.491382	157.812640
-3.275689	-2.486248	157.951486
2.222619	-3.093251	158.749391
1.437827	-2.949809	159.745365
0.647964	-2.159174	160.352586
-0.142912	-1.165329	160.214670
-0.928468	-0.571887	159.413190
-1.715654	-0.714037	158.425612
-2.500692	-1.505657	157.832753
-3.283798	-2.500668	157.979208
2.214655	-3.111353	158.776876
1.433069	-2.976925	159.761735
0.646093	-2.176790	160.363082
-0.141026	-1.192418	160.224028
-0.927957	-0.598530	159.418575
-1.711126	-0.737816	158.427861
-2.500316	-1.531459	157.827918
-3.287408	-2.522425	157.971099
2.213488	-3.102944	158.776966
1.430222	-2.943002	159.770788
0.639913	-2.138935	160.370419
-0.148399	-1.152154	160.224520
-0.930393	-0.561953	159.424532
-1.714150	-0.704752	158.434675
-2.497823	-1.498526	157.837613
-3.283106	-2.492976	157.977350
2.216438	-3.088920	158.776294
1.434884	-2.962554	159.759007
0.651215	-2.164943	160.365270
-0.136688	-1.174174	160.230363
-0.915125	-0.567786	159.439973
-1.699462	-0.697123	158.450880
-2.487718	-1.493755	157.835542
-3.274504	-2.488081	157.964911
2.222138	-3.094885	158.760025
1.436186	-2.960320	159.759067
0.651441	-2.164906	160.360806
-0.135272	-1.171787	160.222078
-0.920659	-0.564117	159.426124
-1.705739	-0.701275	158.427839
-2.489377	-1.493741	157.827763
-3.274636	-2.488081	157.959174
2.225268	-3.096048	158.753234
1.436533	-2.958467	159.752077
0.650145	-2.164806	160.354303
-0.132665	-1.174615	160.221545
-0.916988	-0.571577	159.431818
-1.702761	-0.704380	158.439094
-2.486063	-1.494518	157.834669
-3.270547	-2.487316	157.967029
2.232624	-3.108051	158.758207
1.449635	-2.989469	159.743342
0.659288	-2.201607	160.360877
-0.121088	-1.206568	160.233443
-0.903767	-0.591155	159.453708
-1.690224	-0.713482	158.457634
-2.482001	-1.514933	157.834054
-3.270631	-2.516628	157.956871
2.228264	-3.138035	158.752353
1.444019	-3.011521	159.747597
0.657370	-2.219417	160.355815
-0.129516	-1.218253	160.223595
-0.912012	-0.605613	159.432375
-1.690142	-0.730937	158.446003
-2.479842	-1.517696	157.825551
-3.269756	-2.503841	157.952658
2.221838	-3.115952	158.747732
1.436387	-2.978748	159.738230
0.648489	-2.177493	160.344697
-0.136917	-1.190727	160.208846
-0.918651	-0.588305	159.412999
-1.706404	-0.725099	158.424506
-2.492165	-1.524775	157.821773
-3.279272	-2.516341	157.960943
2.217475	-3.120019	158.756929
1.430093	-2.986274	159.743643
0.643600	-2.190785	160.343714
-0.140304	-1.199707	160.202793
-0.923658	-0.592080	159.400735
-1.707549	-0.730278	158.412928
-2.485975	-1.517996	157.806751
-3.270421	-2.510206	157.935684
2.223426	-3.115203	158.730527
1.435228	-2.982397	159.725376
0.651682	-2.187276	160.329165
-0.132816	-1.199498	160.198017
-0.919868	-0.593987	159.404261
-1.707787	-0.731611	158.413357
-2.492926	-1.527987	157.810878
-3.275848	-2.518050	157.948348
2.220375	-3.122140	158.754357
1.436981	-2.987972	159.745450
0.647535	-2.195500	160.353177
-0.135981	-1.203645	160.218092
-0.918481	-0.598790	159.427219
-1.704523	-0.733750	158.438464
-2.484367	-1.521929	157.830313
-3.267097	-2.515269	157.958866
2.228497	-3.124485	158.751638
1.445526	-2.995722	159.743588
0.663547	-2.214024	160.356833
-0.126675	-1.218016	160.234703
-0.913696	-0.601984	159.444657
-1.696553	-0.727613	158.453284
-2.483049	-1.520192	157.837884
-3.267369	-2.505970	157.962164
2.229766	-3.122661	158.754689
1.446879	-2.994339	159.745125
0.657907	-2.203754	160.359906
-0.126921	-1.211236	160.234302
-0.913056	-0.599793	159.442672
-1.698363	-0.725293	158.450594
-2.487381	-1.526912	157.841072
-3.276268	-2.525118	157.975620
2.223467	-3.127426	158.767047
1.437821	-2.992672	159.758350
0.653299	-2.201894	160.366677
-0.131832	-1.210858	160.235080
-0.916644	-0.604409	159.436913
-1.704079	-0.735630	158.447643
-2.492395	-1.538473	157.842156
-3.277434	-2.532139	157.980727
2.213657	-3.136037	158.778091
1.427187	-2.992340	159.765845
0.639064	-2.192852	160.367294
-0.138045	-1.205640	160.226519
-0.925665	-0.601475	159.421700
-1.711549	-0.740409	158.433432
-2.495818	-1.534607	157.837002
-3.278881	-2.514984	157.971144
2.226235	-3.124705	158.761528
1.442219	-2.996025	159.753084
0.657792	-2.201287	160.364582
-0.127186	-1.211236	160.237059
-0.911590	-0.599575	159.449834
-1.699171	-0.728335	158.455251
-2.485953	-1.521180	157.842957
-3.269001	-2.509128	157.976159
2.228334	-3.123180	158.763927
1.446311	-2.993945	159.753777
0.665952	-2.202597	160.366086
-0.122912	-1.209792	160.243609
-0.903218	-0.596063	159.458694
-1.688591	-0.710737	158.472700
-2.471062	-1.501406	157.851871
-3.257335	-2.491372	157.964782
2.235941	-3.112116	158.755431
1.453317	-2.995479	159.750329
0.669954	-2.211953	160.367891
-0.109804	-1.220725	160.253816
-0.895847	-0.594716	159.472027
-1.686075	-0.708778	158.468053
-2.468699	-1.483379	157.850780
-3.253568	-2.478839	157.961825
2.246455	-3.103934	158.742445
1.460284	-2.993595	159.738081
0.676290	-2.209878	160.365039
-0.113202	-1.211135	160.252460
-0.900910	-0.592436	159.468039
-1.688265	-0.710914	158.471118
-2.471314	-1.492985	157.854238
-3.255536	-2.491744	157.962484
2.239197	-3.114383	158.752778
1.453306	-2.997463	159.748039
0.663278	-2.213905	160.366614
-0.128055	-1.217748	160.245836
-0.912681	-0.604520	159.452062
-1.695858	-0.732567	158.461141
-2.478082	-1.522131	157.851769
-3.264612	-2.514286	157.973990
2.232340	-3.131631	158.761985
1.446033	-3.005172	159.757555
0.659514	-2.214178	160.374074
-0.126248	-1.226501	160.248675
-0.914641	-0.616517	159.459400
-1.699465	-0.740074	158.469773
-2.486632	-1.531165	157.854320
-3.275484	-2.519314	157.984515
2.224208	-3.125373	158.780230
1.440902	-2.993923	159.774167
0.653346	-2.201860	160.383163
-0.140311	-1.197235	160.245723
-0.922492	-0.599329	159.448670
-1.709675	-0.742680	158.454428
-2.488322	-1.539593	157.851219
-3.274210	-2.531210	157.981963
2.222251	-3.136054	158.780845
1.438762	-3.011946	159.768385
0.655190	-2.218700	160.377747
-0.129956	-1.229200	160.246983
-0.921473	-0.621204	159.450987
-1.709074	-0.755834	158.456817
-2.493957	-1.546814	157.856282
-3.281887	-2.541785	157.995627
2.213817	-3.144785	158.790039
1.431803	-2.998840	159.780054
0.650623	-2.195152	160.384121
-0.133293	-1.207888	160.252350
-0.923073	-0.601500	159.454127
-1.705057	-0.737752	158.469892
-2.488382	-1.535052	157.864304
-3.275553	-2.532303	157.998786
2.222091	-3.133428	158.790674
1.433052	-3.000985	159.784702
0.648416	-2.201668	160.387996
-0.135530	-1.213760	160.251895
-0.919193	-0.604620	159.456297
-1.705390	-0.742975	158.458834
-2.486136	-1.534188	157.854243
-3.272177	-2.513860	157.984317
2.226176	-3.122865	158.777820
1.444576	-2.990467	159.770466
0.659106	-2.205548	160.378628
-0.130023	-1.203958	160.251389
-0.912119	-0.594535	159.457189
-1.697887	-0.719391	158.463149
-2.481281	-1.510833	157.851610
-3.269290	-2.511794	157.981480
2.224343	-3.117285	158.775908
1.437310	-2.979563	159.772132
0.657001	-2.190269	160.378844
-0.124661	-1.200379	160.251716
-0.910707	-0.582845	159.458624
-1.698510	-0.707705	158.469009
-2.481863	-1.503261	157.857514
-3.266401	-2.501837	157.984685
2.226845	-3.111761	158.771609
1.437947	-2.983746	159.766493
0.651714	-2.183399	160.373242
-0.132749	-1.194014	160.241071
-0.919825	-0.590526	159.447718
-1.706704	-0.720978	158.456969
-2.490889	-1.519352	157.855782
-3.280116	-2.515587	157.990017
2.224721	-3.118132	158.778882
1.440185	-2.988985	159.768569
0.659730	-2.196987	160.380481
-0.126513	-1.201269	160.255267
-0.911183	-0.589287	159.464850
-1.700178	-0.713859	158.471166
-2.486250	-1.509967	157.861717
-3.269720	-2.503060	157.988570
2.226128	-3.115093	158.780718
1.441670	-2.985836	159.771395
0.658213	-2.192893	160.383561
-0.129823	-1.198278	160.255393
-0.913407	-0.588798	159.469050
-1.697559	-0.715322	158.480334
-2.478535	-1.500839	157.868894
-3.267441	-2.493071	157.991290
2.227350	-3.109229	158.781175
1.441727	-2.979600	159.772279
0.657783	-2.188431	160.381413
-0.125715	-1.200033	160.256528
-0.911344	-0.584621	159.467091
-1.697678	-0.711567	158.472186
-2.482351	-1.501333	157.854391
-3.273705	-2.501727	157.983830
2.224562	-3.106277	158.776127
1.441770	-2.970173	159.764102
0.659938	-2.186261	160.373363
-0.123892	-1.185269	160.248702
-0.912203	-0.565112	159.459800
-1.701438	-0.696813	158.466120
-2.492154	-1.492527	157.855254
-3.280968	-2.482230	157.990363
2.220393	-3.083472	158.787273
1.429902	-2.947201	159.775790
0.648648	-2.148020	160.377265
-0.136930	-1.148661	160.241566
-0.925990	-0.554019	159.442566
-1.712047	-0.697030	158.451589
-2.495915	-1.493376	157.851196
-3.277273	-2.497641	157.985824
2.221501	-3.097169	158.780086
1.433022	-2.970203	159.769833
0.644563	-2.175487	160.370551
-0.140810	-1.189509	160.231503
-0.933635	-0.598219	159.430047
-1.717029	-0.752624	158.445957
-2.506206	-1.555366	157.851807
-3.280010	-2.542209	157.995121
2.215418	-3.139861	158.788965
1.426931	-2.994817	159.781319
0.641139	-2.199200	160.380889
-0.145539	-1.218827	160.236496
-0.931822	-0.619205	159.428197
-1.718961	-0.764678	158.443016
-2.500522	-1.562098	157.846375
-3.286156	-2.566420	157.987813
2.216201	-3.157978	158.780325
1.431323	-3.016800	159.766854
0.651970	-2.219562	160.370222
-0.132050	-1.226274	160.236317
-0.914089	-0.612450	159.439702
-1.694853	-0.739899	158.452820
-2.480421	-1.514530	157.846457
-3.263825	-2.514381	157.968172
2.232490	-3.134694	158.758383
1.445857	-3.018138	159.750489
0.661818	-2.233065	160.363642
-0.123882	-1.234181	160.239511
-0.907106	-0.618326	159.451169
-1.691137	-0.738471	158.458091
-2.477490	-1.516675	157.845273
-3.264907	-2.512703	157.964951
2.235753	-3.125710	158.756103
1.448954	-3.004525	159.750225
0.663874	-2.224945	160.362951
-0.120586	-1.238514	160.241953
-0.904356	-0.626734	159.454520
-1.692881	-0.745101	158.461236
-2.475940	-1.531901	157.851220
-3.261588	-2.523873	157.972428
2.233479	-3.137695	158.759852
1.448690	-3.015175	159.755139
0.663084	-2.229720	160.373295
-0.125281	-1.234821	160.250376
-0.908809	-0.623755	159.462086
-1.695521	-0.745516	158.466817
-2.477570	-1.531527	157.851049
-3.258949	-2.513953	157.973097
2.234331	-3.132700	158.762810
1.452118	-3.016620	159.753961
0.670063	-2.231100	160.368109
-0.111173	-1.241302	160.254743
-0.894569	-0.619265	159.474661
-1.685390	-0.732238	158.475302
-2.469884	-1.513291	157.855097
-3.258428	-2.511568	157.968649
2.240102	-3.128925	158.751618
1.449825	-3.009415	159.748516
0.668201	-2.222588	160.363885
-0.119331	-1.228024	160.245603
-0.906999	-0.612251	159.455526
-1.692095	-0.733001	158.462501
-2.477774	-1.519331	157.847326
-3.263879	-2.515736	157.967189
2.231503	-3.122860	158.753808
1.444640	-2.999409	159.742783
0.656684	-2.204235	160.355402
-0.130094	-1.205329	160.232491
-0.914380	-0.596715	159.439272
-1.699838	-0.729598	158.450744
-2.488396	-1.523782	157.839694
-3.274167	-2.520250	157.966227
2.220329	-3.128701	158.764267
1.431351	-2.989653	159.759795
0.641607	-2.188687	160.362031
-0.140243	-1.201992	160.220395
-0.925849	-0.596863	159.422772
-1.714506	-0.740610	158.433254
-2.505575	-1.541269	157.835930
-3.287308	-2.528768	157.984115
2.207559	-3.127289	158.789163
1.419156	-2.975940	159.782944
0.637375	-2.176446	160.374433
-0.147263	-1.186973	160.228221
-0.928018	-0.589935	159.426907
-1.715050	-0.729558	158.436751
-2.498637	-1.529936	157.839919
-3.285508	-2.514782	157.979733
2.211569	-3.107441	158.777709
1.429480	-2.964441	159.768252
0.642237	-2.166248	160.371839
-0.148168	-1.172512	160.227690
-0.929315	-0.576496	159.428315
-1.714459	-0.718959	158.439716
-2.496902	-1.518344	157.840509
-3.285156	-2.509770	157.984368
2.213508	-3.105564	158.785930
1.430062	-2.962097	159.773660
0.649128	-2.165393	160.373743
-0.133607	-1.178870	160.238665
-0.917913	-0.571846	159.443079
-1.709857	-0.705328	158.448650
-2.496444	-1.510877	157.848808
-3.279918	-2.499538	157.986700
2.215715	-3.107341	158.788113
1.428894	-2.963616	159.776617
0.643809	-2.164056	160.377753
-0.140698	-1.171102	160.234219
-0.925664	-0.569460	159.436401
-1.704519	-0.703774	158.448100
-2.485090	-1.485598	157.839631
-3.271739	-2.483045	157.971596
2.227750	-3.087735	158.764380
1.445781	-2.969939	159.761888
0.663186	-2.176013	160.373240
-0.122654	-1.178628	160.250523
-0.905210	-0.567124	159.465116
-1.691046	-0.685629	158.472836
-2.476995	-1.473254	157.852847
-3.264337	-2.462402	157.973128
2.234626	-3.075209	158.761525
1.444983	-2.942296	159.749489
0.659130	-2.153234	160.362067
-0.127849	-1.162367	160.235284
-0.910942	-0.554352	159.445514
-1.698254	-0.680951	158.450273
-2.486866	-1.483656	157.842526
-3.275628	-2.479527	157.974777
2.224735	-3.089708	158.767975
1.441803	-2.957728	159.758977
0.656200	-2.161361	160.369285
-0.128826	-1.167982	160.239452
-0.916463	-0.557797	159.445580
-1.704529	-0.680335	158.449767
-2.489306	-1.483956	157.848800
-3.275882	-2.471398	157.979134
2.220615	-3.082184	158.776480
1.435130	-2.940903	159.760223
0.650046	-2.148548	160.366357
-0.139636	-1.154520	160.228291
-0.923657	-0.554848	159.434701
-1.703417	-0.687305	158.447907
-2.495066	-1.486094	157.839831
-3.279286	-2.481560	157.977792
2.221258	-3.075912	158.773605
1.440642	-2.939165	159.758492
0.652207	-2.144253	160.369474
-0.134705	-1.153049	160.235874
-0.924452	-0.548492	159.436328
-1.704567	-0.685939	158.449228
-2.488310	-1.478698	157.844232
-3.273086	-2.465732	157.978988
2.223753	-3.078854	158.773554
1.441602	-2.950484	159.760121
0.658912	-2.160726	160.368851
-0.127814	-1.170475	160.239974
-0.915221	-0.563078	159.446303
-1.701499	-0.683889	158.449116
-2.488639	-1.477375	157.841437
-3.276235	-2.487984	157.973378
2.222358	-3.078257	158.763440
1.434802	-2.938036	159.753700
0.652957	-2.142309	160.359362
-0.130598	-1.146027	160.231360
-0.917493	-0.529507	159.432297
-1.700555	-0.656341	158.442711
-2.487354	-1.449846	157.829865
-3.276962	-2.466675	157.963684
2.221179	-3.050343	158.754000
1.437769	-2.918493	159.742432
0.659298	-2.129180	160.349430
-0.126302	-1.132259	160.224459
-0.915050	-0.525535	159.436798
-1.701008	-0.658425	158.444600
-2.484750	-1.451788	157.836057
-3.272956	-2.417738	157.968793
2.224067	-3.015179	158.763021
1.435879	-2.880102	159.758945
0.648630	-2.083228	160.363814
-0.137931	-1.100403	160.225334
-0.925367	-0.494165	159.423615
-1.711346	-0.629936	158.433529
-2.495195	-1.427551	157.833664
-3.279317	-2.404821	157.975646
2.216789	-3.006999	158.773662
1.428647	-2.861825	159.769862
0.645813	-2.068673	160.368232
-0.140185	-1.080470	160.229019
-0.926556	-0.483834	159.432754
-1.712868	-0.622433	158.439254
-2.493465	-1.421323	157.837421
-3.278344	-2.418295	157.975726
2.217638	-3.024501	158.773557
1.428562	-2.884697	159.763691
0.646950	-2.085589	160.363776
-0.140612	-1.094592	160.224841
-0.924968	-0.495289	159.426197
-1.708713	-0.632420	158.432426
-2.492962	-1.429150	157.831996
-3.275019	-2.418638	157.969544
2.225826	-3.020531	158.758341
1.444032	-2.891425	159.747636
0.659161	-2.097508	160.362120
-0.119982	-1.112459	160.238817
-0.908022	-0.499310	159.450138
-1.693514	-0.624483	158.453428
-2.477184	-1.418797	157.831329
-3.261739	-2.404879	157.952207
2.234827	-3.028388	158.741918
1.444295	-2.907399	159.737457
0.658259	-2.116211	160.349378
-0.127801	-1.124329	160.223715
-0.913674	-0.513389	159.426294
-1.691468	-0.639943	158.439536
-2.475941	-1.425418	157.823252
-3.268046	-2.415401	157.948463
2.231253	-3.017066	158.735778
1.446881	-2.898860	159.721669
0.660104	-2.103714	160.338411
-0.122833	-1.113256	160.215836
-0.909573	-0.501266	159.427406
-1.694473	-0.628278	158.433605
-2.481700	-1.415259	157.818255
-3.264425	-2.414836	157.942391
2.234767	-3.023095	158.728433
1.445464	-2.900168	159.727828
0.659996	-2.106299	160.343492
-0.129103	-1.117265	160.215230
-0.915896	-0.510268	159.421929
-1.697906	-0.640076	158.436590
-2.479594	-1.426240	157.827655
-3.270830	-2.422922	157.953130
2.226727	-3.036789	158.746405
1.440742	-2.905924	159.734122
0.661042	-2.119844	160.342899
-0.126523	-1.126226	160.218590
-0.912459	-0.519652	159.431129
-1.695376	-0.646727	158.439943
-2.481504	-1.444409	157.830070
-3.266688	-2.442511	157.962079
2.229478	-3.056752	158.751916
1.445115	-2.934317	159.743220
0.659266	-2.147613	160.357002
-0.124320	-1.156387	160.229887
-0.915376	-0.540733	159.438586
-1.703837	-0.668900	158.445329
-2.487105	-1.463185	157.836278
-3.270529	-2.456247	157.970095
2.225122	-3.062036	158.759803
1.443216	-2.936155	159.752615
0.659104	-2.147824	160.364655
-0.121754	-1.154382	160.239879
-0.906534	-0.542297	159.455849
-1.690388	-0.668620	158.468042
-2.479363	-1.461771	157.851501
-3.267004	-2.452979	157.970671
2.233300	-3.072371	158.763641
1.448940	-2.961003	159.756201
0.662853	-2.168445	160.370921
-0.126283	-1.173252	160.246292
-0.913132	-0.560920	159.449614
-1.700068	-0.685143	158.456771
-2.486044	-1.482747	157.848589
-3.267995	-2.473178	157.973380
2.230538	-3.079656	158.766188
1.443439	-2.955090	159.762570
0.657219	-2.163356	160.375946
-0.125899	-1.170138	160.248735
-0.914925	-0.554555	159.454742
-1.694165	-0.681972	158.466149
-2.478184	-1.472233	157.848628
-3.267142	-2.467961	157.968887
2.233903	-3.080062	158.756946
1.445191	-2.955418	159.753392
0.657270	-2.165986	160.368606
-0.131908	-1.170706	160.240376
-0.919505	-0.563881	159.443235
-1.705964	-0.697799	158.449786
-2.490630	-1.491435	157.844797
-3.276576	-2.477521	157.978464
2.220006	-3.084558	158.777101
1.430106	-2.947378	159.765564
0.640867	-2.146429	160.364959
-0.140704	-1.153264	160.223266
-0.925471	-0.551462	159.425985
-1.707075	-0.689729	158.435821
-2.486486	-1.477135	157.835103
-3.269136	-2.466105	157.964995
2.232986	-3.085082	158.750224
1.446494	-2.955866	159.751822
0.654476	-2.161201	160.366155
-0.132670	-1.172143	160.236014
-0.917524	-0.561817	159.444562
-1.703010	-0.690580	158.457903
-2.493480	-1.497925	157.844107
-3.284395	-2.495283	157.982732
2.213174	-3.081299	158.787827
1.430407	-2.939263	159.777253
0.644929	-2.143724	160.378757
-0.145728	-1.151459	160.233223
-0.927819	-0.555205	159.435258
-1.714574	-0.692719	158.449373
-2.502987	-1.498723	157.849167
-3.291515	-2.491378	157.996266
2.207289	-3.079621	158.805539
1.423953	-2.933407	159.792074
0.637583	-2.130851	160.388963
-0.150030	-1.143558	160.240308
-0.929858	-0.554200	159.438002
-1.715112	-0.697723	158.447993
-2.501284	-1.494918	157.849701
-3.290025	-2.482892	157.992637
2.203900	-3.079576	158.794356
1.420988	-2.930419	159.780339
0.636912	-2.129088	160.373662
-0.148911	-1.139526	160.223968
-0.929668	-0.540017	159.418758
-1.716438	-0.687684	158.429927
-2.494114	-1.484375	157.832157
-3.279647	-2.473723	157.970977
2.219785	-3.075792	158.776241
1.432213	-2.937164	159.767963
0.642346	-2.138051	160.374823
-0.141699	-1.149491	160.232576
-0.925044	-0.551321	159.430857
-1.714508	-0.693921	158.437283
-2.499375	-1.493266	157.838098
-3.286279	-2.479961	157.982533
2.216919	-3.068105	158.779126
1.425399	-2.928576	159.770788
0.638321	-2.127212	160.370140
-0.144341	-1.137293	160.223522
-0.933168	-0.539258	159.415291
-1.715256	-0.680326	158.429411
-2.501273	-1.486561	157.829244
-3.289313	-2.475843	157.974133
2.205260	-3.066601	158.783046
1.417074	-2.918238	159.770302
0.634088	-2.113304	160.362442
-0.153218	-1.122399	160.212104
-0.937242	-0.527769	159.410642
-1.722608	-0.685307	158.422693
-2.508382	-1.488485	157.831145
-3.294088	-2.477712	157.983773
2.205306	-3.078383	158.785800
1.422133	-2.922005	159.776987
0.640999	-2.118097	160.370223
-0.140254	-1.133253	160.229840
-0.926977	-0.524045	159.436665
-1.711964	-0.663710	158.449395
-2.498437	-1.459372	157.850175
-3.278670	-2.437065	157.988401
2.215297	-3.034981	158.793474
1.434490	-2.893916	159.777496
0.647654	-2.097148	160.377730
-0.135610	-1.107130	160.238472
-0.922364	-0.499721	159.443364
-1.701775	-0.633290	158.458049
-2.485766	-1.426199	157.847508
-3.271662	-2.427887	157.979163
2.224447	-3.041685	158.771742
1.437585	-2.907371	159.758999
0.647788	-2.109487	160.367437
-0.136898	-1.121760	160.230482
-0.924799	-0.517410	159.430188
-1.709551	-0.655372	158.441471
-2.491434	-1.450423	157.839456
-3.278557	-2.438930	157.972476
2.218345	-3.043782	158.771013
1.431941	-2.909177	159.757469
0.646023	-2.113085	160.358702
-0.132464	-1.123023	160.221013
-0.915021	-0.515439	159.428127
-1.700651	-0.643988	158.434320
-2.482509	-1.436814	157.823626
-3.269546	-2.429643	157.952271
2.226564	-3.040540	158.741965
1.438126	-2.910779	159.728708
0.655514	-2.115574	160.334613
-0.130624	-1.127501	160.204239
-0.916092	-0.521926	159.407053
-1.705627	-0.656244	158.415124
-2.490287	-1.448838	157.812449
-3.277663	-2.440006	157.946462
2.214996	-3.047826	158.746971
1.425574	-2.903673	159.738226
0.643241	-2.102615	160.336251
-0.137424	-1.115743	160.199200
-0.921064	-0.513363	159.405146
-1.707783	-0.652134	158.413576
-2.492961	-1.454619	157.811567
-3.273837	-2.443510	157.945435
2.224110	-3.056784	158.741159
1.439594	-2.923247	159.735672
0.652577	-2.125449	160.340498
-0.133314	-1.136708	160.208899
-0.915256	-0.529175	159.414759
-1.699468	-0.658956	158.422038
-2.482776	-1.451347	157.811434
-3.268259	-2.443439	157.938038
2.231665	-3.056168	158.728240
1.447761	-2.937820	159.728516
0.661548	-2.146590	160.341947
-0.124055	-1.153654	160.219009
-0.907992	-0.541442	159.435127
-1.694268	-0.667454	158.447774
-2.474634	-1.458971	157.835074
-3.258677	-2.450305	157.953446
2.235314	-3.063623	158.745635
1.447810	-2.936347	159.738721
0.656421	-2.149757	160.355918
-0.128915	-1.162005	160.224255
-0.912265	-0.559116	159.431773
-1.698509	-0.687490	158.438469
-2.480845	-1.473827	157.826970
-3.263313	-2.465583	157.952986
2.232064	-3.083581	158.742988
1.448648	-2.966542	159.738020
0.661123	-2.170366	160.353412
-0.124726	-1.181862	160.227804
-0.912241	-0.569983	159.439855
-1.696833	-0.696580	158.444910
-2.486877	-1.488677	157.833124
-3.266635	-2.474480	157.961464
2.230679	-3.087626	158.749837
1.441808	-2.960575	159.744985
0.656136	-2.166128	160.354826
-0.129274	-1.181450	160.225188
-0.915998	-0.572460	159.429311
-1.699643	-0.699255	158.440594
-2.488098	-1.490300	157.831277
-3.271221	-2.487124	157.962503
2.223151	-3.098524	158.756374
1.439536	-2.966887	159.749854
0.654190	-2.174005	160.356277
-0.133454	-1.175678	160.227685
-0.914868	-0.563899	159.438422
-1.700866	-0.694562	158.446752
-2.484613	-1.498284	157.843479
-3.273892	-2.487478	157.973854
2.229174	-3.106429	158.758055
1.442576	-2.980392	159.753655
0.655457	-2.188225	160.366934
-0.130321	-1.198321	160.237172
-0.919961	-0.581020	159.441380
-1.708087	-0.710762	158.450561
-2.494136	-1.509639	157.846963
-3.275127	-2.500604	157.982888
2.217918	-3.111056	158.780544
1.433553	-2.978914	159.766048
0.646462	-2.180982	160.368748
-0.137337	-1.190253	160.232340
-0.921702	-0.583570	159.435959
-1.707017	-0.718974	158.447918
-2.492993	-1.514262	157.842918
-3.275113	-2.504686	157.980343
2.223748	-3.112016	158.770337
1.445760	-2.974465	159.765800
0.661826	-2.187686	160.378153
-0.128890	-1.196341	160.253771
-0.915488	-0.584969	159.459604
-1.702584	-0.719221	158.464507
-2.485868	-1.509593	157.857129
-3.270051	-2.502817	157.987600
2.227219	-3.108077	158.781951
1.443309	-2.991492	159.767802
0.656448	-2.199506	160.377888
-0.126470	-1.211129	160.251608
-0.910594	-0.597549	159.463511
-1.696612	-0.720660	158.474390
-2.482686	-1.514542	157.856763
-3.271518	-2.510396	157.987512
2.222918	-3.121729	158.782802
1.439438	-2.985387	159.771371
0.651978	-2.190791	160.377793
-0.133223	-1.197413	160.244151
-0.922449	-0.585879	159.448224
-1.707388	-0.723897	158.457808
-2.490210	-1.513701	157.855884
-3.274350	-2.500817	157.986346
2.222486	-3.113303	158.784104
1.435981	-2.979347	159.779725
0.651713	-2.185446	160.383018
-0.133334	-1.194791	160.247457
-0.917601	-0.587387	159.456652
-1.702174	-0.715792	158.470588
-2.482713	-1.508768	157.865702
-3.271783	-2.497781	157.991938
2.222856	-3.109098	158.784330
1.437762	-2.974965	159.779993
0.648321	-2.178405	160.387096
-0.137196	-1.190758	160.251879
-0.920694	-0.588973	159.453264
-1.706230	-0.725302	158.455172
-2.490289	-1.528234	157.855731
-3.281715	-2.521098	157.991806
2.217127	-3.124196	158.788637
1.430065	-2.990534	159.782094
0.648617	-2.195423	160.381481
-0.137160	-1.203134	160.245063
-0.922577	-0.601070	159.444838
-1.709731	-0.735282	158.455041
-2.490508	-1.528376	157.848277
-3.272939	-2.521712	157.986394
2.225574	-3.133186	158.787129
1.445099	-2.997776	159.767224
0.659101	-2.206580	160.378614
-0.123270	-1.214221	160.253735
-0.910307	-0.598416	159.464965
-1.699024	-0.724789	158.473066
-2.483026	-1.511131	157.860422
-3.269993	-2.503734	157.990400
2.222349	-3.118397	158.789850
1.434376	-2.973146	159.774246
0.647853	-2.175651	160.382609
-0.139771	-1.184190	160.246203
-0.918812	-0.583266	159.454664
-1.706041	-0.718536	158.462334
-2.495343	-1.528806	157.861665
-3.276502	-2.512073	157.996842
2.223262	-3.104987	158.792765
1.439911	-2.959354	159.778108
0.655641	-2.167969	160.388583
-0.127995	-1.177652	160.260464
-0.914969	-0.564896	159.466486
-1.703732	-0.696121	158.470979
-2.485000	-1.478972	157.860048
-3.274005	-2.477249	157.985476
2.221210	-3.090926	158.783107
1.437685	-2.947578	159.772171
0.650581	-2.153246	160.377664
